1 20 14216 1 1 1 1 1 1 0 0 1 1 1 1 0 1 1 1 1 1 0 1 
2 20 17577 0 0 1 0 1 1 1 1 1 0 1 0 1 1 1 1 1 1 1 1 
3 20 17732 0 0 1 1 0 1 0 1 0 1 1 1 1 1 1 1 1 1 1 1 
4 20 17955 1 1 1 0 1 0 0 1 1 1 1 1 1 0 1 1 1 1 1 1 
5 20 19153 1 0 1 0 1 1 1 0 1 1 1 1 1 1 0 1 1 1 1 0 
5 20 19153 0 1 1 0 0 1 1 1 1 1 1 1 0 1 0 1 1 1 1 1 
6 20 18639 1 1 1 1 0 1 1 0 1 0 0 1 1 0 1 1 1 1 1 1 
7 20 17517 1 1 0 0 0 1 1 1 1 1 0 1 1 1 1 1 1 1 0 1 
8 20 19246 1 1 1 0 1 1 1 1 1 1 1 1 1 0 1 0 1 1 0 0 
9 20 19337 0 1 1 0 1 1 1 1 0 0 1 1 1 0 1 1 1 1 1 0 
10 20 19075 0 0 0 1 1 0 1 1 1 1 1 1 1 1 1 1 1 1 1 0 
11 20 18260 1 1 1 1 0 1 1 1 1 1 0 1 0 1 1 1 0 1 1 0 
12 20 17604 1 1 1 1 1 1 1 1 1 0 0 1 0 1 0 1 0 1 1 1 
13 20 19951 1 0 0 1 1 1 1 1 1 1 1 0 0 0 1 1 1 0 1 1 
14 20 20808 1 1 1 1 1 0 1 0 0 1 1 1 1 0 1 1 1 1 0 1 
15 20 17069 1 1 1 1 1 0 1 1 1 1 1 1 1 0 1 0 1 0 1 0 
16 20 16109 1 0 1 0 1 1 1 1 1 0 1 1 1 0 1 0 1 1 1 1 
17 20 16105 1 1 1 1 1 1 1 1 1 1 1 0 1 1 0 1 1 0 1 0 
18 20 18565 1 1 1 1 0 0 1 1 1 1 0 1 0 1 1 1 0 1 1 1 
19 20 16955 1 1 1 0 1 0 1 1 1 1 1 1 1 1 1 1 0 0 1 1 
20 20 17788 0 1 0 1 1 1 1 1 1 1 0 1 1 1 1 1 1 1 0 1 
21 20 16942 1 0 1 1 1 1 1 1 0 1 1 1 1 1 0 1 1 0 1 1 
22 20 16351 1 0 1 0 1 0 1 1 1 1 0 1 1 1 1 1 1 1 1 1 
23 20 17502 1 1 1 1 1 0 0 1 1 1 1 1 1 0 0 1 1 1 1 0 
24 20 17746 1 1 1 1 1 1 1 0 0 1 1 0 1 1 1 0 1 1 0 1 
25 20 18397 1 1 0 1 1 0 1 1 1 1 1 1 0 1 0 1 1 1 1 0 
26 20 20511 1 1 1 1 0 1 0 1 1 1 1 0 0 1 1 1 0 1 1 1 
27 20 15783 1 0 1 1 1 1 1 0 1 1 1 1 1 1 0 0 1 1 1 0 
28 20 19217 0 1 1 1 1 1 1 1 1 1 0 1 0 0 0 1 1 1 1 0 
29 20 20082 1 0 1 1 1 1 0 1 1 1 1 1 1 0 1 0 1 1 1 0 
30 20 18708 1 1 0 1 0 1 1 1 1 1 0 1 0 1 0 1 1 1 1 1 
31 20 17120 1 1 1 1 0 1 1 1 1 1 1 0 1 0 1 1 1 0 1 1 
32 20 15384 1 1 1 1 1 1 1 1 1 1 1 0 1 0 1 0 0 1 1 1 
33 20 19894 1 1 1 1 1 0 0 1 1 1 0 1 1 0 1 1 1 1 0 1 
33 20 19894 1 1 0 1 1 0 1 1 0 1 0 1 1 0 1 1 1 1 1 1 
34 20 18354 1 1 1 1 0 1 1 1 0 1 0 0 1 1 1 1 1 1 0 1 
35 20 16359 1 1 1 1 1 1 0 1 1 0 1 1 0 1 1 1 1 1 1 0 
36 20 16032 1 0 0 1 0 1 1 1 1 1 0 1 1 1 1 0 1 1 1 1 
37 20 19596 1 0 1 1 1 0 1 1 0 1 0 1 0 1 1 1 1 1 1 1 
38 20 18499 0 1 1 0 0 1 1 1 1 1 0 1 1 1 1 1 1 1 1 0 
39 20 15114 1 1 1 1 1 1 0 1 1 1 1 0 1 1 0 0 1 1 1 1 
40 20 18247 0 1 1 1 0 1 1 1 1 1 0 1 0 1 1 1 1 1 1 0 
41 20 18615 1 1 1 1 1 1 0 1 1 1 1 1 0 0 0 1 1 1 1 0 
42 20 19768 1 1 1 1 1 1 0 1 1 0 1 1 0 1 0 1 0 1 1 1 
43 20 15525 0 1 1 1 1 0 1 1 1 1 1 1 1 0 0 1 1 1 1 0 
43 20 15525 1 0 1 1 1 0 1 0 1 1 1 1 1 0 1 1 1 1 1 0 
44 20 19200 1 1 1 1 1 0 1 1 1 0 1 1 0 1 1 0 0 1 1 1 
45 20 17643 1 1 1 1 1 0 1 0 1 1 1 1 1 1 1 0 1 0 0 1 
46 20 19624 0 1 1 1 1 0 0 1 1 1 1 1 1 0 1 1 1 1 1 0 
47 20 17692 0 1 1 0 0 1 1 1 1 1 1 1 0 1 1 1 1 1 1 1 
48 20 18581 1 1 1 1 1 1 1 1 0 1 0 0 1 1 0 1 1 0 1 1 
49 20 18111 0 1 1 0 1 1 1 1 1 0 1 0 1 1 1 1 1 0 1 1 
50 20 20257 1 1 0 0 1 0 1 0 1 1 1 1 1 1 1 1 1 0 1 1 
51 20 17120 1 0 1 1 1 1 1 1 1 1 1 1 0 1 1 0 1 0 1 0 
51 20 17120 1 0 1 0 1 1 1 0 1 1 1 1 0 1 1 0 1 1 1 1 
52 20 17627 0 1 1 1 1 1 0 1 1 1 1 1 1 1 1 1 1 0 1 0 
53 20 19893 1 0 1 0 1 0 1 1 1 0 1 0 1 1 1 1 1 1 0 1 
54 20 15322 1 1 1 1 1 1 0 0 1 1 1 0 1 0 1 1 0 1 1 1 
55 20 19300 0 0 1 1 0 1 1 1 1 1 1 0 1 1 1 1 1 1 0 1 
56 20 19280 1 1 1 1 1 1 0 0 1 1 1 0 0 1 0 1 1 1 1 1 
57 20 15743 1 1 1 1 1 0 1 0 1 1 0 1 1 1 1 1 0 1 1 1 
58 20 20055 1 0 1 1 1 1 1 1 1 1 0 1 0 1 1 1 1 0 0 1 
59 20 18219 1 0 1 1 1 1 1 1 1 1 0 1 1 1 1 0 1 0 0 1 
60 20 18544 1 0 1 1 1 1 1 1 1 0 0 1 1 1 1 0 1 1 0 1 
61 20 16941 1 1 0 1 1 1 1 1 0 1 0 1 0 0 1 1 1 1 1 1 
62 20 19086 1 0 1 1 0 1 0 1 1 1 1 0 0 1 1 1 1 1 1 0 
62 20 19086 1 1 1 1 0 0 1 0 1 1 1 0 1 1 1 1 0 1 0 1 
62 20 19086 1 1 1 1 0 1 0 0 1 1 1 0 1 1 1 1 0 0 1 1 
63 20 17580 1 1 1 1 1 1 1 1 0 0 0 1 1 1 0 1 1 1 1 0 
63 20 17580 1 0 1 1 1 0 0 1 1 1 1 1 1 1 0 0 1 1 1 1 
64 20 16315 1 0 1 1 1 1 1 1 0 0 0 1 1 1 1 1 1 1 1 1 
65 20 19217 1 1 1 1 0 0 1 0 0 1 1 1 1 1 1 1 1 0 1 1 
66 20 17210 0 1 1 1 1 1 1 0 0 1 1 1 1 0 1 0 1 1 1 1 
67 20 16847 1 1 1 1 0 1 0 0 1 1 0 1 1 0 1 1 1 1 1 1 
68 20 17607 1 1 1 1 0 1 1 1 0 0 1 1 1 1 0 1 1 1 0 1 
69 20 14952 1 1 1 0 1 1 1 0 1 1 1 1 1 0 1 1 0 1 1 0 
70 20 19274 1 0 1 1 0 1 0 1 1 0 1 1 1 1 1 1 1 1 0 1 
71 20 17500 0 1 0 1 0 1 1 1 1 1 1 0 0 1 1 1 1 1 1 1 
72 20 16034 0 1 1 1 1 1 0 1 1 1 0 1 1 1 1 0 1 0 1 1 
72 20 16034 0 0 1 1 1 1 0 1 0 1 1 1 1 1 1 1 0 1 1 1 
73 20 18663 1 0 1 1 0 0 1 0 1 1 1 1 1 0 1 1 1 1 1 1 
74 20 20118 0 1 0 1 1 1 1 1 1 0 1 1 0 1 1 0 1 1 1 1 
74 20 20118 0 1 1 0 0 1 0 1 1 1 1 1 0 1 1 1 1 1 1 1 
75 20 19147 1 0 1 1 1 1 1 1 0 1 1 1 1 1 0 0 1 1 0 1 
76 20 14031 0 1 1 1 1 1 1 0 1 1 1 1 0 1 1 0 1 1 1 1 
77 20 19763 1 1 1 1 0 1 0 1 1 0 1 1 1 1 1 1 0 0 1 1 
78 20 16363 1 1 0 1 1 1 1 1 1 1 0 0 1 1 1 1 1 1 0 1 
79 20 16378 0 1 1 1 1 1 1 1 0 1 1 1 1 1 1 1 0 0 0 1 
80 20 18280 1 0 1 0 1 0 1 1 1 1 1 1 0 1 1 1 1 0 1 1 
81 20 17292 1 0 1 0 1 0 0 1 1 1 1 1 1 1 1 1 1 1 1 1 
82 20 18709 0 0 1 1 1 1 1 0 0 1 1 1 1 1 1 1 0 1 1 1 
83 20 18914 1 1 1 1 0 1 0 0 1 0 1 1 1 1 0 1 1 1 1 1 
84 20 16351 1 0 1 1 0 1 1 0 1 1 1 0 1 1 1 0 1 1 1 1 
85 20 20814 1 0 1 0 1 0 1 1 1 1 1 0 1 1 1 0 1 1 1 1 
86 20 17089 1 1 1 1 1 1 1 1 0 1 0 1 1 1 0 1 0 1 1 1 
87 20 17501 1 1 1 1 1 1 0 1 1 0 0 1 1 1 1 0 1 1 1 1 
88 20 17373 1 1 0 1 0 1 1 1 1 1 0 1 1 0 1 1 1 1 1 1 
89 20 16146 1 1 1 1 1 0 0 1 1 1 1 1 0 0 1 1 1 1 0 1 
90 20 16123 0 0 1 1 1 1 1 0 1 1 1 1 1 0 1 1 1 0 1 1 
91 20 18078 0 0 1 1 0 1 1 1 1 1 1 1 0 1 1 1 0 1 1 1 
92 20 19459 1 1 1 1 0 1 1 0 0 1 1 1 1 1 1 0 1 1 1 0 
92 20 19459 1 0 1 1 0 1 1 0 0 1 1 1 1 1 1 1 1 1 1 0 
93 20 16488 1 1 1 0 1 1 1 1 0 1 1 1 1 1 1 1 0 1 0 1 
94 20 17105 0 1 1 1 1 0 1 1 1 0 1 0 1 1 1 1 1 1 1 1 
95 20 17243 1 0 1 0 1 1 1 1 0 1 1 0 1 1 1 1 1 1 1 0 
96 20 16188 1 1 1 1 1 1 1 0 1 1 1 0 0 1 1 0 0 1 1 1 
97 20 15212 1 1 1 1 1 0 1 0 1 1 0 1 0 1 1 1 0 1 1 1 
98 20 19277 1 0 1 1 1 1 1 0 1 1 1 1 0 1 1 1 0 1 1 0 
99 20 18137 0 1 1 1 0 1 1 1 0 1 1 1 1 1 1 1 1 0 1 0 
100 20 18640 1 0 0 0 1 1 1 1 1 1 1 1 1 1 1 1 1 0 1 0 
101 20 18950 1 1 1 1 1 0 0 0 1 1 1 1 1 1 1 0 1 1 0 0 
101 20 18950 1 1 0 0 1 0 0 1 1 1 1 1 0 1 1 1 1 1 0 1 
102 20 17638 0 1 1 1 0 1 1 0 1 1 1 1 1 1 1 1 0 1 0 1 
103 20 18760 1 0 0 1 1 0 0 0 1 1 1 1 1 1 1 1 1 1 0 1 
104 20 18762 1 1 1 1 1 1 1 1 1 0 1 1 0 0 0 0 1 1 1 1 
105 20 18306 1 1 1 1 1 1 0 1 0 0 1 1 1 1 1 1 1 1 0 0 
106 20 18372 0 1 1 1 1 1 1 0 1 1 1 1 0 0 1 1 0 1 1 1 
107 20 16545 0 0 1 1 1 0 1 1 1 1 1 1 1 1 1 1 0 1 0 1 
108 20 18053 1 1 1 1 1 1 0 0 0 1 1 1 1 0 1 1 1 1 0 1 
109 20 14741 1 1 1 1 0 1 1 1 1 0 1 0 1 0 1 1 1 1 1 1 
110 20 16221 1 0 0 1 1 1 0 1 1 1 1 1 1 1 1 1 1 1 1 0 
111 20 15863 1 1 1 1 0 1 1 1 0 0 1 1 0 0 1 1 1 1 1 1 
112 20 18426 1 1 1 1 1 1 1 1 0 1 1 0 1 1 0 1 1 0 1 0 
113 20 18329 1 1 0 1 0 1 1 1 1 1 1 1 1 1 0 0 1 0 1 1 
114 20 16671 1 1 1 0 1 1 0 1 0 1 0 1 1 1 1 1 1 1 0 1 
115 20 19527 0 1 1 1 1 1 1 1 0 1 1 0 1 0 1 1 1 0 0 1 
116 20 17766 1 1 1 1 0 0 1 1 1 1 1 1 1 1 1 1 1 0 0 1 
117 20 17900 1 1 0 0 1 1 1 1 1 1 0 1 1 1 1 0 1 1 0 1 
117 20 17900 0 1 0 1 1 1 1 0 1 1 1 1 0 1 1 1 1 1 0 1 
118 20 17511 1 1 0 1 1 1 1 1 0 0 1 1 1 1 1 1 0 1 0 1 
119 20 17642 1 1 0 1 1 1 0 0 1 1 0 1 1 1 1 1 1 1 1 1 
120 20 19730 1 1 1 1 1 1 0 1 1 0 1 0 1 1 0 0 1 1 1 1 
120 20 19730 1 0 1 1 1 1 0 0 1 0 1 1 1 1 1 0 1 1 1 1 
121 20 15045 0 1 1 0 1 1 0 1 1 1 1 1 1 1 0 1 1 1 1 1 
122 20 18111 1 1 1 0 1 1 0 1 1 1 1 0 0 1 1 1 1 1 0 1 
123 20 19040 1 1 0 1 1 1 1 0 1 1 0 1 0 1 0 1 1 1 1 1 
124 20 16878 1 0 1 1 1 0 1 1 1 1 1 1 0 1 0 1 1 0 1 1 
125 20 17393 1 1 1 0 1 1 1 1 0 1 0 0 1 1 1 1 1 1 1 0 
126 20 19067 1 1 1 1 0 1 0 1 0 1 1 1 1 1 1 0 0 1 1 1 
127 20 14112 1 0 0 0 1 1 1 1 1 1 0 1 1 1 1 1 1 1 1 0 
127 20 14112 1 0 0 1 1 1 1 1 0 0 1 1 1 0 1 1 1 1 1 1 
127 20 14112 0 0 1 0 1 1 1 0 1 1 0 1 1 1 1 1 1 1 1 1 
128 20 17438 1 1 1 1 1 1 1 1 1 1 1 1 1 0 1 0 0 0 0 1 
128 20 17438 0 1 1 1 1 1 1 1 1 1 1 0 1 0 1 0 1 1 0 1 
129 20 16212 1 1 1 1 1 0 1 0 1 1 1 1 1 1 0 1 1 1 0 1 
130 20 17622 0 0 1 1 1 1 1 1 1 1 1 1 1 1 0 1 0 1 1 0 
131 20 21580 0 0 1 1 1 1 1 0 1 0 1 1 1 1 1 1 0 1 1 1 
132 20 17126 1 1 1 1 0 1 1 0 1 0 0 1 1 1 1 1 1 1 1 1 
133 20 19196 0 1 1 1 0 1 1 1 1 1 0 1 0 0 0 1 1 1 1 1 
134 20 16734 1 0 1 1 1 0 1 0 1 1 1 1 1 1 1 1 1 0 1 0 
135 20 17896 0 1 1 1 1 1 1 1 1 0 1 0 1 1 1 1 1 0 1 1 
136 20 18404 1 1 1 1 0 1 0 1 1 1 1 1 1 1 0 1 1 0 0 1 
137 20 17428 1 1 0 1 1 1 1 1 1 0 1 1 1 1 1 0 1 0 1 0 
138 20 16080 1 1 1 1 0 1 1 1 1 1 0 1 1 1 1 0 1 0 1 0 
139 20 18581 1 0 1 1 1 1 0 0 0 1 1 1 1 1 1 1 1 0 1 1 
140 20 18917 0 0 1 1 1 1 1 1 1 1 1 1 1 1 1 1 0 1 1 0 
141 20 18796 1 1 1 1 1 1 0 0 0 1 1 1 0 1 1 1 1 1 1 0 
142 20 19065 0 1 1 1 1 1 0 0 1 1 1 0 1 1 1 0 1 1 1 1 
143 20 17367 1 1 1 0 0 0 1 1 1 1 0 1 1 0 1 1 1 1 1 1 
144 20 16426 1 1 1 1 1 1 1 1 0 0 1 0 1 1 1 1 1 1 0 1 
145 20 17805 1 1 1 1 0 0 1 1 1 1 1 1 1 1 0 0 1 0 1 1 
146 20 18139 0 0 1 1 1 1 0 1 1 1 1 1 0 1 1 1 1 1 0 1 
147 20 16843 0 1 1 0 1 1 1 1 1 1 1 1 0 1 0 1 1 1 1 1 
148 20 19708 1 1 1 1 1 1 1 0 1 1 0 1 1 0 1 1 0 1 0 1 
149 20 21110 0 1 1 1 0 1 1 0 1 1 0 1 1 1 1 0 1 1 0 1 
150 20 18316 1 0 1 0 1 1 0 0 1 1 1 1 1 0 1 1 1 1 1 1 
151 20 18466 0 0 1 1 1 0 1 1 1 1 1 0 1 1 1 1 0 1 1 1 
152 20 17295 1 0 1 0 0 1 1 0 1 0 1 1 1 1 1 1 1 1 1 1 
153 20 16173 1 1 1 1 0 1 0 1 1 1 1 0 1 1 1 0 1 1 1 1 
154 20 15601 0 0 0 1 1 1 1 0 1 1 0 1 1 1 1 1 1 1 1 0 
155 20 18024 1 1 1 1 1 0 0 1 1 1 1 1 1 0 1 1 1 0 1 0 
156 20 17278 1 0 1 0 1 1 1 1 1 0 1 1 0 1 1 1 0 1 1 1 
156 20 17278 0 1 1 0 1 1 1 1 1 0 1 1 1 1 0 0 1 1 1 1 
157 20 17085 1 1 1 0 1 1 0 0 0 0 1 1 1 1 1 1 1 1 1 1 
158 20 17007 0 0 1 1 0 1 1 1 1 1 0 1 1 1 1 1 1 0 1 1 
159 20 18284 0 1 1 1 1 1 1 0 1 1 1 1 0 1 0 1 1 1 1 0 
160 20 21400 1 0 1 1 1 1 1 0 0 0 1 1 1 1 0 1 1 1 1 1 
161 20 14823 1 1 1 0 1 1 1 0 1 1 0 1 1 1 1 1 1 0 1 1 
162 20 15507 1 1 1 0 1 1 1 1 0 0 1 1 1 0 1 1 1 1 1 1 
163 20 16637 1 1 1 1 1 1 0 0 1 1 1 1 0 1 1 1 0 1 1 0 
164 20 19424 0 1 1 1 1 1 1 0 0 1 0 1 0 1 0 1 1 1 1 1 
165 20 15437 1 1 1 1 1 1 1 0 1 0 1 1 1 1 1 1 0 1 0 1 
165 20 15437 1 0 1 1 1 1 1 0 1 1 1 1 1 1 1 1 0 1 0 1 
166 20 20274 1 0 0 1 1 0 0 1 1 1 1 1 0 1 1 1 0 1 1 1 
167 20 16532 1 0 1 1 1 0 1 0 1 1 1 1 1 0 0 1 1 1 1 1 
168 20 22195 1 1 0 0 1 0 1 0 1 1 1 1 0 1 1 1 1 1 1 1 
169 20 20135 1 1 0 1 1 0 1 1 1 1 1 1 1 0 0 1 0 1 1 1 
170 20 19925 1 0 1 1 1 1 1 1 1 0 1 1 0 1 1 0 1 1 1 0 
171 20 19811 1 1 0 1 1 1 0 1 1 0 1 1 0 1 1 1 0 0 1 1 
172 20 17848 1 1 1 0 0 1 1 1 1 0 1 1 0 1 1 1 0 1 1 1 
173 20 15920 1 0 1 1 1 0 0 0 1 1 1 1 1 1 1 1 1 0 1 1 
174 20 15812 0 1 0 1 1 1 1 1 1 1 0 1 1 0 0 1 1 1 1 1 
175 20 16373 1 1 1 1 1 1 0 1 1 0 0 1 1 1 1 0 1 1 0 1 
176 20 15533 1 1 0 1 1 1 0 1 1 1 1 1 0 1 1 1 1 1 0 1 
177 20 20886 1 1 1 1 1 1 1 1 0 1 1 0 1 0 1 1 0 0 0 1 
178 20 19684 1 1 1 0 0 1 1 1 1 1 0 1 1 1 1 0 0 1 1 1 
179 20 19591 1 1 0 1 0 1 1 1 1 0 1 0 1 1 1 1 0 1 1 1 
180 20 20081 1 1 1 1 1 1 1 1 0 0 1 0 1 1 1 1 1 0 1 0 
181 20 19375 1 1 0 1 1 1 0 0 1 1 1 0 1 1 1 0 1 1 1 1 
182 20 18840 1 1 1 1 1 0 1 1 1 1 1 1 1 0 1 1 0 0 1 1 
183 20 18233 0 1 0 0 1 1 1 1 1 1 1 1 1 1 0 1 0 1 1 1 
184 20 18526 0 1 1 1 1 1 0 1 1 0 1 1 1 1 1 0 0 1 1 1 
185 20 16423 1 1 1 1 1 0 1 1 0 1 1 1 0 1 0 1 1 1 1 1 
186 20 18284 0 1 1 1 1 0 1 0 1 0 0 1 1 1 1 1 1 1 1 1 
187 20 18480 1 1 1 1 1 1 1 1 1 1 1 0 1 0 0 1 1 0 0 1 
188 20 20115 1 1 1 0 1 1 1 1 1 0 1 0 1 1 1 1 0 1 1 0 
189 20 18340 1 0 1 0 1 0 1 0 1 1 1 1 1 1 0 1 1 1 1 1 
190 20 16969 1 0 1 1 1 1 1 1 1 1 1 1 1 1 0 1 0 0 1 0 
191 20 17216 0 1 1 1 1 0 0 1 1 0 1 1 1 1 1 1 1 0 1 1 
192 20 21368 1 1 1 0 1 0 1 1 1 0 0 1 1 1 0 1 1 1 1 1 
193 20 18008 0 0 1 0 1 1 1 1 1 1 1 0 1 1 1 1 1 1 1 0 
194 20 17106 0 1 0 0 1 1 1 1 1 1 1 1 1 1 1 0 0 1 1 1 
194 20 17106 1 1 0 0 0 1 1 1 1 1 1 1 0 1 1 0 1 1 1 1 
195 20 17592 1 1 0 0 1 1 0 1 1 1 1 0 1 1 1 1 1 1 1 1 
196 20 19010 0 1 0 1 1 1 1 1 0 1 1 1 1 1 1 0 1 0 1 1 
197 20 16314 1 1 1 1 1 1 1 1 1 0 1 0 1 1 1 1 1 0 0 1 
198 20 18679 1 0 1 1 1 1 1 0 1 1 1 1 1 1 0 0 1 1 1 1 
199 20 16124 0 1 1 1 1 1 1 1 1 1 0 1 1 1 0 1 1 0 1 1 
200 20 16010 1 1 1 0 1 1 0 0 1 1 1 1 1 1 1 1 0 1 0 1 
201 20 16996 0 1 1 1 1 1 1 1 1 1 0 0 1 1 1 0 1 1 1 1 
202 20 15626 1 0 0 1 1 1 1 1 1 1 1 0 1 0 1 0 1 1 1 1 
203 20 17201 1 0 1 1 1 1 0 0 0 1 1 1 1 1 1 1 1 1 1 1 
204 20 18588 1 1 1 1 0 1 1 1 0 1 0 1 1 1 0 1 1 1 1 0 
205 20 18342 1 1 1 0 1 1 0 1 1 1 0 0 1 0 1 1 1 1 1 1 
206 20 17992 0 1 1 1 0 1 0 1 1 1 1 1 1 1 1 1 0 0 1 1 
207 20 16914 1 0 1 0 0 1 1 1 1 1 1 1 1 1 1 1 1 1 0 1 
208 20 15791 1 1 1 1 0 1 1 1 1 1 1 1 0 1 0 1 1 1 1 0 
209 20 14603 1 1 1 1 0 1 0 1 1 1 0 1 1 1 1 1 1 0 1 1 
210 20 18680 0 1 1 1 1 0 1 1 1 0 1 1 1 0 1 0 1 1 1 1 
211 20 17414 1 1 1 1 1 0 0 1 1 1 0 1 0 0 1 1 1 1 1 1 
212 20 15867 1 1 1 1 1 0 1 1 0 1 0 0 1 1 1 1 1 1 1 0 
213 20 16851 1 1 1 0 1 1 1 1 0 1 1 1 1 1 0 0 1 1 0 1 
214 20 19258 0 1 1 1 0 1 1 1 1 1 1 1 1 0 1 1 0 1 1 0 
215 20 19209 1 1 0 1 1 1 1 1 0 1 0 1 1 1 1 1 1 0 0 1 
216 20 19535 1 0 1 1 0 1 1 1 1 0 1 1 1 1 0 0 1 1 1 1 
217 20 15748 1 1 1 0 1 1 0 1 1 1 1 1 1 1 1 1 0 1 1 0 
218 20 17848 1 1 0 1 1 1 0 0 1 1 1 1 1 0 1 1 1 1 0 1 
219 20 17758 1 0 1 0 0 1 1 1 1 1 0 1 0 1 1 1 1 1 1 1 
220 20 15444 1 1 1 1 1 1 0 0 1 0 1 1 1 1 1 1 0 1 1 1 
221 20 15488 1 1 1 0 1 1 1 0 0 0 1 1 1 1 1 0 1 1 1 1 
222 20 19793 0 1 1 1 1 1 1 1 0 1 1 1 1 1 1 0 1 1 0 0 
223 20 16778 0 1 1 1 1 1 1 1 0 1 0 1 1 1 1 1 0 1 1 0 
224 20 18390 1 0 0 1 1 1 1 1 0 1 1 1 1 1 1 0 1 1 1 1 
225 20 19193 1 1 0 1 1 0 1 1 1 0 1 0 1 1 1 1 1 0 1 1 
226 20 21471 0 1 1 1 0 0 1 1 1 1 1 1 1 1 0 1 1 1 0 1 
227 20 16301 1 1 1 1 1 1 0 1 0 0 1 0 0 1 1 1 1 1 1 1 
228 20 14068 1 1 1 1 1 0 1 1 1 0 1 0 0 1 1 1 1 1 1 0 
228 20 14068 1 0 1 0 1 1 1 1 1 1 1 0 0 1 1 0 1 1 1 1 
228 20 14068 1 0 0 0 1 1 1 1 1 0 1 1 0 1 1 1 1 1 1 1 
229 20 20092 1 1 0 1 0 1 0 1 1 1 1 1 1 1 1 0 1 1 1 0 
229 20 20092 1 1 1 1 0 1 0 1 1 1 0 1 0 1 1 1 1 1 1 0 
230 20 17144 1 1 1 1 0 1 1 0 1 1 1 1 1 0 0 1 0 1 1 1 
231 20 16791 1 0 1 1 1 1 0 1 0 1 1 1 1 1 1 1 1 0 1 1 
231 20 16791 1 0 1 1 1 1 0 1 0 1 0 1 1 1 1 1 1 1 1 1 
232 20 18305 1 1 1 1 0 1 0 0 0 1 1 0 1 1 1 1 1 1 1 1 
233 20 16398 1 1 1 1 1 0 1 1 1 1 0 1 1 1 1 0 1 1 1 0 
234 20 18938 1 0 1 1 1 0 1 1 1 0 1 1 0 1 1 1 1 1 0 1 
235 20 17848 1 1 1 1 1 0 1 1 1 0 1 0 0 1 1 1 1 1 1 0 
236 20 17581 1 1 1 1 1 0 0 1 1 1 0 0 1 1 1 1 1 1 1 1 
237 20 17997 1 0 1 0 1 1 1 1 1 1 1 0 1 1 0 1 1 1 0 1 
238 20 19256 1 1 0 1 0 1 1 1 1 1 1 1 0 1 1 0 1 1 0 1 
239 20 20062 1 1 1 1 1 1 1 0 0 0 1 1 1 1 1 0 0 0 1 1 
240 20 19443 1 1 1 1 0 1 0 1 1 1 1 0 1 1 0 1 0 1 1 1 
240 20 19443 1 0 1 0 1 1 0 1 1 1 1 0 1 1 1 0 1 1 1 1 
241 20 16113 1 1 1 1 0 1 0 1 1 1 1 1 1 1 1 1 0 1 0 0 
242 20 21998 1 1 1 0 1 1 1 1 1 1 1 1 1 1 1 1 0 0 0 0 
243 20 18533 1 1 1 0 0 1 1 1 1 1 1 1 1 1 1 0 1 0 1 1 
244 20 13595 1 1 1 1 1 0 1 1 1 1 0 1 1 0 1 1 1 1 1 1 
245 20 16436 1 1 0 1 1 1 1 1 1 1 0 0 1 1 1 1 1 1 0 1 
246 20 19804 1 1 1 0 1 1 0 1 1 0 1 1 1 1 0 1 0 1 1 1 
247 20 19665 1 1 0 1 1 0 1 1 1 1 0 1 1 1 1 0 1 0 1 1 
248 20 15263 1 1 0 1 1 0 0 1 1 0 1 1 1 1 1 1 1 1 1 0 
249 20 19640 0 1 1 1 0 0 0 1 1 1 1 1 1 1 1 1 1 1 0 1 
250 20 19263 1 0 0 1 1 1 1 1 0 1 1 1 0 1 1 1 0 1 1 0 
251 20 15304 1 1 1 0 1 1 1 1 0 1 0 0 1 0 1 1 1 1 1 1 
252 20 17895 1 0 1 1 0 1 1 1 1 1 0 1 1 0 1 1 1 0 1 1 
253 20 16109 0 1 1 0 0 1 0 1 1 1 1 1 1 1 1 1 1 1 1 1 
254 20 16287 1 1 0 1 1 1 1 0 1 1 1 0 1 1 1 1 1 1 0 1 
255 20 20382 1 1 1 1 1 1 1 0 1 0 0 1 1 1 1 0 1 1 1 0 
255 20 20382 1 1 1 1 1 1 1 0 0 0 0 1 1 1 1 0 1 1 1 1 
256 20 16875 1 1 1 1 1 1 1 0 1 1 1 1 0 1 0 1 1 0 1 1 
257 20 17528 1 1 1 1 0 1 1 0 1 0 1 1 1 1 1 0 1 1 0 1 
258 20 17704 1 1 0 1 1 1 0 1 1 1 0 1 1 1 1 0 1 0 1 1 
259 20 18602 0 1 1 1 1 1 1 1 1 0 1 1 1 0 0 0 1 1 1 1 
260 20 16969 1 1 1 0 1 1 0 0 1 1 0 1 1 0 1 1 1 1 1 1 
261 20 18876 0 1 1 1 1 0 1 1 0 1 0 1 1 0 0 1 1 1 1 1 
262 20 14071 1 0 1 1 1 1 0 1 1 1 1 0 1 0 1 1 1 1 1 1 
263 20 16993 1 0 1 1 1 1 0 1 1 1 1 1 1 1 1 0 1 1 0 1 
264 20 18647 1 1 0 1 1 0 1 1 1 1 1 0 0 0 1 1 1 1 1 1 
265 20 18694 1 0 0 1 1 1 1 1 0 1 1 0 1 1 1 1 1 1 1 0 
266 20 17911 1 1 1 1 1 1 1 1 1 1 1 1 0 0 1 0 1 0 1 1 
267 20 20259 1 0 1 0 1 1 1 1 1 0 1 1 1 1 0 1 1 0 1 0 
268 20 16692 1 1 1 1 1 0 0 1 1 0 0 1 0 1 1 1 1 1 1 1 
269 20 15868 1 1 0 1 1 1 1 0 1 1 1 1 1 1 1 0 0 1 1 0 
270 20 18511 1 1 0 1 1 1 1 1 0 1 1 0 1 1 1 1 0 0 1 1 
271 20 15521 1 1 1 1 1 1 0 1 1 1 1 0 1 0 1 1 1 0 0 1 
272 20 19447 0 0 1 1 1 1 1 0 1 1 0 1 1 1 1 1 1 1 1 0 
273 20 14621 0 1 1 0 1 1 1 0 1 1 1 1 1 1 1 1 1 1 0 1 
274 20 15094 1 1 1 1 0 1 1 0 1 1 0 1 1 0 1 1 1 1 1 1 
275 20 18907 1 1 1 0 1 1 0 1 1 1 1 1 1 0 1 0 1 1 1 0 
276 20 16606 1 1 1 1 1 1 1 1 0 1 1 1 0 1 0 1 1 1 1 0 
277 20 20500 1 1 1 0 0 1 0 1 1 1 0 1 0 1 1 1 1 1 1 1 
278 20 19071 0 1 0 1 1 1 1 1 1 0 0 1 0 0 1 1 1 1 1 1 
279 20 18064 1 0 1 1 1 1 0 0 1 1 0 1 1 1 1 1 1 1 1 0 
280 20 16454 1 0 1 0 0 1 0 1 0 1 1 1 1 1 1 1 1 1 1 1 
281 20 17889 1 0 1 1 1 0 1 1 0 1 1 1 1 1 1 0 1 1 1 1 
282 20 18715 1 1 1 1 1 0 1 1 1 1 1 1 1 0 1 0 1 1 0 1 
283 20 18152 1 1 1 1 1 1 0 1 1 1 1 1 0 0 1 0 0 1 1 1 
284 20 15433 1 1 1 1 1 1 1 1 1 1 0 1 0 0 1 1 1 0 1 1 
285 20 18627 1 1 1 0 1 0 0 1 1 1 0 0 1 1 1 1 1 1 1 1 
286 20 15977 1 1 1 1 0 1 0 1 1 0 1 1 0 1 1 1 1 0 1 1 
287 20 15728 1 0 1 1 0 1 1 0 1 1 1 1 1 1 1 0 1 1 1 1 
288 20 15486 0 0 1 1 1 1 1 1 1 1 1 0 1 1 1 1 1 1 0 1 
288 20 15486 0 0 0 1 1 1 1 1 1 1 1 1 0 1 1 1 1 1 1 1 
289 20 15808 1 1 1 1 1 1 1 1 1 1 1 1 1 1 0 1 0 0 1 0 
290 20 18258 1 0 0 1 1 1 1 1 0 1 1 1 1 1 1 0 0 1 1 1 
291 20 17687 0 0 1 1 0 1 0 1 1 1 1 1 1 1 1 1 1 0 1 1 
292 20 15845 1 0 1 0 1 1 1 1 1 1 1 1 0 1 1 1 1 0 1 1 
293 20 19085 1 1 1 0 1 1 1 0 1 1 1 1 0 1 1 1 1 1 0 0 
294 20 17122 1 0 1 1 0 1 1 1 1 1 1 1 1 1 0 1 1 0 1 1 
295 20 19055 1 1 0 1 1 0 1 1 1 1 0 0 1 1 1 0 1 1 1 1 
296 20 20099 1 1 0 0 1 1 1 1 1 1 0 1 0 1 1 1 1 1 1 0 
297 20 15926 1 0 1 1 1 1 0 1 1 1 0 1 1 0 1 1 1 1 1 0 
298 20 15674 1 1 0 1 1 1 1 1 0 1 1 1 0 1 0 1 1 0 1 1 
298 20 15674 1 1 1 0 1 1 1 1 0 1 1 0 0 1 1 1 1 0 1 1 
299 20 15274 1 0 1 1 1 1 1 0 1 1 1 1 1 0 1 1 1 1 0 1 
300 20 20374 1 1 1 1 1 0 1 1 1 1 1 1 1 0 0 1 1 0 0 1 
301 20 16760 1 1 0 1 1 0 1 1 1 1 0 1 1 1 1 1 0 0 1 1 
302 20 15854 1 1 1 1 1 1 1 0 0 1 1 0 1 1 1 1 1 0 1 0 
303 20 16162 1 1 1 1 1 1 0 1 0 1 1 0 1 1 1 1 1 1 0 1 
304 20 18590 0 1 0 1 1 1 0 1 1 1 0 1 0 0 1 1 1 1 1 1 
305 20 15326 0 1 0 0 1 1 1 0 1 1 1 1 1 1 1 1 1 1 1 1 
306 20 18514 1 1 1 1 1 1 1 1 1 1 1 1 0 0 1 0 1 0 1 1 
307 20 16553 1 1 1 1 1 1 1 1 1 1 1 0 1 0 1 1 0 1 1 0 
308 20 13566 0 1 1 1 1 1 0 1 1 1 1 1 1 1 1 0 1 0 1 1 
309 20 17367 0 0 1 1 1 1 1 1 1 0 1 1 1 1 1 0 1 0 1 1 
310 20 18258 1 0 1 1 1 1 1 0 1 1 1 1 0 1 0 1 0 1 1 1 
311 20 20618 1 1 1 0 0 1 1 0 0 1 1 1 1 1 1 1 1 0 1 1 
312 20 18404 1 0 1 1 1 0 1 1 1 1 1 1 1 0 1 0 1 1 0 1 
313 20 17171 1 1 1 0 1 0 1 0 1 0 1 1 1 0 1 1 1 1 1 1 
313 20 17171 1 0 1 0 1 1 1 0 1 0 1 1 1 0 1 1 1 1 1 1 
314 20 18721 1 1 1 1 0 1 0 1 1 0 0 1 1 0 1 1 1 1 1 1 
315 20 19293 0 1 0 1 1 1 1 1 1 1 0 0 1 1 1 1 0 1 1 1 
316 20 20898 1 1 1 1 1 0 1 1 0 1 1 1 0 1 1 1 0 1 0 1 
317 20 19011 1 1 1 1 0 1 1 0 1 0 1 1 1 0 1 0 1 1 1 1 
318 20 17646 0 1 0 0 1 1 1 1 0 1 1 1 1 0 1 1 1 1 1 1 
319 20 16947 0 1 0 1 1 1 1 0 1 1 1 1 1 1 0 1 0 1 1 1 
320 20 17251 1 1 1 1 1 1 0 1 1 1 1 0 0 1 1 1 1 0 0 1 
321 20 15843 1 1 1 1 1 1 1 1 1 1 0 1 0 1 0 0 1 1 1 1 
322 20 14958 0 1 1 1 1 1 1 1 0 1 0 1 1 0 1 1 1 1 1 1 
323 20 18124 1 0 1 1 1 1 1 0 1 0 1 1 1 1 0 0 1 1 1 1 
324 20 19360 1 1 1 1 0 0 1 0 1 0 1 1 1 1 1 1 1 1 1 0 
325 20 15086 1 1 1 1 1 0 1 1 0 0 1 1 0 1 0 1 1 1 1 1 
326 20 20633 1 1 0 1 1 0 1 0 1 0 1 1 1 1 1 1 1 1 1 0 
327 20 19271 1 1 1 1 0 1 1 0 0 1 1 1 1 1 0 1 1 0 1 1 
328 20 18587 1 1 0 0 1 1 1 1 1 1 1 1 1 1 1 1 0 0 1 1 
329 20 16077 1 1 0 1 1 0 1 1 1 0 0 1 1 1 1 1 1 0 1 1 
330 20 18685 0 1 1 1 1 1 0 1 1 0 1 1 1 1 1 1 1 1 0 1 
331 20 20387 1 1 1 1 1 0 1 0 0 1 1 1 1 1 0 0 1 1 1 1 
332 20 17603 1 0 1 1 1 1 1 1 1 1 0 1 0 1 1 1 0 1 1 0 
333 20 19194 1 1 0 1 0 0 1 1 1 1 1 1 0 1 1 0 1 0 1 1 
334 20 16423 1 1 1 1 1 1 1 1 0 0 0 1 0 1 1 0 1 1 1 1 
335 20 16196 1 1 0 1 0 1 1 0 1 1 1 0 1 1 1 1 1 1 1 1 
336 20 16833 0 1 1 1 1 1 0 1 1 1 0 1 1 1 1 1 0 1 1 1 
337 20 17797 0 1 1 1 0 1 1 0 1 1 1 1 1 0 0 1 1 1 1 1 
338 20 19145 1 1 1 1 1 1 1 1 1 1 1 0 1 1 1 0 0 0 1 1 
339 20 19213 0 1 1 1 1 1 1 0 1 0 1 1 1 0 1 1 1 0 1 1 
340 20 16073 0 1 0 1 1 1 1 1 0 1 1 1 1 1 1 1 1 1 1 0 
341 20 14470 1 1 1 1 1 0 1 1 1 1 1 1 1 1 0 1 1 0 1 0 
342 20 16580 1 1 1 1 1 1 1 1 0 1 1 1 0 1 1 0 0 1 1 0 
343 20 19905 0 0 1 1 1 0 1 1 0 1 1 1 1 1 1 1 1 1 1 0 
344 20 17006 1 1 1 1 1 1 1 0 1 0 1 0 1 0 1 1 1 1 0 1 
345 20 19084 1 1 1 1 1 1 1 0 1 1 1 1 1 0 0 0 1 1 0 1 
346 20 17737 1 0 0 1 1 1 0 1 1 1 1 1 1 1 1 0 1 0 1 1 
347 20 17189 1 1 0 1 1 1 1 1 0 1 0 0 1 1 1 0 1 1 1 1 
348 20 15501 1 1 0 0 1 1 1 1 1 1 1 1 1 1 1 1 0 1 0 1 
349 20 16407 0 1 0 1 0 1 1 1 1 1 1 1 1 1 1 1 1 1 1 0 
350 20 16280 1 1 1 1 1 1 1 0 0 1 1 1 0 1 1 1 1 1 1 0 
350 20 16280 0 1 1 1 1 1 0 0 0 1 1 1 1 1 1 1 1 1 1 1 
351 20 15403 1 1 0 1 1 1 1 1 1 1 1 0 1 0 1 0 1 1 1 1 
352 20 17178 1 1 1 1 0 0 1 1 1 1 1 0 1 1 1 1 1 0 1 1 
353 20 19833 1 0 1 0 1 1 1 1 1 1 1 0 1 1 0 1 1 1 0 1 
354 20 16588 1 1 1 0 1 1 1 1 1 1 1 1 1 1 1 0 0 1 1 0 
355 20 16867 0 1 1 1 1 1 1 0 1 1 0 1 1 1 1 1 0 1 0 1 
356 20 16316 0 1 1 1 0 1 0 1 0 1 1 1 1 1 0 1 1 1 1 1 
357 20 16482 1 1 1 1 0 1 1 1 1 0 0 0 1 1 1 1 1 1 1 0 
358 20 16097 1 1 1 1 1 1 1 1 1 1 1 0 0 0 1 1 1 1 0 1 
359 20 18517 1 1 1 1 1 1 1 0 0 0 1 1 1 1 1 0 1 0 1 1 
360 20 15455 1 1 1 1 0 1 1 0 1 1 0 1 1 1 1 1 1 1 1 0 
361 20 18742 0 1 1 1 1 1 1 0 1 0 0 1 1 1 1 1 1 0 1 1 
362 20 15342 1 1 1 0 1 1 1 1 1 1 1 1 1 0 1 1 0 1 1 0 
363 20 19579 1 1 1 0 0 1 1 1 1 1 0 1 1 1 0 1 1 1 1 0 
364 20 17980 1 1 1 1 0 1 1 1 1 1 0 1 0 0 1 1 1 1 1 1 
365 20 16576 1 1 0 1 0 1 1 0 1 0 1 1 1 1 1 1 0 1 1 1 
366 20 18389 0 1 1 1 0 1 0 0 1 1 1 1 1 1 1 1 1 0 1 1 
367 20 17828 1 1 1 0 1 0 0 1 1 1 1 0 1 1 0 1 1 1 1 1 
367 20 17828 0 1 1 0 0 1 1 1 1 1 1 0 1 1 0 1 1 1 1 1 
368 20 17271 0 1 1 1 1 0 1 1 1 0 1 1 1 0 1 1 1 1 0 1 
369 20 16524 0 1 1 0 1 1 1 1 1 1 1 1 1 1 1 0 0 1 1 1 
370 20 15806 0 1 0 0 1 1 1 1 1 1 1 1 1 0 1 1 1 1 1 1 
371 20 18797 1 1 0 0 1 1 0 1 1 1 1 1 1 1 1 0 1 1 0 1 
371 20 18797 1 1 0 1 1 1 0 1 1 1 0 1 1 0 1 0 1 1 1 1 
371 20 18797 1 1 0 0 1 1 1 0 1 0 1 1 1 1 1 0 1 1 1 1 
372 20 18066 0 0 1 1 1 1 0 1 0 1 1 1 0 1 1 1 1 1 1 1 
373 20 15574 1 0 1 1 0 0 1 1 1 1 1 1 1 1 0 1 1 1 1 1 
374 20 16215 1 0 1 1 1 1 1 1 1 0 1 1 1 0 1 1 1 0 1 1 
375 20 18820 1 1 1 0 1 1 1 1 1 1 0 1 1 0 0 1 1 1 0 1 
376 20 19768 1 1 1 1 1 1 1 1 0 0 1 1 1 1 0 0 1 0 1 1 
377 20 19066 1 1 0 0 0 1 1 0 1 1 1 1 1 1 0 1 1 1 0 1 
378 20 17241 0 1 1 1 1 1 0 1 0 1 1 1 1 0 1 1 1 1 1 0 
378 20 17241 0 1 1 1 1 0 0 1 0 1 1 1 1 0 1 1 1 1 1 1 
379 20 14353 1 0 1 0 1 1 1 0 1 1 1 0 1 1 1 1 1 1 1 1 
380 20 15495 1 1 0 1 1 0 1 1 0 1 1 1 1 1 1 1 0 1 1 1 
381 20 20004 1 1 0 1 1 1 1 1 0 1 0 1 0 1 1 1 1 0 1 1 
382 20 16633 1 1 1 1 0 1 0 1 0 1 1 1 1 1 0 1 1 1 0 1 
383 20 16279 1 0 1 1 1 1 1 1 1 1 0 1 1 1 0 1 0 1 1 1 
384 20 19007 1 1 1 1 1 1 1 1 1 1 1 1 0 1 1 0 1 0 0 1 
385 20 18852 1 0 1 0 1 1 0 1 1 1 1 1 0 1 1 1 1 0 1 1 
386 20 17309 1 1 1 1 1 0 1 1 0 1 1 0 1 1 0 1 1 1 1 1 
387 20 18775 0 1 0 1 1 0 1 1 1 1 1 1 1 1 1 1 0 1 1 0 
388 20 18579 1 1 1 0 1 0 1 1 1 1 1 0 1 1 1 1 1 1 0 0 
389 20 18394 1 1 1 0 1 1 0 1 1 0 1 0 1 1 1 1 1 1 1 0 
390 20 16618 1 1 1 1 1 1 1 0 1 1 0 1 0 0 1 1 1 1 1 0 
391 20 17102 0 1 0 1 1 0 1 1 1 1 1 1 1 0 0 1 1 1 1 1 
392 20 17964 1 0 1 0 1 1 1 1 1 1 1 0 1 0 1 0 1 1 1 1 
393 20 16996 1 1 1 1 1 1 1 1 1 1 1 0 0 0 1 0 1 1 1 1 
394 20 22877 1 1 0 0 1 1 1 0 1 1 1 1 1 1 1 0 0 1 1 0 
395 20 17911 1 0 1 1 1 1 1 1 1 1 1 1 1 0 1 1 0 0 1 0 
396 20 17380 1 0 1 0 1 1 1 1 0 1 1 1 1 1 1 0 1 0 1 1 
397 20 17474 1 0 1 0 1 0 1 1 1 1 1 1 0 1 1 1 1 1 0 1 
398 20 18122 0 1 1 1 0 0 0 1 1 1 1 1 1 1 1 1 1 1 1 0 
399 20 18625 1 1 1 1 1 1 0 0 1 0 1 1 1 1 1 1 1 0 1 1 
400 20 18009 1 1 1 0 1 1 0 0 1 1 1 1 1 1 1 1 1 0 1 0 
400 20 18009 1 1 1 1 0 1 0 0 1 0 1 1 1 1 1 1 1 1 1 0 
401 20 18273 0 0 0 1 1 1 0 1 1 1 1 1 1 1 1 1 0 1 1 1 
402 20 19037 1 1 1 1 1 0 1 1 1 1 0 1 1 0 1 1 0 0 1 1 
403 20 19802 1 1 1 0 1 1 0 1 1 1 0 1 0 0 1 1 1 1 1 1 
404 20 18249 1 0 1 1 1 1 0 1 1 1 1 1 1 0 1 1 1 0 1 1 
405 20 17036 1 1 0 1 0 1 1 1 0 1 1 0 1 1 1 1 1 1 1 1 
406 20 15847 0 1 0 0 1 1 1 1 1 1 1 1 1 1 1 1 1 0 1 1 
407 20 18671 1 1 1 1 1 1 1 0 1 0 0 1 1 0 1 1 1 1 0 1 
407 20 18671 1 1 0 1 1 1 1 1 0 1 0 0 1 0 1 1 1 1 1 1 
408 20 17386 1 0 1 1 0 1 1 0 1 0 1 1 1 1 1 1 0 1 1 1 
409 20 16289 1 1 1 1 0 0 1 1 1 0 1 1 1 1 1 1 0 1 1 0 
409 20 16289 1 1 1 1 0 1 1 0 1 0 1 1 1 1 0 1 1 1 0 1 
410 20 17288 1 1 1 0 1 1 1 1 1 0 0 1 1 1 1 0 1 1 1 0 
411 20 18779 0 1 1 0 1 1 1 1 1 0 1 1 1 1 1 0 0 1 1 1 
411 20 18779 0 0 1 1 1 1 1 1 1 0 1 1 0 1 1 1 0 1 1 1 
412 20 17766 1 1 1 1 1 0 1 1 0 1 0 0 1 0 1 1 1 1 1 1 
413 20 20241 0 1 1 1 1 1 0 1 1 1 1 0 1 1 1 0 1 1 1 0 
413 20 20241 1 1 1 1 0 1 0 1 0 1 0 1 1 1 1 1 1 1 1 0 
414 20 15480 1 1 0 1 0 1 0 1 1 1 1 1 1 1 1 1 1 1 1 0 
415 20 16964 1 1 1 1 1 0 0 1 1 0 1 1 1 1 1 0 0 1 1 1 
416 20 20278 1 1 1 1 0 1 1 1 1 1 1 1 0 1 0 1 1 0 1 0 
417 20 17929 1 0 0 1 1 0 1 0 0 1 1 1 1 1 1 0 1 1 1 1 
417 20 17929 1 0 1 0 1 0 1 0 0 1 0 1 1 1 1 1 1 1 1 1 
418 20 17088 0 1 1 0 1 1 1 1 1 1 1 1 0 1 1 0 1 1 0 1 
419 20 12828 1 1 1 1 0 1 1 0 1 1 1 1 1 1 0 1 1 0 1 1 
420 20 18842 0 1 1 1 1 1 1 0 1 1 1 1 1 1 0 0 1 1 1 0 
420 20 18842 0 1 1 1 1 1 0 0 1 1 1 1 1 1 1 0 1 1 1 0 
421 20 14799 1 1 0 1 1 1 1 1 1 0 0 1 0 1 1 1 1 1 1 1 
422 20 18386 1 1 0 1 1 0 1 0 1 1 1 0 1 1 1 1 1 1 1 0 
422 20 18386 0 1 1 1 1 1 1 1 0 1 1 0 1 0 1 0 1 1 1 1 
423 20 17972 0 1 1 0 1 1 1 1 0 1 1 0 1 1 1 1 1 1 1 0 
424 20 15423 1 1 1 1 1 1 0 1 1 0 1 1 0 1 1 1 1 0 1 0 
425 20 19706 1 1 1 1 0 1 1 1 1 0 1 0 1 0 1 1 1 0 0 1 
426 20 16518 0 1 1 1 1 0 1 1 0 1 1 0 1 1 0 1 1 1 1 1 
427 20 16197 0 1 0 0 1 1 1 0 1 1 0 1 1 1 1 1 1 1 1 1 
428 20 16805 0 1 1 0 1 1 1 1 0 1 1 1 1 1 1 1 1 0 1 1 
429 20 20402 0 1 0 1 0 1 1 1 1 1 1 0 0 1 1 0 1 1 1 1 
429 20 20402 1 1 0 0 0 1 0 1 1 1 1 1 0 1 0 1 1 1 1 1 
430 20 18478 1 0 1 1 1 1 1 1 1 0 1 1 1 0 0 1 1 0 1 1 
431 20 15824 1 0 1 1 1 0 1 1 1 1 1 1 1 1 0 1 1 1 1 0 
432 20 20205 0 1 0 1 0 1 1 1 1 1 1 1 1 1 1 1 0 1 0 1 
433 20 16023 1 1 0 0 1 1 1 1 1 1 1 1 0 0 1 1 1 1 0 1 
434 20 20864 0 1 1 1 1 1 1 0 1 1 0 0 1 1 1 1 1 1 0 1 
435 20 20115 0 0 1 0 1 1 1 1 1 1 1 1 1 1 1 0 1 0 1 1 
436 20 20847 1 1 0 1 1 1 1 1 0 1 0 1 0 1 1 1 1 1 0 1 
437 20 18071 1 1 0 0 1 1 1 0 0 1 1 1 1 1 1 0 1 0 1 1 
437 20 18071 0 1 0 0 1 1 0 0 1 0 1 1 1 1 1 1 1 1 1 1 
438 20 17446 1 1 0 1 1 1 1 1 0 1 1 1 0 0 0 1 1 1 1 1 
439 20 16055 1 0 1 1 1 0 1 0 1 1 1 1 1 1 1 1 1 0 1 0 
440 20 17645 1 0 0 0 0 1 1 1 1 1 0 1 1 1 1 1 1 1 1 1 
441 20 16225 1 1 1 1 1 1 1 1 1 0 1 1 0 0 1 1 1 1 1 0 
442 20 17792 1 1 0 1 1 1 0 1 1 1 0 1 1 1 0 0 1 1 1 1 
443 20 16717 1 1 0 0 1 1 1 0 1 1 1 1 0 1 0 1 1 1 1 1 
444 20 15035 1 1 0 1 1 1 1 1 1 1 1 0 1 0 0 1 1 1 1 1 
445 20 16361 0 1 1 1 1 1 1 0 1 1 0 1 1 1 1 1 1 1 0 1 
446 20 17940 1 1 0 1 1 1 0 1 1 1 1 0 1 0 1 0 1 1 1 1 
447 20 19186 1 1 1 1 0 1 1 0 1 0 0 1 1 0 1 1 1 1 1 1 
448 20 17759 1 1 1 1 0 1 0 0 1 1 1 0 1 1 1 1 1 1 0 1 
449 20 19256 1 1 1 0 0 0 1 1 0 1 1 1 1 1 0 1 1 1 1 1 
450 20 17634 1 1 1 1 1 1 1 0 1 0 1 0 1 1 1 0 1 1 0 1 
451 20 18030 1 1 1 1 0 1 1 1 0 1 1 1 1 1 1 0 1 0 0 1 
452 20 18982 1 1 1 1 1 0 1 1 1 1 1 1 1 0 0 0 0 1 1 1 
453 20 17879 0 0 1 1 1 1 1 1 1 1 1 1 1 1 1 1 0 1 0 0 
454 20 15156 0 1 1 1 1 1 1 1 1 0 1 1 1 1 0 1 1 0 1 1 
455 20 19362 1 1 1 1 1 0 1 1 0 1 1 1 1 0 1 0 0 1 1 1 
456 20 18519 1 1 0 1 1 0 1 1 1 1 1 1 1 1 1 0 0 1 1 0 
457 20 17409 0 0 1 1 1 1 0 0 0 1 1 1 1 0 1 1 1 1 1 1 
458 20 17224 1 0 0 1 1 1 1 1 0 1 1 1 1 0 1 1 0 1 1 1 
459 20 19340 0 0 1 0 1 1 1 1 1 1 1 1 1 1 0 1 1 1 0 1 
460 20 18126 1 0 0 1 1 1 1 1 1 1 1 1 1 1 0 1 1 1 0 0 
461 20 18342 1 1 1 1 1 0 1 1 1 1 1 0 1 1 1 0 0 1 0 1 
462 20 15474 1 1 1 1 1 0 1 1 0 0 1 1 1 1 1 0 1 1 1 1 
463 20 19064 1 0 0 0 1 1 1 1 1 1 1 0 1 1 1 1 0 1 1 1 
464 20 17623 0 1 1 1 0 1 1 1 0 1 1 1 1 1 1 1 1 1 0 0 
465 20 18091 1 1 1 1 1 1 0 0 1 1 0 1 1 0 1 1 1 1 1 0 
466 20 16775 1 1 1 0 1 1 1 1 1 1 1 1 1 1 1 0 1 1 0 0 
467 20 18765 1 0 0 1 1 1 1 0 1 1 1 1 1 1 1 1 1 1 0 0 
468 20 16516 1 1 1 1 1 1 0 1 1 0 0 0 1 1 1 1 0 1 1 1 
469 20 18728 1 1 1 1 1 1 0 0 0 0 1 1 1 1 1 1 1 0 1 1 
470 20 18041 1 1 1 0 0 0 1 1 1 1 1 1 1 1 1 1 1 0 1 0 
471 20 17053 0 1 0 1 1 0 1 1 1 1 1 0 1 1 1 1 1 1 1 1 
472 20 16647 1 1 0 1 1 1 0 1 1 1 1 1 0 1 1 0 0 1 1 1 
473 20 16688 1 1 1 0 1 1 0 1 0 1 0 1 1 1 0 1 1 1 1 1 
473 20 16688 0 0 0 1 0 1 1 1 1 1 1 1 1 1 0 1 1 1 1 1 
474 20 15729 1 1 1 1 1 1 1 0 1 0 1 1 1 1 0 1 0 1 1 1 
475 20 17349 1 1 1 1 0 1 1 0 1 1 0 1 0 1 1 1 1 1 1 1 
476 20 15527 1 1 1 0 1 1 0 1 1 0 1 1 1 1 1 1 1 1 0 1 
477 20 18664 1 1 0 1 1 1 1 1 1 1 0 0 1 1 1 1 1 1 0 0 
478 20 17716 1 1 1 1 1 1 1 0 1 1 0 0 1 1 0 1 1 0 1 1 
479 20 19441 0 1 1 1 1 1 1 1 1 1 1 0 1 1 0 0 0 1 0 1 
480 20 16421 0 1 1 0 1 1 0 1 1 1 1 1 0 1 1 1 1 1 1 1 
481 20 19372 1 0 0 1 1 1 1 1 1 0 1 1 1 1 1 1 0 1 0 1 
482 20 20018 0 1 1 1 1 1 0 1 1 0 1 0 0 1 1 1 1 1 1 1 
483 20 20199 1 1 1 1 0 1 1 1 1 1 0 1 1 1 0 0 1 0 1 0 
484 20 17242 1 1 1 1 1 1 1 1 1 0 1 0 0 1 1 0 1 1 0 1 
485 20 19986 0 1 1 0 1 0 1 1 1 1 1 0 1 0 1 1 1 1 1 1 
486 20 15070 1 1 1 0 0 1 0 1 1 1 1 1 1 1 1 1 1 1 0 1 
487 20 18386 1 1 1 1 1 1 1 1 1 1 1 0 0 1 0 0 1 1 0 1 
488 20 17649 1 1 1 0 1 1 1 1 1 1 1 1 1 0 0 1 0 0 1 1 
489 20 17324 1 1 0 1 1 1 1 0 0 1 1 1 1 1 1 0 0 1 1 1 
489 20 17324 1 1 0 1 1 1 1 0 0 1 0 1 1 1 1 0 1 1 1 1 
490 20 18034 1 1 1 1 1 0 0 1 0 1 1 1 1 1 0 0 1 1 1 1 
491 20 18885 1 1 1 1 1 1 1 0 1 0 1 0 1 1 1 0 1 1 1 1 
492 20 17692 1 1 0 1 1 1 1 1 1 1 1 0 1 1 1 0 1 0 0 1 
492 20 17692 1 0 1 1 1 1 0 1 1 1 0 0 1 1 1 1 1 0 1 1 
493 20 17716 1 0 1 1 1 1 1 0 1 1 1 0 1 1 1 0 0 1 1 1 
494 20 19320 1 0 1 1 1 1 1 1 1 1 0 1 0 1 0 1 1 1 1 0 
495 20 19155 1 1 1 1 1 0 0 1 1 1 0 0 1 1 1 1 0 1 1 1 
496 20 18454 1 1 1 1 1 1 1 1 0 1 1 0 1 0 0 1 1 0 1 1 
497 20 17742 1 0 1 1 1 1 1 1 0 0 1 1 1 1 1 1 1 1 1 0 
498 20 19442 0 1 1 1 1 0 1 1 1 1 0 1 0 1 1 1 1 1 1 0 
499 20 18101 0 0 1 1 0 1 1 0 1 1 1 1 1 0 1 1 1 0 1 1 
500 20 18067 1 0 0 1 0 1 0 1 1 1 1 1 0 1 1 1 1 1 1 1 
