-1 10 522 6328 36 574 1 253 43 636 113 1266 202 2068 10 334 149 1588 209 2126 28 495 65 831
-2 10 656 7528 74 913 147 1567 30 520 151 1603 61 795 16 386 142 1528 214 2176 115 1278 68 855
-3 10 808 8879 238 2389 155 1637 245 2448 142 1522 8 316 23 449 7 313 194 1996 137 1480 129 1406
-4 10 704 8019 118 1307 183 1893 50 700 122 1342 153 1622 23 451 101 1152 136 1471 23 449 200 2050
-5 10 667 7916 127 1388 75 917 173 1802 8 322 165 1727 234 2355 130 1419 84 1000 33 542 8 317
-6 10 839 8925 168 1759 43 631 143 1535 137 1483 88 1038 48 675 151 1603 245 2449 160 1690 198 2028
-7 10 798 9187 235 2357 15 382 209 2123 208 2115 18 406 89 1045 74 910 164 1722 186 1916 41 615
-8 10 853 9644 133 1442 59 777 50 693 169 1767 86 1018 75 920 214 2172 138 1485 236 2372 158 1664
-9 10 911 9469 239 2399 54 730 147 1572 216 2190 134 1454 209 2123 50 696 54 735 238 2389 107 1211
-10 10 615 7355 17 401 87 1026 18 411 68 857 163 1711 159 1676 177 1843 176 1826 62 808 22 444
-11 10 955 9840 120 1324 152 1615 186 1921 114 1271 196 2009 188 1939 173 1805 77 940 177 1842 204 2078
-12 10 872 9409 112 1257 186 1922 38 592 35 560 136 1470 174 1808 195 2005 117 1298 217 2201 181 1875
-13 10 623 7511 83 997 50 695 155 1645 88 1038 227 2285 79 960 44 643 192 1978 27 492 83 991
-14 10 826 8849 118 1310 143 1535 77 935 171 1784 205 2091 185 1915 26 478 238 2386 167 1748 12 356
-15 10 803 9025 246 2458 95 1103 199 2039 55 743 25 475 161 1695 98 1131 66 836 234 2348 126 1381
-16 10 1013 10586 232 2337 232 2334 129 1411 110 1233 168 1762 160 1685 236 2373 242 2423 52 717 51 703
-17 10 867 9130 201 2051 193 1981 194 1992 183 1893 17 403 210 2138 57 762 155 1639 121 1339 26 479
-18 10 922 10006 194 1988 35 559 222 2243 194 1988 227 2287 24 466 217 2199 160 1687 103 1170 139 1494
-19 10 754 8736 65 835 103 1177 41 611 157 1663 41 614 189 1947 67 853 96 1108 222 2245 198 2029
-20 10 782 8739 152 1611 17 395 25 473 119 1321 47 673 226 2284 140 1504 196 2013 159 1676 173 1807
-21 10 869 9365 218 2210 100 1148 193 1980 33 546 184 1900 193 1982 147 1568 16 391 96 1112 237 2383
-22 10 730 8569 32 530 160 1684 114 1271 66 844 199 2041 71 887 109 1227 169 1770 11 348 223 2252
-23 10 794 9199 132 1438 230 2317 58 772 159 1678 162 1703 220 2223 81 979 14 376 165 1734 43 633
-24 10 909 9985 145 1547 203 2069 165 1729 61 795 86 1021 29 507 150 1596 126 1378 216 2191 245 2455
-25 10 851 9709 161 1693 214 2169 147 1568 78 944 175 1820 207 2107 118 1310 94 1093 108 1217 86 1017
-26 10 878 9657 213 2161 42 626 145 1552 234 2349 49 687 248 2477 177 1835 67 846 130 1414 100 1144
-27 10 1001 10071 243 2433 245 2454 115 1278 248 2482 47 666 228 2300 219 2218 139 1494 106 1201 47 665
-28 10 687 7620 57 758 75 923 116 1292 56 751 109 1226 236 2373 55 740 195 1997 102 1167 62 800
-29 10 745 8214 19 417 228 2294 80 966 166 1742 230 2313 215 2182 42 623 20 430 76 926 97 1120
-30 10 781 8927 25 468 46 662 178 1847 128 1399 71 881 207 2106 95 1101 158 1670 135 1463 211 2142
-31 10 621 7319 232 2331 89 1046 3 273 17 401 202 2065 26 483 140 1508 83 996 91 1061 134 1450
-32 10 723 8215 112 1258 158 1669 40 604 74 912 133 1439 51 706 246 2457 72 897 113 1263 198 2025
-33 10 740 8479 31 528 197 2015 42 625 123 1352 201 2051 206 2101 18 408 120 1329 13 366 203 2072
-34 10 959 10325 101 1153 117 1302 114 1270 215 2179 212 2150 30 516 248 2478 178 1849 101 1155 204 2079
-35 10 796 9225 111 1249 64 826 60 783 92 1072 75 917 102 1163 61 797 232 2336 223 2251 237 2380
-36 10 524 6447 125 1370 78 952 44 639 16 390 57 756 96 1113 38 588 30 518 128 1394 202 2063
-37 10 796 8865 82 982 125 1369 106 1201 198 2024 110 1240 176 1826 201 2052 97 1115 180 1866 22 448
-38 10 652 7657 30 518 111 1246 248 2477 75 925 144 1538 28 496 66 841 151 1609 101 1152 59 777
-39 10 803 8607 95 1099 235 2365 97 1119 241 2413 156 1649 116 1288 125 1375 11 345 165 1732 2 267
-40 10 720 8138 61 795 68 854 83 991 87 1032 170 1773 228 2298 74 914 65 830 249 2485 85 1015
-41 10 648 7715 25 470 1 259 237 2376 142 1526 161 1694 80 969 234 2348 43 632 36 570 71 887
-42 10 671 7606 230 2316 213 2166 14 372 73 899 205 2087 24 458 15 381 9 326 64 819 244 2445
-43 10 787 8964 98 1131 150 1597 4 283 69 871 48 680 187 1928 201 2051 224 2264 250 2500 81 979
-44 10 795 9234 197 2022 108 1216 225 2269 95 1102 65 835 53 720 158 1672 25 470 241 2417 89 1051
-45 10 686 7904 2 265 83 997 108 1214 194 1991 79 960 81 978 246 2458 214 2173 1 251 52 715
-46 10 758 8337 135 1457 123 1350 18 410 38 586 134 1448 177 1838 196 2007 210 2137 140 1503 87 1033
-47 10 936 10295 241 2417 151 1604 30 519 194 1989 140 1503 38 589 158 1672 224 2265 219 2218 118 1312
-48 10 708 7746 70 875 209 2131 118 1311 126 1377 56 748 81 971 192 1971 183 1892 49 685 36 566
-49 10 1005 10883 217 2199 244 2438 148 1582 221 2234 44 642 148 1580 112 1257 38 589 221 2238 164 1719
-50 10 882 9944 119 1314 76 929 239 2399 94 1096 250 2498 149 1588 159 1677 121 1332 165 1731 21 435
-51 10 703 8276 192 1974 148 1578 41 619 240 2402 47 672 57 762 63 809 131 1429 43 637 124 1362
-52 10 524 6310 119 1315 39 594 105 1195 42 621 110 1240 30 518 127 1386 149 1587 73 904 53 722
-53 10 985 10123 228 2301 108 1215 106 1196 192 1977 30 519 204 2083 91 1063 195 2004 231 2321 175 1818
-54 10 833 8869 224 2266 200 2048 43 629 225 2270 13 363 213 2163 198 2024 104 1183 102 1166 25 475
-55 10 955 10597 174 1812 110 1237 225 2270 181 1877 99 1134 38 588 184 1906 207 2109 134 1456 220 2223
-56 10 988 10768 240 2406 29 510 226 2283 200 2044 1 256 188 1939 200 2044 104 1186 217 2196 233 2347
-57 10 897 9397 229 2308 80 965 60 784 178 1849 14 374 104 1178 235 2364 234 2352 210 2140 149 1588
-58 10 685 7952 50 700 84 1001 205 2093 79 961 172 1798 217 2200 3 274 215 2185 1 258 94 1096
-59 10 694 8226 75 918 75 917 41 611 195 2001 50 699 226 2281 197 2021 42 628 50 694 165 1727
-60 10 605 7050 196 2010 232 2333 42 621 99 1137 59 779 103 1175 23 457 103 1176 75 918 15 382
-61 10 814 8824 103 1169 104 1183 239 2399 48 682 141 1519 4 286 200 2045 245 2452 70 880 189 1946
-62 10 889 9751 34 554 108 1218 69 864 157 1658 218 2205 199 2035 228 2296 129 1405 117 1296 188 1939
-63 10 845 9628 185 1910 90 1055 136 1472 242 2426 88 1034 154 1629 9 323 115 1284 216 2192 79 960
-64 10 893 9847 144 1546 10 332 34 549 142 1523 234 2349 101 1151 215 2178 218 2208 172 1798 116 1289
-65 10 704 8179 155 1637 51 705 46 660 113 1265 5 293 179 1860 132 1434 158 1666 124 1361 169 1768
-66 10 678 7586 23 455 155 1643 131 1424 103 1175 69 864 232 2330 133 1442 30 515 192 1978 61 792
-67 10 807 9228 181 1879 27 485 132 1430 47 671 195 2002 142 1527 11 345 245 2448 142 1525 128 1400
-68 10 721 7914 239 2397 36 567 156 1648 36 573 127 1385 92 1070 128 1401 233 2345 80 962 19 417
-69 10 544 6860 44 645 33 540 188 1935 89 1050 71 889 54 735 132 1432 34 551 10 337 218 2204
-70 10 1133 12209 213 2160 166 1736 232 2332 205 2093 115 1277 185 1907 209 2124 229 2304 36 568 196 2012
-71 10 694 7705 127 1387 66 837 58 768 80 969 115 1280 77 940 129 1409 221 2237 226 2284 9 331
-72 10 862 9307 229 2304 91 1068 58 767 17 395 190 1952 143 1532 237 2379 203 2077 180 1870 59 780
-73 10 584 6990 109 1231 33 542 167 1746 93 1084 227 2288 57 763 140 1504 15 377 96 1106 1 259
-74 10 724 8326 11 346 219 2220 94 1095 91 1069 127 1389 117 1295 152 1613 108 1214 47 666 193 1983
-75 10 667 8007 67 851 5 293 40 608 165 1732 220 2227 213 2159 17 400 62 806 30 512 210 2135
-76 10 879 9377 66 836 105 1193 217 2203 204 2085 237 2381 143 1536 225 2270 153 1626 31 525 31 526
-77 10 597 7296 62 802 135 1464 122 1340 83 995 15 378 169 1765 78 944 42 622 70 879 143 1532
-78 10 947 10239 172 1796 60 782 40 603 219 2214 186 1920 248 2476 164 1724 238 2387 150 1598 20 424
-79 10 797 8687 133 1441 174 1809 39 601 107 1213 124 1361 184 1901 18 411 212 2154 65 832 179 1857
-80 10 1022 10522 203 2076 221 2233 93 1086 74 910 242 2426 58 764 242 2421 133 1443 225 2273 149 1588
-81 10 551 6986 21 431 86 1024 163 1717 172 1796 20 428 169 1770 14 376 160 1683 1 256 81 975
-82 10 652 7666 138 1489 6 304 64 824 130 1416 190 1953 90 1054 5 294 194 1993 5 292 205 2092
-83 10 813 9071 142 1528 177 1842 160 1690 242 2427 2 265 164 1718 243 2431 63 809 30 516 67 853
-84 10 910 10131 24 460 189 1945 248 2480 21 435 92 1077 144 1540 248 2480 94 1093 235 2362 162 1708
-85 10 638 7448 3 269 129 1410 25 475 225 2272 72 898 184 1903 115 1277 232 2332 19 418 8 322
-86 10 910 10255 121 1339 236 2373 71 881 184 1904 218 2206 179 1856 123 1350 191 1968 6 304 103 1169
-87 10 849 9377 147 1571 75 925 102 1167 145 1548 223 2257 192 1978 34 551 133 1443 79 957 179 1854
-88 10 856 9758 33 545 194 1996 28 502 158 1668 156 1652 97 1118 158 1671 233 2343 169 1770 186 1917
-89 10 884 10025 118 1304 219 2218 227 2291 132 1430 31 524 124 1364 82 983 193 1985 33 542 204 2082
-90 10 631 7230 135 1458 124 1360 34 553 102 1163 149 1588 10 332 25 473 187 1931 78 950 199 2033
-91 10 945 10283 215 2181 60 783 98 1129 133 1443 80 969 231 2328 207 2112 189 1944 171 1784 138 1491
-92 10 762 8811 234 2348 75 917 42 626 242 2422 100 1144 93 1079 51 701 250 2492 4 281 96 1106
-93 10 730 8276 113 1261 83 989 120 1330 141 1512 136 1470 243 2429 135 1465 138 1490 72 897 35 565
-94 10 932 10229 135 1464 217 2201 198 2031 61 793 248 2482 34 551 76 933 112 1257 217 2198 243 2436
-95 10 823 8900 210 2132 21 432 117 1297 161 1693 84 1006 21 439 205 2095 128 1402 228 2294 98 1125
-96 10 998 10466 39 597 250 2497 207 2113 196 2013 198 2026 221 2237 245 2450 113 1263 91 1069 93 1082
-97 10 736 8812 216 2194 191 1964 31 527 112 1255 98 1127 4 284 200 2045 55 740 10 333 236 2369
-98 10 730 8244 218 2208 42 622 64 825 40 606 233 2347 115 1277 6 303 134 1452 125 1375 169 1763
-99 10 622 7371 5 289 99 1135 73 899 159 1678 97 1119 180 1869 115 1283 87 1032 100 1145 54 729
-100 10 922 9671 4 279 192 1972 246 2462 103 1174 115 1277 225 2274 248 2479 145 1555 119 1315 45 652
-101 10 904 9716 179 1861 231 2329 36 566 228 2296 41 618 165 1728 209 2126 16 391 212 2158 85 1009
-102 10 690 7656 169 1767 55 738 105 1194 74 908 39 601 124 1365 50 693 126 1384 198 2028 180 1870
-103 10 655 7475 75 923 165 1730 160 1684 23 452 225 2274 21 438 88 1035 86 1016 102 1163 110 1238
-104 10 780 9042 21 432 177 1836 213 2165 33 542 170 1776 238 2389 14 376 14 368 229 2306 117 1300
-105 10 880 9615 50 696 228 2294 121 1337 30 514 237 2378 133 1442 218 2209 20 426 232 2337 164 1721
-106 10 966 10528 229 2311 224 2263 28 499 210 2139 96 1112 101 1154 210 2136 213 2162 167 1746 114 1271
-107 10 801 9064 127 1391 209 2130 230 2319 242 2422 32 530 89 1048 44 640 130 1419 2 264 169 1763
-108 10 773 8729 26 478 56 748 184 1906 76 929 216 2192 21 437 240 2402 134 1449 35 561 229 2305
-109 10 518 6166 113 1267 87 1025 40 602 56 749 121 1333 107 1207 19 419 38 585 107 1213 114 1268
-110 10 728 8447 32 537 126 1380 84 1002 193 1985 137 1482 90 1054 131 1424 151 1608 144 1542 75 921
-111 10 1023 10908 174 1813 79 960 177 1838 157 1657 237 2383 248 2474 98 1126 233 2343 27 491 214 2175
-112 10 785 8821 182 1888 68 860 126 1379 122 1344 121 1334 127 1393 92 1071 197 2021 19 416 244 2446
-113 10 846 9496 170 1774 161 1696 46 657 184 1905 201 2055 125 1374 139 1501 146 1563 96 1108 90 1058
-114 10 781 8673 160 1687 119 1321 242 2428 75 925 106 1199 150 1593 188 1938 47 672 6 296 175 1824
-115 10 818 9217 237 2379 154 1633 29 507 248 2481 98 1125 210 2140 36 569 69 865 214 2175 57 757
-116 10 895 9951 29 510 181 1879 28 498 202 2062 162 1703 207 2105 93 1085 249 2485 110 1237 169 1770
-117 10 657 7827 141 1513 189 1947 152 1613 8 319 1 251 40 602 149 1583 9 331 139 1498 198 2026
-118 10 867 9356 165 1730 174 1812 87 1027 81 974 145 1554 150 1592 250 2499 192 1974 2 260 96 1109
-119 10 696 8358 188 1940 146 1561 195 2005 56 754 13 367 101 1152 3 275 159 1680 39 597 177 1836
-120 10 890 9979 63 816 196 2011 156 1649 224 2264 135 1461 55 737 61 798 159 1675 230 2318 147 1568
-121 10 609 7116 7 305 162 1700 162 1708 47 670 228 2301 31 527 45 653 189 1947 108 1222 12 353
-122 10 730 8463 137 1483 244 2446 168 1757 24 465 129 1403 25 473 245 2452 100 1143 42 628 23 452
-123 10 872 9503 68 862 196 2014 62 807 66 840 50 697 190 1958 183 1891 177 1836 202 2067 188 1934
-124 10 816 8577 46 657 45 652 64 822 93 1085 121 1337 242 2427 98 1131 249 2484 250 2495 117 1295
-125 10 677 7570 220 2227 148 1578 140 1504 56 746 28 496 39 593 47 673 10 334 171 1781 224 2263
-126 10 883 9698 13 364 88 1041 182 1884 227 2289 87 1027 136 1470 172 1792 118 1312 180 1870 213 2163
-127 10 749 8809 119 1316 129 1408 21 434 49 691 190 1954 151 1608 238 2384 183 1891 79 959 14 369
-128 10 686 8192 220 2230 79 958 99 1137 20 429 128 1398 135 1460 199 2036 2 268 115 1283 93 1080
-129 10 828 9144 92 1073 167 1750 87 1027 209 2125 107 1209 32 532 65 827 248 2475 142 1525 181 1879
-130 10 647 7761 45 655 199 2040 178 1846 21 439 53 719 62 802 245 2450 169 1769 14 370 47 669
-131 10 642 7588 61 799 160 1684 32 531 99 1135 130 1413 206 2103 91 1068 144 1540 10 340 137 1480
-132 10 758 8567 112 1257 161 1697 65 834 147 1565 77 937 62 804 200 2049 17 397 189 1951 179 1854
-133 10 975 10292 82 982 170 1772 198 2031 245 2451 243 2430 41 618 230 2315 229 2310 37 577 90 1060
-134 10 776 8703 53 719 52 717 70 876 185 1907 244 2441 6 298 94 1094 168 1757 145 1551 237 2381
-135 10 703 8052 93 1079 114 1274 47 669 112 1255 20 427 50 693 116 1287 159 1680 236 2371 206 2101
-136 10 675 7668 176 1834 75 923 34 548 132 1433 157 1663 162 1700 186 1916 93 1079 60 789 27 490
-137 10 640 7703 137 1482 185 1909 4 286 151 1608 164 1721 14 372 123 1352 62 800 96 1114 58 766
-138 10 1000 10463 165 1731 176 1830 124 1360 43 631 188 1934 47 670 227 2288 117 1303 237 2377 233 2345
-139 10 878 9381 142 1525 133 1447 220 2228 152 1613 5 291 76 932 43 632 226 2277 249 2490 200 2048
-140 10 769 8815 104 1186 26 480 3 271 89 1049 244 2438 44 642 244 2445 240 2406 154 1631 39 599
-141 10 816 8764 176 1830 123 1351 203 2076 93 1087 18 405 235 2360 4 285 158 1666 188 1934 138 1485
-142 10 907 9703 135 1464 204 2078 106 1198 14 370 212 2152 161 1694 220 2222 103 1174 201 2051 82 983
-143 10 810 8662 241 2412 88 1036 11 342 37 581 69 870 240 2409 181 1872 158 1670 68 855 161 1696
-144 10 693 7943 107 1209 137 1477 238 2391 92 1072 10 334 15 381 103 1174 195 2004 131 1426 100 1149
-145 10 513 6518 73 906 64 826 30 514 177 1838 45 655 92 1077 217 2203 9 325 11 341 124 1359
-146 10 867 9381 40 602 149 1587 213 2160 61 796 218 2211 220 2228 117 1297 173 1805 92 1075 57 760
-147 10 813 9171 98 1132 105 1193 230 2316 128 1398 136 1468 125 1374 198 2026 210 2139 10 336 46 660
-148 10 675 7991 100 1143 122 1345 185 1907 22 440 50 692 103 1176 85 1007 221 2238 87 1033 69 869
-149 10 686 8254 230 2313 1 251 139 1493 121 1338 82 988 13 364 160 1687 182 1884 6 299 137 1482
-150 10 436 5694 38 589 102 1164 139 1493 114 1270 54 729 33 547 49 683 13 361 65 835 81 975
-151 10 925 10414 45 654 143 1530 130 1416 154 1634 229 2311 246 2459 222 2243 94 1090 38 591 158 1670
-152 10 778 8820 55 738 201 2051 109 1229 246 2462 35 564 200 2049 95 1102 109 1226 160 1685 35 559
-153 10 912 9574 178 1848 84 1001 156 1653 158 1669 184 1899 35 564 53 723 180 1866 191 1966 246 2459
-154 10 730 8167 202 2064 15 377 201 2058 181 1871 166 1738 64 822 163 1712 58 766 63 813 104 1183
-155 10 794 9127 140 1503 100 1145 78 948 4 283 67 848 155 1641 220 2229 238 2388 204 2079 51 702
-156 10 791 8717 172 1791 76 933 26 476 222 2243 245 2452 94 1092 97 1117 140 1510 171 1786 54 733
-157 10 885 9906 58 765 143 1530 152 1610 232 2334 137 1476 71 888 107 1211 39 596 236 2367 187 1926
-158 10 799 8671 116 1291 241 2412 194 1993 5 295 93 1079 217 2196 102 1165 13 361 123 1354 189 1944
-159 10 563 6698 146 1563 206 2104 3 274 96 1109 182 1884 12 350 119 1313 8 322 29 510 101 1158
-160 10 914 9991 146 1557 229 2305 186 1924 120 1324 113 1259 186 1918 53 726 88 1036 128 1394 234 2352
-161 10 918 9889 156 1646 45 652 112 1256 93 1087 204 2079 227 2290 141 1516 236 2367 79 956 211 2142
-162 10 912 9745 175 1823 193 1983 176 1831 8 322 225 2270 99 1137 190 1958 154 1636 214 2172 21 435
-163 10 671 8020 123 1351 149 1591 166 1739 33 543 51 702 100 1150 45 654 210 2138 103 1172 97 1115
-164 10 786 8760 245 2451 16 389 192 1971 38 589 18 404 180 1863 135 1460 64 818 231 2327 113 1265
-165 10 853 9488 83 997 231 2323 235 2361 54 731 6 303 200 2050 64 826 36 568 250 2494 177 1835
-166 10 665 8036 219 2218 207 2112 40 607 92 1075 50 696 11 348 216 2190 41 615 108 1217 83 995
-167 10 800 9107 151 1602 152 1616 2 261 213 2163 201 2056 232 2337 150 1599 162 1707 13 360 13 363
-168 10 712 8212 221 2238 191 1965 48 677 213 2159 107 1207 101 1157 92 1076 83 993 68 862 2 265
-169 10 661 7584 12 350 86 1017 18 405 147 1568 206 2102 152 1611 163 1714 79 958 129 1409 85 1015
-170 10 739 8478 81 972 159 1673 204 2086 3 271 112 1256 99 1141 119 1317 200 2043 135 1463 62 800
-171 10 581 7023 151 1606 94 1090 71 881 65 832 70 878 100 1144 225 2270 31 528 6 300 95 1097
-172 10 797 9191 127 1388 153 1620 160 1690 109 1225 124 1363 227 2288 39 597 93 1081 25 469 198 2024
-173 10 660 8166 66 840 195 2000 207 2105 10 339 82 982 111 1247 155 1641 85 1010 82 982 25 473
-174 10 886 9418 105 1193 206 2104 166 1741 93 1081 17 397 139 1495 154 1634 176 1826 182 1884 226 2283
-175 10 836 9024 187 1930 207 2107 97 1120 67 853 217 2195 116 1286 16 389 241 2418 212 2151 2 263
-176 10 767 8884 141 1518 226 2283 126 1376 128 1399 25 474 232 2336 186 1916 80 970 12 352 24 460
-177 10 625 7694 109 1231 53 719 160 1684 29 504 224 2263 145 1547 68 857 13 364 154 1633 40 608
-178 10 811 9187 175 1818 243 2436 49 687 210 2139 140 1504 54 735 211 2146 48 680 182 1887 3 272
-179 10 842 9502 167 1747 157 1663 40 608 38 586 248 2474 163 1715 190 1960 94 1089 33 539 241 2413
-180 10 766 8786 176 1827 46 664 27 491 54 736 211 2149 166 1738 192 1972 24 464 240 2406 86 1022
-181 10 788 8381 3 273 119 1315 218 2204 127 1389 224 2262 150 1593 131 1424 47 669 92 1072 195 2003
-182 10 471 6378 21 432 114 1275 81 974 157 1655 35 562 113 1259 45 651 2 265 129 1410 44 641
-183 10 854 9171 229 2309 158 1672 76 929 140 1504 228 2300 133 1439 107 1212 46 660 119 1317 179 1855
-184 10 775 8769 180 1862 116 1292 55 739 134 1451 109 1224 13 364 172 1791 112 1256 201 2052 134 1452
-185 10 604 7136 138 1488 3 271 136 1474 41 614 127 1386 102 1166 166 1743 102 1165 178 1849 14 372
-186 10 701 7774 37 579 72 890 216 2192 108 1214 187 1929 220 2230 62 807 15 382 32 530 213 2160
-187 10 925 10208 87 1030 42 625 175 1817 200 2046 98 1128 223 2252 202 2062 246 2462 135 1459 19 416
-188 10 822 9300 162 1707 164 1719 169 1767 50 697 8 322 217 2197 203 2070 74 911 53 726 248 2482
-189 10 803 8680 162 1706 147 1569 90 1058 191 1965 203 2074 76 928 24 463 65 827 100 1142 184 1905
-190 10 850 9630 186 1922 241 2414 185 1910 235 2358 30 519 65 829 152 1615 10 333 210 2139 23 456
-191 10 782 8947 26 481 172 1797 177 1841 152 1612 157 1658 18 410 168 1760 104 1182 201 2057 87 1025
-192 10 956 10563 175 1824 239 2394 141 1515 119 1316 209 2124 203 2071 123 1350 59 773 84 1005 211 2148
-193 10 844 8927 104 1181 121 1334 213 2167 161 1695 74 909 20 425 202 2062 200 2045 57 757 233 2343
-194 10 592 7241 27 487 50 698 160 1689 90 1058 139 1501 184 1899 100 1142 86 1018 70 876 44 642
-195 10 956 10448 166 1740 167 1752 206 2103 211 2148 70 879 111 1241 167 1753 167 1751 108 1218 147 1568
-196 10 962 10266 65 832 1 257 234 2349 246 2457 223 2249 83 990 211 2143 204 2085 142 1522 192 1978
-197 10 728 8289 141 1519 216 2188 91 1061 31 526 138 1485 208 2116 3 273 114 1275 90 1052 145 1553
-198 10 1049 10878 142 1522 188 1939 146 1562 31 521 136 1467 219 2215 220 2228 140 1509 234 2352 178 1849
-199 10 641 7521 204 2082 3 272 51 704 36 571 137 1477 80 967 194 1993 147 1565 101 1154 79 959
-200 10 744 8357 97 1118 204 2079 5 287 250 2500 169 1771 175 1819 36 568 52 713 143 1530 41 611
-201 10 888 9425 78 952 193 1984 220 2225 181 1878 69 866 186 1920 168 1760 171 1781 117 1297 38 584
-202 10 731 8374 90 1057 204 2080 97 1120 53 719 187 1929 99 1133 177 1837 199 2038 30 515 1 252
-203 10 781 8501 137 1475 130 1415 189 1951 124 1358 236 2373 120 1327 72 898 38 587 33 544 150 1594
-204 10 638 7753 174 1815 88 1038 15 377 223 2252 32 535 10 333 169 1771 102 1165 22 447 183 1889
-205 10 852 9190 237 2376 132 1438 35 565 45 648 140 1505 129 1409 155 1644 98 1128 138 1484 238 2391
-206 10 670 7920 216 2194 63 810 143 1530 5 293 91 1068 85 1009 94 1091 106 1201 83 995 156 1653
-207 10 668 7950 150 1594 174 1811 173 1799 32 534 13 359 199 2039 78 950 38 586 180 1866 47 665
-208 10 644 7612 221 2239 16 391 244 2439 63 814 222 2245 24 459 40 604 155 1640 37 575 27 487
-209 10 661 7895 62 804 129 1404 247 2465 212 2158 97 1120 51 702 1 257 247 2466 24 458 28 502
-210 10 733 8384 79 957 45 650 163 1717 102 1160 215 2183 83 989 77 935 156 1649 100 1143 186 1924
-211 10 645 7259 44 638 111 1243 220 2222 39 598 128 1400 72 892 84 1002 1 251 167 1749 168 1757
-212 10 702 7781 127 1387 112 1251 239 2393 38 586 85 1015 126 1378 69 871 121 1336 97 1120 124 1362
-213 10 830 9172 38 590 91 1061 134 1451 215 2180 84 999 55 744 249 2491 98 1125 207 2113 133 1439
-214 10 828 8941 124 1359 90 1058 230 2315 5 294 112 1255 203 2074 10 332 211 2148 191 1967 163 1709
-215 10 694 8217 178 1845 174 1814 147 1567 179 1856 143 1536 55 738 75 919 95 1100 1 254 39 600
-216 10 860 9486 91 1068 143 1530 214 2170 178 1847 214 2172 95 1099 46 659 230 2318 91 1068 70 880
-217 10 963 10620 244 2441 179 1855 44 646 162 1705 111 1242 227 2287 234 2354 235 2358 125 1372 35 558
-218 10 677 8012 56 747 114 1276 108 1217 86 1020 31 524 31 528 80 965 249 2491 156 1650 179 1858
-219 10 916 10114 153 1626 73 904 157 1661 168 1758 125 1367 222 2248 63 814 188 1940 145 1553 213 2162
-220 10 862 9451 81 977 118 1311 169 1767 224 2265 124 1358 26 476 31 523 104 1182 226 2281 224 2259
-221 10 572 7319 248 2479 75 920 131 1421 6 302 63 811 90 1055 58 771 87 1027 62 801 116 1286
-222 10 963 10258 130 1414 194 1989 211 2149 76 928 164 1723 120 1325 91 1062 226 2281 215 2180 151 1609
-223 10 750 8597 191 1969 199 2036 108 1218 18 407 206 2097 77 942 224 2261 52 711 40 603 122 1345
-224 10 838 8937 109 1231 241 2418 109 1225 54 731 186 1916 175 1823 205 2091 118 1305 118 1305 62 804
-225 10 705 8202 78 946 147 1565 222 2247 19 414 150 1598 2 265 109 1226 160 1682 76 933 163 1713
-226 10 914 10151 222 2247 101 1157 84 1006 180 1864 63 810 227 2285 160 1685 60 782 81 971 231 2327
-227 10 517 6447 107 1206 73 899 134 1454 10 338 76 933 161 1699 190 1955 70 872 1 251 23 450
-228 10 934 9782 207 2109 246 2459 185 1909 195 2004 40 610 108 1218 14 373 45 651 244 2444 189 1947
-229 10 924 9931 193 1979 95 1105 178 1849 120 1324 107 1209 206 2102 215 2180 66 839 99 1141 184 1904
-230 10 727 8560 164 1718 94 1091 67 849 143 1535 215 2182 41 616 88 1038 237 2378 99 1139 58 770
-231 10 580 6676 195 2005 8 318 233 2344 89 1045 223 2250 8 318 31 522 32 530 31 523 90 1058
-232 10 1018 10548 237 2383 72 897 248 2478 202 2065 59 774 112 1250 250 2493 227 2292 60 787 134 1456
-233 10 561 7050 177 1843 161 1694 5 288 20 423 167 1745 28 495 11 343 240 2405 41 617 46 658
-234 10 1049 11122 58 770 220 2230 147 1571 167 1746 213 2165 71 885 249 2486 245 2455 58 767 216 2186
-235 10 572 6805 163 1713 65 828 205 2089 106 1200 45 647 56 749 91 1067 62 802 94 1094 34 550
-236 10 653 7787 3 273 143 1530 140 1506 119 1319 67 848 105 1195 121 1338 162 1706 152 1612 29 511
-237 10 768 8497 129 1406 234 2352 69 869 7 312 223 2253 158 1668 145 1554 193 1987 5 294 67 852
-238 10 936 10015 186 1919 98 1130 106 1199 174 1810 83 991 227 2285 165 1732 194 1989 163 1712 96 1109
-239 10 820 9228 46 661 155 1637 184 1904 46 663 37 575 112 1250 169 1769 127 1390 231 2329 226 2279
-240 10 738 8035 171 1784 89 1051 116 1290 98 1125 239 2398 32 531 115 1280 150 1593 50 699 136 1471
-241 10 967 10735 220 2225 195 2004 56 754 118 1309 111 1248 224 2259 134 1452 232 2335 148 1579 174 1810
-242 10 523 6479 137 1480 55 744 40 604 119 1317 145 1547 137 1476 85 1007 46 662 73 899 31 524
-243 10 595 7091 39 595 148 1580 85 1007 26 477 90 1060 190 1955 31 525 208 2121 78 951 58 770
-244 10 699 8295 25 475 84 999 109 1228 54 731 39 598 77 937 114 1268 203 2071 212 2156 172 1790
-245 10 680 7846 57 757 213 2162 122 1344 206 2104 31 527 25 471 103 1169 109 1223 13 366 196 2011
-246 10 736 8371 158 1664 69 869 106 1202 155 1641 9 326 169 1770 34 551 229 2311 226 2279 38 585
-247 10 950 10384 183 1891 21 439 205 2088 236 2371 198 2029 161 1691 204 2084 232 2337 18 408 108 1218
-248 10 565 7182 70 872 221 2235 8 316 95 1099 24 464 31 525 148 1581 59 775 170 1772 47 667
-249 10 1000 10496 201 2055 96 1108 244 2439 230 2316 185 1908 41 619 93 1082 158 1667 199 2041 159 1677
-250 10 972 10078 229 2306 158 1664 3 270 187 1931 193 1987 172 1791 17 396 250 2494 162 1708 192 1973
-251 10 791 8889 206 2103 169 1769 149 1586 44 645 67 846 215 2181 25 473 35 559 190 1952 123 1355
-252 10 686 7621 248 2476 94 1092 36 570 101 1151 125 1370 88 1040 25 469 209 2130 154 1634 21 437
-253 10 931 10132 249 2487 201 2058 225 2274 120 1329 89 1044 83 993 98 1130 181 1877 181 1872 39 597
-254 10 773 8718 14 373 237 2375 190 1957 208 2120 196 2011 126 1380 59 773 26 477 201 2052 19 416
-255 10 836 9439 243 2435 109 1230 74 912 107 1206 149 1589 84 1004 217 2195 66 836 51 707 240 2409
-256 10 719 8522 45 652 68 860 119 1320 89 1044 227 2291 121 1337 15 381 156 1653 103 1170 241 2411
-257 10 722 8047 79 958 25 472 202 2068 204 2082 38 587 155 1644 26 483 200 2045 75 918 200 2044
-258 10 779 8562 189 1951 139 1498 249 2489 16 389 217 2198 34 550 74 912 219 2217 23 455 111 1241
-259 10 853 8873 53 726 159 1680 250 2493 228 2294 238 2386 17 398 15 379 26 481 207 2107 219 2221
-260 10 983 10606 213 2161 128 1397 238 2389 231 2321 245 2447 21 437 18 404 225 2272 80 966 191 1963
-261 10 672 8006 187 1931 29 506 12 351 166 1736 140 1505 239 2400 204 2083 47 670 67 850 7 305
-262 10 785 9025 223 2253 157 1656 167 1748 49 690 140 1504 72 895 135 1464 131 1421 159 1681 2 260
-263 10 670 8062 37 580 122 1346 86 1021 223 2251 15 384 191 1966 88 1041 82 988 103 1174 99 1135
-264 10 577 7055 60 783 173 1802 34 551 162 1704 12 355 97 1122 234 2351 85 1014 27 489 58 770
-265 10 932 10208 174 1814 167 1751 216 2192 85 1009 146 1562 94 1093 217 2196 87 1032 144 1545 106 1199
-266 10 995 10959 201 2051 13 363 186 1922 126 1376 243 2430 241 2411 208 2122 176 1831 103 1169 135 1457
-267 10 558 6801 128 1402 79 961 34 555 14 373 70 878 59 775 71 881 186 1918 2 266 243 2435
-268 10 1045 10908 198 2029 239 2394 192 1978 106 1204 75 924 70 873 180 1867 168 1756 214 2168 209 2125
-269 10 749 8748 222 2243 39 597 95 1103 140 1504 238 2386 168 1757 146 1558 37 579 73 900 41 614
-270 10 811 9235 227 2288 71 882 160 1683 19 416 34 555 114 1269 10 336 193 1982 236 2371 219 2213
-271 10 874 9553 194 1990 242 2420 214 2176 126 1376 113 1264 122 1341 138 1486 149 1591 92 1072 5 290
-272 10 943 10098 193 1984 244 2446 26 484 245 2452 236 2366 148 1582 168 1759 19 420 165 1730 99 1137
-273 10 663 7859 191 1967 54 735 204 2081 241 2415 118 1308 47 667 61 792 99 1134 8 320 69 867
-274 10 597 7008 18 407 10 339 71 888 53 722 29 511 137 1480 178 1850 40 605 150 1592 242 2420
-275 10 781 8830 161 1693 126 1380 61 795 2 264 102 1160 122 1343 33 544 245 2448 189 1946 174 1810
-276 10 699 7933 59 776 59 779 197 2019 203 2072 198 2026 53 720 53 721 85 1010 204 2080 4 280
-277 10 853 9150 54 728 74 915 114 1268 219 2220 130 1420 234 2348 24 465 223 2251 92 1078 155 1645
-278 10 851 9413 105 1194 34 552 236 2366 177 1839 226 2282 10 337 149 1591 47 673 177 1843 157 1663
-279 10 645 7921 45 650 96 1108 101 1156 37 575 194 1994 197 2023 39 598 34 552 206 2103 74 914
-280 10 715 7848 200 2047 135 1461 135 1457 122 1344 32 536 10 336 34 549 143 1529 123 1349 227 2286
-281 10 703 8341 177 1841 99 1136 46 657 17 400 88 1035 141 1518 226 2284 155 1644 31 528 175 1820
-282 10 1019 11051 155 1638 72 895 39 600 237 2380 162 1708 175 1821 249 2491 169 1766 157 1663 202 2067
-283 10 958 10152 145 1550 190 1958 120 1330 223 2249 24 466 91 1067 174 1808 181 1877 233 2342 115 1284
-284 10 852 9377 142 1525 148 1582 210 2132 105 1191 20 429 158 1664 112 1255 90 1058 143 1529 221 2239
-285 10 924 9945 195 2001 103 1169 197 2015 154 1629 203 2071 142 1521 173 1804 31 529 227 2287 52 717
-286 10 940 10183 204 2082 228 2294 102 1168 200 2043 33 545 226 2281 137 1475 176 1826 62 804 130 1419
-287 10 778 9098 108 1221 4 283 127 1389 87 1030 180 1864 239 2395 132 1435 6 301 111 1246 223 2255
-288 10 836 9587 30 514 184 1904 85 1009 196 2007 243 2430 121 1336 70 877 138 1487 90 1060 178 1848
-289 10 835 9314 75 922 75 921 41 618 11 342 233 2347 96 1108 235 2361 127 1386 203 2070 193 1980
-290 10 660 7957 1 256 140 1502 166 1742 42 620 26 476 174 1815 37 583 190 1960 108 1219 197 2018
-291 10 553 6661 11 347 37 580 96 1112 52 716 111 1243 20 428 162 1704 31 525 221 2238 182 1883
-292 10 730 8565 100 1147 101 1151 204 2085 140 1506 137 1477 78 949 221 2233 101 1154 25 469 65 835
-293 10 698 8244 141 1516 120 1324 154 1633 195 2005 34 551 115 1282 97 1121 59 774 78 947 115 1279
-294 10 663 7713 164 1718 100 1150 58 768 175 1825 108 1217 29 510 50 693 153 1625 106 1204 140 1504
-295 10 894 9569 115 1282 140 1505 206 2103 39 594 212 2152 89 1043 239 2399 1 251 156 1650 240 2410
-296 10 722 7993 20 430 21 435 219 2216 65 829 147 1565 17 400 227 2288 101 1153 169 1770 143 1531
-297 10 541 6419 116 1286 32 537 198 2028 71 887 76 928 101 1153 24 464 35 564 238 2389 6 304
-298 10 905 9609 162 1708 48 678 130 1417 173 1803 226 2280 217 2198 192 1978 181 1876 81 978 80 962
-299 10 757 8371 29 503 228 2302 8 321 115 1284 175 1818 218 2212 183 1891 55 737 86 1019 123 1352
-300 10 876 9320 161 1699 58 769 70 873 166 1742 172 1790 119 1313 159 1678 171 1782 178 1848 187 1929
-301 10 709 7999 82 988 107 1205 164 1725 63 816 122 1343 96 1111 89 1045 239 2401 62 800 70 874
-302 10 793 8801 72 892 118 1310 80 966 197 2023 160 1689 18 405 99 1139 201 2052 119 1317 186 1920
-303 10 679 8203 62 808 1 255 150 1599 190 1960 31 527 197 2017 127 1386 78 945 154 1633 58 769
-304 10 910 9591 182 1888 133 1447 92 1077 30 519 168 1754 153 1621 48 676 245 2452 244 2440 217 2197
-305 10 1166 12236 210 2138 143 1535 227 2285 248 2479 174 1813 72 890 194 1989 199 2037 200 2050 228 2300
-306 10 723 8141 36 574 118 1304 166 1742 33 539 185 1910 159 1681 14 373 36 569 199 2040 190 1959
-307 10 462 5919 29 504 45 647 198 2032 22 444 250 2498 21 432 29 505 66 841 11 346 77 939
-308 10 814 9348 208 2114 69 865 15 382 165 1730 168 1755 152 1616 239 2400 195 1998 2 267 124 1361
-309 10 628 7142 60 786 247 2467 198 2025 103 1174 56 753 115 1283 92 1076 29 503 60 785 88 1035
-310 10 572 7353 32 531 11 349 187 1931 7 310 65 833 10 332 16 391 196 2013 151 1608 235 2362
-311 10 789 8672 71 886 250 2499 13 361 100 1143 217 2196 77 938 145 1550 109 1225 167 1746 122 1342
-312 10 776 9027 149 1584 60 786 192 1973 241 2418 178 1847 77 943 12 358 31 524 72 896 200 2042
-313 10 1001 11073 232 2338 175 1820 152 1618 170 1775 206 2100 187 1931 39 601 203 2071 195 2003 80 968
-314 10 600 7301 60 783 130 1412 138 1488 41 613 52 710 126 1382 11 349 163 1712 173 1802 63 814
-315 10 607 7224 68 856 62 808 9 324 143 1533 51 709 41 618 195 1999 79 959 189 1946 100 1150
-316 10 1043 10701 249 2491 110 1236 244 2443 174 1810 23 449 229 2308 192 1970 82 980 96 1114 215 2182
-317 10 764 8372 215 2179 183 1889 49 684 13 363 165 1735 239 2397 70 874 80 967 210 2136 50 692
-318 10 757 8408 192 1971 86 1021 20 429 51 708 142 1522 182 1888 206 2103 112 1258 142 1525 77 941
-319 10 770 8789 88 1040 190 1953 190 1960 48 679 156 1649 93 1082 154 1630 84 1004 44 645 195 2003
-320 10 1176 11871 226 2278 226 2279 175 1822 244 2440 73 899 205 2095 190 1954 182 1883 112 1252 179 1855
-321 10 847 9093 24 459 233 2341 59 780 132 1430 201 2053 150 1595 51 706 210 2140 169 1763 83 990
-322 10 801 9079 196 2006 159 1679 228 2301 28 497 37 578 170 1779 28 497 117 1295 202 2068 71 882
-323 10 1121 11786 200 2046 15 378 179 1855 219 2215 131 1425 204 2083 146 1564 220 2229 242 2426 174 1816
-324 10 665 7799 159 1677 26 482 114 1273 169 1770 54 732 215 2177 19 419 40 606 224 2259 82 980
-325 10 955 10584 246 2460 230 2320 19 419 235 2358 109 1224 176 1829 150 1593 21 436 165 1730 160 1684
-326 10 812 8935 135 1458 127 1385 28 495 128 1397 216 2187 180 1866 125 1370 219 2214 108 1220 27 489
-327 10 965 10338 217 2197 127 1389 217 2200 236 2373 148 1574 73 903 95 1098 133 1440 205 2088 134 1454
-328 10 898 9832 191 1966 139 1501 145 1550 183 1894 201 2059 114 1273 184 1905 39 598 15 381 192 1973
-329 10 642 7880 62 804 128 1395 1 259 171 1787 192 1975 43 629 170 1773 12 357 8 320 208 2120
-330 10 614 7443 238 2388 64 824 12 355 42 627 2 264 207 2111 21 435 116 1288 105 1194 157 1658
-331 10 723 8496 40 604 210 2135 7 309 187 1930 225 2272 147 1573 50 698 65 831 161 1698 70 874
-332 10 615 7277 106 1198 20 423 134 1451 93 1083 26 484 180 1870 213 2166 52 717 64 826 104 1182
-333 10 669 7317 94 1093 51 706 119 1318 136 1474 162 1701 188 1941 156 1654 89 1046 51 701 42 623
-334 10 716 7838 202 2061 155 1640 35 558 109 1228 17 402 122 1340 229 2303 66 837 28 502 208 2115
-335 10 628 7505 127 1387 14 368 14 370 240 2410 60 789 60 788 40 610 167 1750 81 971 237 2382
-336 10 710 7847 119 1313 46 662 177 1838 55 737 226 2276 53 725 34 554 152 1612 212 2155 75 917
-337 10 923 10085 227 2289 207 2113 237 2382 151 1606 73 907 37 582 215 2181 39 595 201 2054 116 1289
-338 10 991 10487 225 2273 150 1599 166 1739 27 490 204 2081 207 2109 179 1853 226 2276 178 1850 83 991
-339 10 1000 10589 58 767 158 1672 235 2359 174 1813 92 1070 200 2047 39 597 197 2023 224 2263 219 2221
-340 10 833 9233 22 440 150 1596 121 1336 197 2017 211 2144 37 579 142 1523 188 1938 164 1718 108 1219
-341 10 920 9770 221 2237 51 709 241 2413 103 1172 47 668 38 588 200 2046 218 2206 115 1281 212 2158
-342 10 785 8753 149 1588 118 1311 169 1764 187 1933 243 2432 20 430 111 1243 107 1206 48 681 143 1533
-343 10 848 9454 56 746 236 2369 102 1166 137 1476 99 1135 153 1621 232 2337 72 897 175 1821 74 914
-344 10 961 9846 244 2442 221 2238 69 866 218 2209 108 1220 218 2211 233 2341 3 271 1 259 235 2361
-345 10 967 10244 81 977 154 1633 238 2386 241 2413 212 2153 59 778 158 1671 156 1648 48 674 167 1750
-346 10 899 9817 203 2072 186 1920 244 2438 37 582 99 1137 95 1097 249 2491 95 1100 180 1867 50 698
-347 10 735 8113 228 2295 65 828 69 864 98 1125 166 1743 17 395 17 395 166 1739 245 2451 143 1531
-348 10 946 10586 229 2307 245 2454 179 1855 6 301 183 1895 188 1934 47 667 201 2051 212 2154 59 780
-349 10 884 9495 239 2393 200 2045 3 270 134 1448 225 2271 38 590 153 1624 68 861 203 2070 130 1412
-350 10 898 9758 60 784 93 1087 112 1256 114 1274 201 2057 163 1717 221 2234 5 295 236 2366 225 2275
-351 10 656 8025 200 2047 16 390 154 1630 41 612 80 966 46 664 12 356 39 601 218 2208 234 2351
-352 10 551 6591 82 988 128 1398 173 1800 76 931 13 366 66 844 34 555 72 892 229 2307 22 443
-353 10 918 9681 147 1569 150 1594 187 1931 116 1294 236 2366 68 860 200 2047 128 1400 112 1250 159 1679
-354 10 814 9252 45 654 156 1647 177 1838 209 2130 122 1348 118 1310 150 1599 167 1745 13 359 193 1979
-355 10 828 8910 240 2406 210 2134 149 1589 58 765 42 626 168 1755 106 1197 79 960 40 605 242 2423
-356 10 652 7704 109 1225 250 2494 133 1445 103 1176 9 325 66 842 59 774 25 472 71 884 196 2013
-357 10 960 10544 55 745 190 1952 115 1278 145 1549 250 2493 76 931 87 1027 196 2006 234 2349 205 2087
-358 10 963 10622 124 1360 147 1572 68 860 224 2261 5 289 220 2224 202 2061 204 2082 101 1151 233 2340
-359 10 853 8997 184 1900 43 637 22 440 132 1432 95 1098 226 2284 140 1507 171 1788 221 2232 134 1452
-360 10 827 9149 230 2316 26 482 192 1974 175 1824 196 2006 12 352 150 1596 199 2041 46 659 69 864
-361 10 788 8492 66 839 70 875 130 1414 187 1930 63 814 226 2280 22 448 153 1623 223 2249 101 1158
-362 10 670 8148 90 1058 176 1828 20 425 89 1045 31 528 204 2082 136 1474 247 2473 75 921 19 418
-363 10 746 8567 171 1789 185 1911 13 367 172 1796 212 2150 15 384 216 2188 26 476 154 1629 26 476
-364 10 869 9456 64 822 75 920 219 2221 199 2036 116 1293 119 1315 162 1708 205 2088 112 1253 167 1751
-365 10 604 7128 159 1677 20 426 159 1674 244 2439 57 760 64 821 32 535 20 423 119 1321 62 805
-366 10 1115 11698 156 1654 206 2099 164 1726 174 1808 90 1057 212 2158 239 2395 116 1290 207 2108 178 1844
-367 10 994 10927 101 1154 247 2467 14 369 136 1473 180 1869 220 2229 224 2263 166 1736 165 1735 183 1894
-368 10 733 8491 106 1197 58 764 203 2074 126 1378 158 1668 153 1626 138 1486 11 343 32 530 238 2384
-369 10 805 8674 48 677 33 544 218 2208 184 1899 201 2054 73 903 6 297 228 2299 213 2167 74 910
-370 10 658 7952 95 1103 39 598 99 1139 155 1645 3 277 125 1374 109 1226 153 1621 93 1084 188 1935
-371 10 986 10738 181 1879 46 661 157 1661 237 2380 205 2093 67 849 143 1537 244 2442 174 1811 63 813
-372 10 578 7060 94 1088 134 1449 114 1274 12 357 231 2329 31 524 126 1381 46 656 25 475 124 1361
-373 10 863 9735 14 371 202 2064 196 2006 206 2103 30 517 215 2183 112 1258 41 619 161 1699 192 1973
-374 10 966 10435 245 2452 100 1150 182 1883 69 870 118 1310 170 1780 155 1637 209 2128 98 1131 235 2360
-375 10 605 7119 58 767 37 583 94 1091 82 982 99 1138 122 1343 12 356 139 1500 135 1465 201 2052
-376 10 688 7716 190 1955 9 324 230 2320 20 428 20 428 28 499 224 2262 80 963 209 2126 133 1439
-377 10 999 10488 219 2213 25 473 226 2280 190 1957 45 651 207 2107 171 1788 218 2211 242 2421 83 995
-378 10 693 7830 43 637 142 1525 80 964 26 479 232 2338 235 2358 6 299 13 360 221 2236 91 1062
-379 10 675 7726 160 1686 163 1715 67 851 122 1348 240 2409 39 596 19 421 126 1380 74 916 42 628
-380 10 651 7528 36 572 92 1076 57 761 213 2163 45 652 62 802 164 1726 75 917 93 1080 224 2265
-381 10 828 8972 49 687 75 925 125 1369 47 671 146 1561 198 2028 212 2155 143 1530 162 1708 204 2079
-382 10 639 7703 21 431 42 626 50 693 99 1137 228 2299 72 898 92 1073 140 1508 81 971 230 2313
-383 10 792 9103 154 1629 139 1497 22 448 153 1625 25 467 125 1368 197 2020 86 1016 172 1794 211 2146
-384 10 705 8620 111 1248 33 543 214 2172 24 464 17 403 70 873 177 1840 192 1978 32 532 226 2282
-385 10 548 6735 65 831 113 1264 23 449 130 1415 86 1018 72 890 107 1205 75 921 102 1168 81 971
-386 10 642 7479 93 1086 123 1354 29 507 83 994 165 1732 174 1811 12 357 89 1050 193 1983 100 1144
-387 10 822 8750 17 402 194 1988 225 2275 232 2334 226 2282 35 564 17 399 42 628 154 1635 214 2172
-388 10 884 9378 140 1504 127 1386 90 1056 156 1649 30 517 142 1521 230 2313 215 2185 163 1713 92 1071
-389 10 844 8980 200 2050 129 1403 91 1062 222 2246 21 439 245 2449 238 2392 55 737 13 365 186 1921
-390 10 684 7606 28 496 24 464 139 1493 237 2380 28 501 72 898 90 1054 102 1165 235 2361 162 1707
-391 10 893 9672 206 2096 59 781 19 419 200 2048 236 2368 189 1943 145 1554 138 1484 179 1855 55 739
-392 10 827 8899 138 1489 195 1999 12 356 96 1106 242 2422 156 1653 92 1070 90 1060 158 1668 98 1125
-393 10 809 8695 159 1681 94 1093 143 1531 45 653 67 845 110 1235 118 1310 192 1974 163 1714 222 2244
-394 10 731 8433 28 501 33 547 138 1490 159 1674 190 1955 205 2095 145 1547 234 2349 3 271 22 443
-395 10 468 6204 113 1260 134 1454 23 451 23 450 74 915 24 462 52 711 38 586 108 1221 141 1515
-396 10 764 8835 164 1718 249 2489 189 1947 131 1428 173 1800 45 649 211 2146 22 440 53 721 17 401
-397 10 686 7785 88 1034 54 731 120 1323 215 2180 36 574 213 2160 40 610 230 2314 32 538 40 607
-398 10 474 6011 44 642 131 1429 65 827 37 577 30 513 204 2082 54 736 45 648 107 1205 69 865
-399 10 705 8004 202 2064 95 1101 102 1167 60 782 97 1118 64 819 159 1677 230 2316 20 423 75 920
-400 10 895 10005 177 1841 139 1500 244 2446 145 1554 66 844 208 2121 36 568 171 1785 30 512 203 2069
-401 10 740 8275 23 449 95 1097 179 1859 196 2011 249 2491 95 1102 115 1281 140 1510 16 386 106 1202
-402 10 875 9743 65 829 54 734 146 1556 203 2071 216 2194 226 2278 119 1319 151 1608 47 670 195 1999
-403 10 614 7412 196 2009 193 1987 161 1693 20 430 142 1527 156 1649 23 456 109 1223 2 260 16 393
-404 10 700 7944 119 1314 42 627 31 526 201 2052 151 1606 112 1252 222 2246 17 403 217 2198 53 720
-405 10 832 9362 107 1209 152 1612 159 1678 43 633 220 2226 155 1642 191 1963 26 482 146 1557 130 1417
-406 10 577 6732 237 2376 173 1802 3 273 18 405 52 716 87 1027 54 735 207 2113 86 1024 18 407
-407 10 913 9735 163 1713 205 2087 59 781 149 1588 143 1534 144 1542 182 1883 235 2361 58 767 161 1695
-408 10 959 9936 233 2340 226 2278 133 1445 215 2181 47 665 133 1442 59 776 22 440 204 2083 240 2402
-409 10 669 7683 187 1926 210 2133 55 741 10 333 105 1195 144 1542 119 1316 88 1035 146 1557 34 550
-410 10 845 9947 233 2344 94 1094 116 1294 250 2497 66 842 210 2135 69 865 247 2467 23 452 20 424
-411 10 980 10307 241 2417 214 2173 192 1970 138 1491 153 1619 113 1259 154 1628 106 1197 69 864 202 2061
-412 10 936 10194 31 523 116 1286 166 1740 232 2333 161 1698 97 1118 87 1028 161 1696 224 2262 205 2093
-413 10 729 8015 173 1801 169 1769 53 723 175 1821 137 1477 26 476 85 1009 176 1834 63 811 66 840
-414 10 511 6200 52 717 116 1287 24 465 83 989 120 1325 34 552 100 1149 34 550 94 1091 146 1563
-415 10 1025 11016 91 1063 197 2015 162 1702 234 2349 77 942 216 2190 171 1781 92 1074 99 1138 242 2426
-416 10 700 8064 145 1552 127 1389 33 542 19 418 214 2173 242 2426 113 1265 158 1665 29 506 61 792
-417 10 704 7823 2 262 45 648 213 2165 212 2154 66 838 172 1790 230 2316 35 563 117 1301 73 901
-418 10 817 9586 231 2321 187 1930 13 364 236 2371 25 475 34 550 24 464 132 1435 247 2470 163 1715
-419 10 610 7384 10 333 45 653 82 980 90 1052 21 436 86 1023 101 1157 229 2311 198 2032 78 949
-420 10 574 7111 232 2334 97 1116 4 281 120 1330 102 1163 89 1044 182 1885 28 501 21 431 83 994
-421 10 630 7300 43 633 27 489 72 896 139 1495 98 1130 75 921 42 620 153 1619 193 1981 168 1755
-422 10 700 8467 117 1299 149 1585 240 2403 74 913 171 1783 59 781 87 1026 30 518 79 953 72 893
-423 10 843 9394 29 509 147 1572 222 2247 54 728 197 2020 196 2010 26 476 208 2118 183 1891 114 1270
-424 10 913 9771 93 1082 47 673 143 1535 220 2224 135 1465 135 1464 212 2151 106 1200 212 2153 153 1623
-425 10 689 7958 112 1254 86 1023 74 915 59 778 90 1059 65 831 179 1856 96 1114 237 2382 82 985
-426 10 805 8632 102 1168 55 740 128 1398 165 1732 167 1748 8 320 229 2305 9 323 142 1523 234 2352
-427 10 801 9040 46 660 125 1367 110 1238 108 1215 44 645 190 1955 246 2457 224 2262 63 816 122 1345
-428 10 627 7042 45 647 244 2438 11 347 103 1177 61 799 17 399 187 1929 66 842 81 979 211 2142
-429 10 1020 11260 131 1424 243 2431 128 1396 82 985 198 2027 219 2214 96 1107 248 2480 129 1410 204 2085
-430 10 759 8501 247 2468 26 481 134 1455 53 720 176 1833 102 1165 183 1890 114 1273 33 541 101 1156
-431 10 984 10375 248 2476 220 2224 105 1188 157 1663 204 2084 111 1246 109 1226 38 589 175 1817 153 1623
-432 10 660 7541 51 701 76 931 237 2375 246 2462 245 2447 130 1415 37 578 15 385 4 286 43 629
-433 10 924 9833 244 2438 51 708 133 1447 222 2242 81 979 133 1447 193 1982 144 1541 79 954 168 1762
-434 10 671 7877 118 1305 87 1026 205 2094 13 361 12 352 171 1788 119 1320 155 1638 67 853 137 1483
-435 10 642 7703 35 565 116 1291 146 1560 4 281 229 2307 173 1803 98 1132 161 1697 36 573 71 881
-436 10 909 9704 2 263 79 956 9 331 200 2050 192 1976 173 1800 220 2227 202 2063 191 1963 238 2385
-437 10 705 7840 37 579 80 966 145 1549 142 1523 228 2295 158 1670 18 408 200 2044 19 417 135 1463
-438 10 817 9390 245 2450 163 1710 43 633 127 1386 100 1146 6 303 198 2032 211 2145 5 292 201 2052
-439 10 726 8320 80 966 70 877 84 1002 71 887 122 1340 181 1879 223 2255 196 2006 74 913 21 438
-440 10 766 8583 122 1348 146 1556 240 2405 34 552 30 515 38 586 179 1858 191 1964 10 333 242 2421
-441 10 664 7643 167 1748 172 1795 219 2214 25 469 57 757 124 1361 9 323 167 1748 26 478 85 1014
-442 10 968 9972 139 1496 155 1638 144 1541 156 1647 200 2048 59 777 183 1896 237 2375 200 2047 65 830
-443 10 640 7960 190 1954 123 1349 10 335 7 309 210 2133 203 2072 14 370 77 935 115 1281 88 1036
-444 10 685 7891 100 1150 100 1144 76 929 164 1725 179 1859 8 316 114 1276 129 1407 24 463 176 1829
-445 10 738 8438 13 363 28 499 143 1534 229 2311 131 1422 15 385 51 703 247 2468 133 1440 149 1584
-446 10 738 8479 95 1097 170 1773 68 862 198 2024 63 817 21 434 164 1721 230 2316 79 957 50 692
-447 10 774 8970 171 1782 155 1638 109 1224 3 274 218 2211 217 2199 181 1872 10 339 60 786 113 1265
-448 10 894 9468 119 1318 29 506 244 2442 214 2176 171 1788 99 1137 168 1757 24 466 203 2069 214 2171
-449 10 647 7290 51 703 194 1991 201 2053 92 1072 62 800 183 1897 44 640 17 403 60 782 148 1580
-450 10 917 9726 136 1473 190 1959 214 2174 155 1641 35 559 138 1488 184 1906 242 2420 167 1746 28 499
-451 10 773 8745 146 1564 162 1708 95 1101 27 488 40 610 231 2329 53 726 181 1872 155 1642 188 1939
-452 10 769 8900 138 1488 62 801 228 2300 162 1704 67 849 49 686 123 1350 12 355 178 1849 215 2180
-453 10 986 10890 209 2126 107 1213 225 2270 22 443 153 1621 37 575 209 2126 223 2255 243 2434 177 1840
-454 10 678 7542 102 1167 132 1438 45 652 129 1410 57 756 21 436 241 2412 105 1194 16 393 223 2250
-455 10 880 9413 164 1718 242 2427 231 2326 52 713 208 2122 228 2302 25 468 151 1605 55 741 104 1182
-456 10 1109 11803 241 2412 240 2404 188 1938 230 2317 71 889 153 1627 122 1340 150 1596 240 2403 111 1244
-457 10 869 9215 208 2122 123 1356 34 551 16 390 129 1404 71 889 148 1580 209 2124 248 2481 249 2484
-458 10 869 9210 81 976 81 976 25 467 240 2406 112 1255 204 2086 218 2207 210 2134 60 787 121 1334
-459 10 817 8738 55 743 211 2143 120 1328 171 1785 131 1426 138 1490 190 1958 6 303 189 1947 118 1309
-460 10 554 6574 11 349 55 741 114 1275 51 701 121 1331 23 455 154 1631 144 1546 89 1050 100 1143
-461 10 925 10394 112 1252 170 1779 127 1385 161 1691 226 2278 125 1373 149 1589 229 2306 117 1298 110 1235
-462 10 1113 11497 140 1502 173 1803 81 979 164 1719 126 1382 130 1412 238 2390 238 2389 217 2199 239 2395
-463 10 830 9357 249 2484 71 882 233 2344 241 2419 248 2474 49 685 16 390 41 617 166 1740 13 363
-464 10 778 8778 101 1159 8 318 101 1153 9 329 232 2338 152 1613 221 2233 249 2487 36 571 167 1752
-465 10 451 5776 103 1170 19 421 39 594 27 493 186 1921 37 578 34 552 12 356 11 346 239 2395
-466 10 576 6977 12 356 246 2463 75 920 162 1703 56 748 41 617 120 1327 52 714 62 806 65 834
-467 10 748 8248 216 2194 155 1638 33 540 186 1923 101 1159 26 484 19 421 20 430 230 2315 247 2466
-468 10 516 6491 74 915 147 1573 81 974 28 501 19 418 231 2327 158 1670 14 374 72 892 22 441
-469 10 942 10366 250 2492 46 660 151 1601 223 2253 16 390 105 1195 223 2254 169 1770 116 1287 241 2416
-470 10 1130 12264 203 2069 136 1473 125 1370 234 2356 172 1796 192 1972 180 1867 206 2100 73 901 229 2307
-471 10 855 9766 12 355 242 2421 128 1398 124 1365 212 2154 82 986 196 2006 223 2257 98 1126 67 848
-472 10 626 7399 203 2074 36 567 194 1989 102 1166 90 1053 127 1386 68 862 5 289 164 1718 24 464
-473 10 854 9028 190 1954 90 1052 215 2185 141 1518 242 2421 123 1350 41 611 186 1917 120 1323 24 461
-474 10 630 7630 122 1346 4 278 5 291 166 1736 11 341 247 2470 130 1412 59 781 100 1145 137 1475
-475 10 840 9224 236 2370 70 873 153 1627 200 2044 163 1712 79 957 68 854 240 2406 123 1351 30 516
-476 10 928 10365 40 606 222 2244 232 2338 136 1469 171 1783 39 595 226 2276 138 1485 157 1663 176 1832
-477 10 921 9896 76 934 208 2114 170 1778 121 1333 106 1203 245 2449 93 1085 133 1441 68 856 202 2063
-478 10 583 7071 89 1043 227 2288 28 494 192 1974 13 366 108 1218 76 929 139 1493 7 310 39 601
-479 10 771 8390 193 1980 100 1142 123 1350 206 2097 185 1915 249 2483 28 494 15 377 174 1813 13 367
-480 10 834 9304 98 1124 22 441 84 998 193 1984 155 1645 157 1657 228 2296 173 1805 40 608 149 1588
-481 10 695 7678 12 352 242 2427 6 301 6 301 161 1697 131 1427 79 957 145 1554 184 1899 171 1785
-482 10 814 9370 51 705 242 2424 36 573 91 1066 224 2264 190 1958 135 1465 227 2285 70 874 29 508
-483 10 511 6251 74 914 213 2165 10 340 81 972 101 1154 67 852 41 619 46 661 119 1321 93 1082
-484 10 741 8686 58 765 216 2187 238 2391 66 839 85 1015 177 1841 1 251 235 2359 3 274 129 1405
-485 10 668 7421 197 2015 136 1466 31 524 19 415 138 1486 47 672 66 843 237 2378 131 1429 51 705
-486 10 1052 11022 226 2279 200 2047 235 2364 37 582 21 434 173 1804 244 2442 97 1115 211 2145 243 2432
-487 10 733 8260 158 1666 209 2129 39 597 244 2443 51 706 40 603 73 906 97 1115 205 2095 104 1178
-488 10 590 7175 82 988 28 499 180 1863 45 648 69 864 191 1968 112 1250 98 1129 46 660 58 765
-489 10 874 9409 96 1114 133 1443 181 1875 62 806 226 2276 101 1155 169 1763 234 2355 61 793 128 1395
-490 10 684 7738 60 788 233 2346 13 359 117 1303 165 1733 12 350 142 1520 224 2260 6 299 133 1447
-491 10 968 10837 101 1151 189 1943 178 1852 161 1698 133 1444 104 1185 204 2083 173 1802 117 1303 240 2403
-492 10 711 8306 12 351 36 570 198 2024 37 577 114 1268 92 1076 189 1946 224 2262 106 1202 157 1657
-493 10 899 9330 117 1302 148 1580 211 2144 191 1969 66 844 99 1140 180 1862 39 594 194 1989 194 1988
-494 10 928 9790 68 861 161 1698 43 633 199 2038 156 1650 128 1399 82 985 182 1886 211 2142 201 2057
-495 10 519 6606 166 1742 8 316 47 667 20 426 133 1447 139 1498 148 1575 50 698 52 711 93 1079
-496 10 934 10125 219 2213 171 1786 28 496 43 637 237 2378 125 1372 206 2097 248 2479 171 1788 31 521
-497 10 627 7591 178 1850 43 633 26 478 74 912 226 2280 103 1176 18 407 155 1645 28 497 133 1439
-498 10 979 10061 186 1922 221 2236 99 1135 149 1583 69 871 44 645 192 1972 214 2168 192 1978 248 2478
-499 10 692 7740 194 1993 155 1644 8 318 84 1004 129 1409 140 1510 131 1424 13 366 40 607 243 2432
-500 10 503 6452 83 994 59 777 81 979 84 1000 134 1450 238 2388 29 503 95 1104 6 298 21 435
