-1 22 1395 16475 36 574 1 253 43 636 113 1266 202 2068 10 334 149 1588 209 2126 28 495 65 831 54 736 74 913 147 1567 30 520 151 1603 61 795 16 386 142 1528 214 2176 115 1278 68 855 226 2278
-2 22 1609 17682 155 1637 245 2448 142 1522 8 316 23 449 7 313 194 1996 137 1480 129 1406 165 1734 118 1307 183 1893 50 700 122 1342 153 1622 23 451 101 1152 136 1471 23 449 200 2050 176 1830 127 1388
-3 22 1746 19381 173 1802 8 322 165 1727 234 2355 130 1419 84 1000 33 542 8 317 213 2167 168 1759 43 631 143 1535 137 1483 88 1038 48 675 151 1603 245 2449 160 1690 198 2028 42 624 235 2357 15 382
-4 22 1928 21426 208 2115 18 406 89 1045 74 910 164 1722 186 1916 41 615 220 2223 133 1442 59 777 50 693 169 1767 86 1018 75 920 214 2172 138 1485 236 2372 158 1664 239 2396 239 2399 54 730 147 1572
-5 22 1727 20228 134 1454 209 2123 50 696 54 735 238 2389 107 1211 148 1581 17 401 87 1026 18 411 68 857 163 1711 159 1676 177 1843 176 1826 62 808 22 444 241 2415 120 1324 152 1615 186 1921 114 1271
-6 22 1822 19604 188 1939 173 1805 77 940 177 1842 204 2078 12 354 112 1257 186 1922 38 592 35 560 136 1470 174 1808 195 2005 117 1298 217 2201 181 1875 135 1462 83 997 50 695 155 1645 88 1038 227 2285
-7 22 1601 18726 44 643 192 1978 27 492 83 991 35 558 118 1310 143 1535 77 935 171 1784 205 2091 185 1915 26 478 238 2386 167 1748 12 356 81 974 246 2458 95 1103 199 2039 55 743 25 475 161 1695
-8 22 2092 23389 66 836 234 2348 126 1381 79 954 232 2337 232 2334 129 1411 110 1233 168 1762 160 1685 236 2373 242 2423 52 717 51 703 144 1544 201 2051 193 1981 194 1992 183 1893 17 403 210 2138 57 762
-9 22 1714 18999 121 1339 26 479 194 1996 194 1988 35 559 222 2243 194 1988 227 2287 24 466 217 2199 160 1687 103 1170 139 1494 46 664 65 835 103 1177 41 611 157 1663 41 614 189 1947 67 853 96 1108
-10 22 1910 20743 198 2029 199 2041 152 1611 17 395 25 473 119 1321 47 673 226 2284 140 1504 196 2013 159 1676 173 1807 119 1319 218 2210 100 1148 193 1980 33 546 184 1900 193 1982 147 1568 16 391 96 1112
-11 22 1664 18738 67 847 32 530 160 1684 114 1271 66 844 199 2041 71 887 109 1227 169 1770 11 348 223 2252 162 1701 132 1438 230 2317 58 772 159 1678 162 1703 220 2223 81 979 14 376 165 1734 43 633
-12 22 1974 21334 145 1547 203 2069 165 1729 61 795 86 1021 29 507 150 1596 126 1378 216 2191 245 2455 188 1939 161 1693 214 2169 147 1568 78 944 175 1820 207 2107 118 1310 94 1093 108 1217 86 1017 71 881
-13 22 1888 21295 42 626 145 1552 234 2349 49 687 248 2477 177 1835 67 846 130 1414 100 1144 126 1382 243 2433 245 2454 115 1278 248 2482 47 666 228 2300 219 2218 139 1494 106 1201 47 665 58 772 57 758
-14 22 1644 18395 116 1292 56 751 109 1226 236 2373 55 740 195 1997 102 1167 62 800 236 2370 19 417 228 2294 80 966 166 1742 230 2313 215 2182 42 623 20 430 76 926 97 1120 176 1826 25 468 46 662
-15 22 1538 18168 128 1399 71 881 207 2106 95 1101 158 1670 135 1463 211 2142 115 1283 232 2331 89 1046 3 273 17 401 202 2065 26 483 140 1508 83 996 91 1061 134 1450 56 751 112 1258 158 1669 40 604
-16 22 1760 19615 133 1439 51 706 246 2457 72 897 113 1263 198 2025 21 438 31 528 197 2015 42 625 123 1352 201 2051 206 2101 18 408 120 1329 13 366 203 2072 206 2098 101 1153 117 1302 114 1270 215 2179
-17 22 1647 18333 30 516 248 2478 178 1849 101 1155 204 2079 154 1632 111 1249 64 826 60 783 92 1072 75 917 102 1163 61 797 232 2336 223 2251 237 2380 168 1756 125 1370 78 952 44 639 16 390 57 756
-18 22 1604 18659 38 588 30 518 128 1394 202 2063 218 2206 82 982 125 1369 106 1201 198 2024 110 1240 176 1826 201 2052 97 1115 180 1866 22 448 69 866 30 518 111 1246 248 2477 75 925 144 1538 28 496
-19 22 1702 20055 151 1609 101 1152 59 777 220 2227 95 1099 235 2365 97 1119 241 2413 156 1649 116 1288 125 1375 11 345 165 1732 2 267 232 2338 61 795 68 854 83 991 87 1032 170 1773 228 2298 74 914
-20 22 1453 17429 249 2485 85 1015 80 963 25 470 1 259 237 2376 142 1526 161 1694 80 969 234 2348 43 632 36 570 71 887 145 1555 230 2316 213 2166 14 372 73 899 205 2087 24 458 15 381 9 326
-21 22 1732 19415 244 2445 79 955 98 1131 150 1597 4 283 69 871 48 680 187 1928 201 2051 224 2264 250 2500 81 979 2 262 197 2022 108 1216 225 2269 95 1102 65 835 53 720 158 1672 25 470 241 2417
-22 22 1638 19520 165 1735 2 265 83 997 108 1214 194 1991 79 960 81 978 246 2458 214 2173 1 251 52 715 232 2338 135 1457 123 1350 18 410 38 586 134 1448 177 1838 196 2007 210 2137 140 1503 87 1033
-23 22 1860 21653 241 2417 151 1604 30 519 194 1989 140 1503 38 589 158 1672 224 2265 219 2218 118 1312 97 1117 70 875 209 2131 118 1311 126 1377 56 748 81 971 192 1971 183 1892 49 685 36 566 162 1702
-24 22 2090 22971 244 2438 148 1582 221 2234 44 642 148 1580 112 1257 38 589 221 2238 164 1719 226 2284 119 1314 76 929 239 2399 94 1096 250 2498 149 1588 159 1677 121 1332 165 1731 21 435 169 1764 192 1974
-25 22 1407 17494 41 619 240 2402 47 672 57 762 63 809 131 1429 43 637 124 1362 241 2411 119 1315 39 594 105 1195 42 621 110 1240 30 518 127 1386 149 1587 73 904 53 722 97 1116 228 2301 108 1215
-26 22 2053 22545 192 1977 30 519 204 2083 91 1063 195 2004 231 2321 175 1818 159 1674 224 2266 200 2048 43 629 225 2270 13 363 213 2163 198 2024 104 1183 102 1166 25 475 94 1095 174 1812 110 1237 225 2270
-27 22 1884 20122 99 1134 38 588 184 1906 207 2109 134 1456 220 2223 41 616 240 2406 29 510 226 2283 200 2044 1 256 188 1939 200 2044 104 1186 217 2196 233 2347 19 419 229 2308 80 965 60 784 178 1849
-28 22 1650 18421 104 1178 235 2364 234 2352 210 2140 149 1588 10 337 50 700 84 1001 205 2093 79 961 172 1798 217 2200 3 274 215 2185 1 258 94 1096 59 774 75 918 75 917 41 611 195 2001 50 699
-29 22 1504 17147 197 2021 42 628 50 694 165 1727 113 1261 196 2010 232 2333 42 621 99 1137 59 779 103 1175 23 457 103 1176 75 918 15 382 198 2027 103 1169 104 1183 239 2399 48 682 141 1519 4 286
-30 22 1847 21224 245 2452 70 880 189 1946 36 566 34 554 108 1218 69 864 157 1658 218 2205 199 2035 228 2296 129 1405 117 1296 188 1939 75 922 185 1910 90 1055 136 1472 242 2426 88 1034 154 1629 9 323
-31 22 1849 20653 216 2192 79 960 216 2186 144 1546 10 332 34 549 142 1523 234 2349 101 1151 215 2178 218 2208 172 1798 116 1289 224 2260 155 1637 51 705 46 660 113 1265 5 293 179 1860 132 1434 158 1666
-32 22 1590 18499 169 1768 113 1264 23 455 155 1643 131 1424 103 1175 69 864 232 2330 133 1442 30 515 192 1978 61 792 9 325 181 1879 27 485 132 1430 47 671 195 2002 142 1527 11 345 245 2448 142 1525
-33 22 1493 17945 227 2293 239 2397 36 567 156 1648 36 573 127 1385 92 1070 128 1401 233 2345 80 962 19 417 149 1583 44 645 33 540 188 1935 89 1050 71 889 54 735 132 1432 34 551 10 337 218 2204
-34 22 2066 22483 213 2160 166 1736 232 2332 205 2093 115 1277 185 1907 209 2124 229 2304 36 568 196 2012 174 1812 127 1387 66 837 58 768 80 969 115 1280 77 940 129 1409 221 2237 226 2284 9 331 132 1436
-35 22 1488 18053 91 1068 58 767 17 395 190 1952 143 1532 237 2379 203 2077 180 1870 59 780 66 840 109 1231 33 542 167 1746 93 1084 227 2288 57 763 140 1504 15 377 96 1106 1 259 118 1310 11 346
-36 22 1608 18207 94 1095 91 1069 127 1389 117 1295 152 1613 108 1214 47 666 193 1983 126 1379 67 851 5 293 40 608 165 1732 220 2227 213 2159 17 400 62 806 30 512 210 2135 244 2439 66 836 105 1193
-37 22 1661 19109 204 2085 237 2381 143 1536 225 2270 153 1626 31 525 31 526 116 1294 62 802 135 1464 122 1340 83 995 15 378 169 1765 78 944 42 622 70 879 143 1532 249 2490 172 1796 60 782 40 603
-38 22 2090 23160 186 1920 248 2476 164 1724 238 2387 150 1598 20 424 163 1717 133 1441 174 1809 39 601 107 1213 124 1361 184 1901 18 411 212 2154 65 832 179 1857 229 2310 203 2076 221 2233 93 1086 74 910
-39 22 1510 17202 58 764 242 2421 133 1443 225 2273 149 1588 116 1288 21 431 86 1024 163 1717 172 1796 20 428 169 1770 14 376 160 1683 1 256 81 975 108 1220 138 1489 6 304 64 824 130 1416 190 1953
-40 22 1781 20063 5 294 194 1993 5 292 205 2092 174 1810 142 1528 177 1842 160 1690 242 2427 2 265 164 1718 243 2431 63 809 30 516 67 853 152 1616 24 460 189 1945 248 2480 21 435 92 1077 144 1540
-41 22 1860 21012 94 1093 235 2362 162 1708 124 1366 3 269 129 1410 25 475 225 2272 72 898 184 1903 115 1277 232 2332 19 418 8 322 155 1645 121 1339 236 2373 71 881 184 1904 218 2206 179 1856 123 1350
-42 22 1838 19978 6 304 103 1169 181 1873 147 1571 75 925 102 1167 145 1548 223 2257 192 1978 34 551 133 1443 79 957 179 1854 245 2452 33 545 194 1996 28 502 158 1668 156 1652 97 1118 158 1671 233 2343
-43 22 1708 20014 186 1917 34 551 118 1304 219 2218 227 2291 132 1430 31 524 124 1364 82 983 193 1985 33 542 204 2082 244 2446 135 1458 124 1360 34 553 102 1163 149 1588 10 332 25 473 187 1931 78 950
-44 22 1826 20928 30 517 215 2181 60 783 98 1129 133 1443 80 969 231 2328 207 2112 189 1944 171 1784 138 1491 107 1207 234 2348 75 917 42 626 242 2422 100 1144 93 1079 51 701 250 2492 4 281 96 1106
-45 22 1791 20324 113 1261 83 989 120 1330 141 1512 136 1470 243 2429 135 1465 138 1490 72 897 35 565 5 295 135 1464 217 2201 198 2031 61 793 248 2482 34 551 76 933 112 1257 217 2198 243 2436 29 508
-46 22 2034 22138 21 432 117 1297 161 1693 84 1006 21 439 205 2095 128 1402 228 2294 98 1125 234 2350 39 597 250 2497 207 2113 196 2013 198 2026 221 2237 245 2450 113 1263 91 1069 93 1082 23 449 216 2194
-47 22 1460 17582 31 527 112 1255 98 1127 4 284 200 2045 55 740 10 333 236 2369 192 1974 218 2208 42 622 64 825 40 606 233 2347 115 1277 6 303 134 1452 125 1375 169 1763 189 1950 5 289 99 1135
-48 22 1995 21309 159 1678 97 1119 180 1869 115 1283 87 1032 100 1145 54 729 215 2178 4 279 192 1972 246 2462 103 1174 115 1277 225 2274 248 2479 145 1555 119 1315 45 652 196 2014 179 1861 231 2329 36 566
-49 22 1661 19379 41 618 165 1728 209 2126 16 391 212 2158 85 1009 223 2249 169 1767 55 738 105 1194 74 908 39 601 124 1365 50 693 126 1384 198 2028 180 1870 82 980 75 923 165 1730 160 1684 23 452
-50 22 1623 19436 21 438 88 1035 86 1016 102 1163 110 1238 108 1218 21 432 177 1836 213 2165 33 542 170 1776 238 2389 14 376 14 368 229 2306 117 1300 185 1909 50 696 228 2294 121 1337 30 514 237 2378
-51 22 1987 21864 218 2209 20 426 232 2337 164 1721 76 926 229 2311 224 2263 28 499 210 2139 96 1112 101 1154 210 2136 213 2162 167 1746 114 1271 35 565 127 1391 209 2130 230 2319 242 2422 32 530 89 1048
-52 22 1446 16955 130 1419 2 264 169 1763 145 1549 26 478 56 748 184 1906 76 929 216 2192 21 437 240 2402 134 1449 35 561 229 2305 176 1832 113 1267 87 1025 40 602 56 749 121 1333 107 1207 19 419
-53 22 1908 20487 107 1213 114 1268 231 2321 32 537 126 1380 84 1002 193 1985 137 1482 90 1054 131 1424 151 1608 144 1542 75 921 135 1463 174 1813 79 960 177 1838 157 1657 237 2383 248 2474 98 1126 233 2343
-54 22 1807 19449 214 2175 115 1280 182 1888 68 860 126 1379 122 1344 121 1334 127 1393 92 1071 197 2021 19 416 244 2446 30 512 170 1774 161 1696 46 657 184 1905 201 2055 125 1374 139 1501 146 1563 96 1108
-55 22 1708 20083 118 1305 160 1687 119 1321 242 2428 75 925 106 1199 150 1593 188 1938 47 672 6 296 175 1824 84 1001 237 2379 154 1633 29 507 248 2481 98 1125 210 2140 36 569 69 865 214 2175 57 757
-56 22 1767 20361 29 510 181 1879 28 498 202 2062 162 1703 207 2105 93 1085 249 2485 110 1237 169 1770 129 1410 141 1513 189 1947 152 1613 8 319 1 251 40 602 149 1583 9 331 139 1498 198 2026 207 2109
-57 22 1776 19637 174 1812 87 1027 81 974 145 1554 150 1592 250 2499 192 1974 2 260 96 1109 232 2335 188 1940 146 1561 195 2005 56 754 13 367 101 1152 3 275 159 1680 39 597 177 1836 230 2318 63 816
-58 22 1734 19908 156 1649 224 2264 135 1461 55 737 61 798 159 1675 230 2318 147 1568 123 1352 7 305 162 1700 162 1708 47 670 228 2301 31 527 45 653 189 1947 108 1222 12 353 76 930 137 1483 244 2446
-59 22 1540 18124 24 465 129 1403 25 473 245 2452 100 1143 42 628 23 452 210 2135 68 862 196 2014 62 807 66 840 50 697 190 1958 183 1891 177 1836 202 2067 188 1934 156 1652 46 657 45 652 64 822
-60 22 1776 19921 121 1337 242 2427 98 1131 249 2484 250 2495 117 1295 79 958 220 2227 148 1578 140 1504 56 746 28 496 39 593 47 673 10 334 171 1781 224 2263 129 1411 13 364 88 1041 182 1884 227 2289
-61 22 1787 19539 136 1470 172 1792 118 1312 180 1870 213 2163 120 1329 119 1316 129 1408 21 434 49 691 190 1954 151 1608 238 2384 183 1891 79 959 14 369 193 1985 220 2230 79 958 99 1137 20 429 128 1398
-62 22 1663 19305 199 2036 2 268 115 1283 93 1080 150 1596 92 1073 167 1750 87 1027 209 2125 107 1209 32 532 65 827 248 2475 142 1525 181 1879 116 1290 45 655 199 2040 178 1846 21 439 53 719 62 802
-63 22 1361 16825 169 1769 14 370 47 669 133 1447 61 799 160 1684 32 531 99 1135 130 1413 206 2103 91 1068 144 1540 10 340 137 1480 1 258 112 1257 161 1697 65 834 147 1565 77 937 62 804 200 2049
-64 22 1925 21741 189 1951 179 1854 139 1498 82 982 170 1772 198 2031 245 2451 243 2430 41 618 230 2315 229 2310 37 577 90 1060 117 1300 53 719 52 717 70 876 185 1907 244 2441 6 298 94 1094 168 1757
-65 22 1582 18766 237 2381 95 1100 93 1079 114 1274 47 669 112 1255 20 427 50 693 116 1287 159 1680 236 2371 206 2101 55 742 176 1834 75 923 34 548 132 1433 157 1663 162 1700 186 1916 93 1079 60 789
-66 22 1820 20016 64 825 137 1482 185 1909 4 286 151 1608 164 1721 14 372 123 1352 62 800 96 1114 58 766 219 2216 165 1731 176 1830 124 1360 43 631 188 1934 47 670 227 2288 117 1303 237 2377 233 2345
-67 22 1851 21593 142 1525 133 1447 220 2228 152 1613 5 291 76 932 43 632 226 2277 249 2490 200 2048 41 617 104 1186 26 480 3 271 89 1049 244 2438 44 642 244 2445 240 2406 154 1631 39 599 241 2418
-68 22 1885 20157 123 1351 203 2076 93 1087 18 405 235 2360 4 285 158 1666 188 1934 138 1485 58 771 135 1464 204 2078 106 1198 14 370 212 2152 161 1694 220 2222 103 1174 201 2051 82 983 157 1655 241 2412
-69 22 1511 18244 11 342 37 581 69 870 240 2409 181 1872 158 1670 68 855 161 1696 229 2303 107 1209 137 1477 238 2391 92 1072 10 334 15 381 103 1174 195 2004 131 1426 100 1149 76 927 73 906 64 826
-70 22 1710 20078 177 1838 45 655 92 1077 217 2203 9 325 11 341 124 1359 52 710 40 602 149 1587 213 2160 61 796 218 2211 220 2228 117 1297 173 1805 92 1075 57 760 235 2363 98 1132 105 1193 230 2316
-71 22 1639 18263 136 1468 125 1374 198 2026 210 2139 10 336 46 660 166 1738 100 1143 122 1345 185 1907 22 440 50 692 103 1176 85 1007 221 2238 87 1033 69 869 234 2348 230 2313 1 251 139 1493 121 1338
-72 22 1466 17178 13 364 160 1687 182 1884 6 299 137 1482 203 2069 38 589 102 1164 139 1493 114 1270 54 729 33 547 49 683 13 361 65 835 81 975 169 1769 45 654 143 1530 130 1416 154 1634 229 2311
-73 22 1739 19276 222 2243 94 1090 38 591 158 1670 172 1798 55 738 201 2051 109 1229 246 2462 35 564 200 2049 95 1102 109 1226 160 1685 35 559 125 1369 178 1848 84 1001 156 1653 158 1669 184 1899 35 564
-74 22 1759 20247 180 1866 191 1966 246 2459 115 1278 202 2064 15 377 201 2058 181 1871 166 1738 64 822 163 1712 58 766 63 813 104 1183 3 269 140 1503 100 1145 78 948 4 283 67 848 155 1641 220 2229
-75 22 1747 20280 204 2079 51 702 159 1681 172 1791 76 933 26 476 222 2243 245 2452 94 1092 97 1117 140 1510 171 1786 54 733 51 703 58 765 143 1530 152 1610 232 2334 137 1476 71 888 107 1211 39 596
-76 22 1628 18327 187 1926 250 2495 116 1291 241 2412 194 1993 5 295 93 1079 217 2196 102 1165 13 361 123 1354 189 1944 95 1102 146 1563 206 2104 3 274 96 1109 182 1884 12 350 119 1313 8 322 29 510
-77 22 1952 22145 125 1375 146 1557 229 2305 186 1924 120 1324 113 1259 186 1918 53 726 88 1036 128 1394 234 2352 86 1020 156 1646 45 652 112 1256 93 1087 204 2079 227 2290 141 1516 236 2367 79 956 211 2142
-78 22 1807 20496 175 1823 193 1983 176 1831 8 322 225 2270 99 1137 190 1958 154 1636 214 2172 21 435 135 1459 123 1351 149 1591 166 1739 33 543 51 702 100 1150 45 654 210 2138 103 1172 97 1115 118 1306
-79 22 1878 20638 16 389 192 1971 38 589 18 404 180 1863 135 1460 64 818 231 2327 113 1265 193 1984 83 997 231 2323 235 2361 54 731 6 303 200 2050 64 826 36 568 250 2494 177 1835 193 1979 219 2218
-80 22 1563 17813 40 607 92 1075 50 696 11 348 216 2190 41 615 108 1217 83 995 117 1295 151 1602 152 1616 2 261 213 2163 201 2056 232 2337 150 1599 162 1707 13 360 13 363 107 1209 221 2238 191 1965
-81 22 1455 17269 213 2159 107 1207 101 1157 92 1076 83 993 68 862 2 265 164 1719 12 350 86 1017 18 405 147 1568 206 2102 152 1611 163 1714 79 958 129 1409 85 1015 73 902 81 972 159 1673 204 2086
-82 22 1580 17925 112 1256 99 1141 119 1317 200 2043 135 1463 62 800 148 1575 151 1606 94 1090 71 881 65 832 70 878 100 1144 225 2270 31 528 6 300 95 1097 198 2029 127 1388 153 1620 160 1690 109 1225
-83 22 1637 18601 227 2288 39 597 93 1081 25 469 198 2024 179 1853 66 840 195 2000 207 2105 10 339 82 982 111 1247 155 1641 85 1010 82 982 25 473 243 2435 105 1193 206 2104 166 1741 93 1081 17 397
-84 22 1961 22449 154 1634 176 1826 182 1884 226 2283 31 523 187 1930 207 2107 97 1120 67 853 217 2195 116 1286 16 389 241 2418 212 2151 2 263 70 878 141 1518 226 2283 126 1376 128 1399 25 474 232 2336
-85 22 1575 18425 80 970 12 352 24 460 248 2479 109 1231 53 719 160 1684 29 504 224 2263 145 1547 68 857 13 364 154 1633 40 608 145 1550 175 1818 243 2436 49 687 210 2139 140 1504 54 735 211 2146
-86 22 1693 20117 182 1887 3 272 87 1025 167 1747 157 1663 40 608 38 586 248 2474 163 1715 190 1960 94 1089 33 539 241 2413 74 910 176 1827 46 664 27 491 54 736 211 2149 166 1738 192 1972 24 464
-87 22 1366 16644 86 1022 136 1466 3 273 119 1315 218 2204 127 1389 224 2262 150 1593 131 1424 47 669 92 1072 195 2003 21 439 21 432 114 1275 81 974 157 1655 35 562 113 1259 45 651 2 265 129 1410
-88 22 1795 20822 179 1858 229 2309 158 1672 76 929 140 1504 228 2300 133 1439 107 1212 46 660 119 1317 179 1855 18 411 180 1862 116 1292 55 739 134 1451 109 1224 13 364 172 1791 112 1256 201 2052 134 1452
-89 22 1352 16949 138 1488 3 271 136 1474 41 614 127 1386 102 1166 166 1743 102 1165 178 1849 14 372 3 276 37 579 72 890 216 2192 108 1214 187 1929 220 2230 62 807 15 382 32 530 213 2160 19 418
-90 22 1979 21413 42 625 175 1817 200 2046 98 1128 223 2252 202 2062 246 2462 135 1459 19 416 240 2407 162 1707 164 1719 169 1767 50 697 8 322 217 2197 203 2070 74 911 53 726 248 2482 55 739 162 1706
-91 22 1830 20803 90 1058 191 1965 203 2074 76 928 24 463 65 827 100 1142 184 1905 234 2356 186 1922 241 2414 185 1910 235 2358 30 519 65 829 152 1615 10 333 210 2139 23 456 178 1846 26 481 172 1797
-92 22 1928 21907 152 1612 157 1658 18 410 168 1760 104 1182 201 2057 87 1025 102 1164 175 1824 239 2394 141 1515 119 1316 209 2124 203 2071 123 1350 59 773 84 1005 211 2148 61 795 104 1181 121 1334 213 2167
-93 22 1628 18883 74 909 20 425 202 2062 200 2045 57 757 233 2343 50 700 27 487 50 698 160 1689 90 1058 139 1501 184 1899 100 1142 86 1018 70 876 44 642 116 1289 166 1740 167 1752 206 2103 211 2148
-94 22 1970 22449 111 1241 167 1753 167 1751 108 1218 147 1568 145 1547 65 832 1 257 234 2349 246 2457 223 2249 83 990 211 2143 204 2085 142 1522 192 1978 9 325 141 1519 216 2188 91 1061 31 526 138 1485
-95 22 1790 19805 3 273 114 1275 90 1052 145 1553 96 1110 142 1522 188 1939 146 1562 31 521 136 1467 219 2215 220 2228 140 1509 234 2352 178 1849 210 2140 204 2082 3 272 51 704 36 571 137 1477 80 967
-96 22 1825 19894 147 1565 101 1154 79 959 107 1208 97 1118 204 2079 5 287 250 2500 169 1771 175 1819 36 568 52 713 143 1530 41 611 178 1845 78 952 193 1984 220 2225 181 1878 69 866 186 1920 168 1760
-97 22 1624 19216 117 1297 38 584 126 1384 90 1057 204 2080 97 1120 53 719 187 1929 99 1133 177 1837 199 2038 30 515 1 252 215 2179 137 1475 130 1415 189 1951 124 1358 236 2373 120 1327 72 898 38 587
-98 22 1680 19191 150 1594 180 1868 174 1815 88 1038 15 377 223 2252 32 535 10 333 169 1771 102 1165 22 447 183 1889 137 1477 237 2376 132 1438 35 565 45 648 140 1505 129 1409 155 1644 98 1128 138 1484
-99 22 1545 18160 165 1733 216 2194 63 810 143 1530 5 293 91 1068 85 1009 94 1091 106 1201 83 995 156 1653 215 2181 150 1594 174 1811 173 1799 32 534 13 359 199 2039 78 950 38 586 180 1866 47 665
-100 22 1377 16227 221 2239 16 391 244 2439 63 814 222 2245 24 459 40 604 155 1640 37 575 27 487 74 916 62 804 129 1404 247 2465 212 2158 97 1120 51 702 1 257 247 2466 24 458 28 502 17 395
-101 22 1525 17609 45 650 163 1717 102 1160 215 2183 83 989 77 935 156 1649 100 1143 186 1924 44 646 44 638 111 1243 220 2222 39 598 128 1400 72 892 84 1002 1 251 167 1749 168 1757 120 1324 127 1387
-102 22 1739 19152 239 2393 38 586 85 1015 126 1378 69 871 121 1336 97 1120 124 1362 90 1060 38 590 91 1061 134 1451 215 2180 84 999 55 744 249 2491 98 1125 207 2113 133 1439 186 1917 124 1359 90 1058
-103 22 1730 19378 5 294 112 1255 203 2074 10 332 211 2148 191 1967 163 1709 94 1096 178 1845 174 1814 147 1567 179 1856 143 1536 55 738 75 919 95 1100 1 254 39 600 199 2034 91 1068 143 1530 214 2170
-104 22 1734 19928 214 2172 95 1099 46 659 230 2318 91 1068 70 880 136 1470 244 2441 179 1855 44 646 162 1705 111 1242 227 2287 234 2354 235 2358 125 1372 35 558 21 438 56 747 114 1276 108 1217 86 1020
-105 22 1853 20850 31 528 80 965 249 2491 156 1650 179 1858 105 1192 153 1626 73 904 157 1661 168 1758 125 1367 222 2248 63 814 188 1940 145 1553 213 2162 41 617 81 977 118 1311 169 1767 224 2265 124 1358
-106 22 1684 19643 31 523 104 1182 226 2281 224 2259 249 2490 248 2479 75 920 131 1421 6 302 63 811 90 1055 58 771 87 1027 62 801 116 1286 60 785 130 1414 194 1989 211 2149 76 928 164 1723 120 1325
-107 22 1868 21089 226 2281 215 2180 151 1609 54 734 191 1969 199 2036 108 1218 18 407 206 2097 77 942 224 2261 52 711 40 603 122 1345 36 567 109 1231 241 2418 109 1225 54 731 186 1916 175 1823 205 2091
-108 22 1592 18123 118 1305 62 804 46 663 78 946 147 1565 222 2247 19 414 150 1598 2 265 109 1226 160 1682 76 933 163 1713 136 1474 222 2247 101 1157 84 1006 180 1864 63 810 227 2285 160 1685 60 782
-109 22 1703 19094 231 2327 246 2461 107 1206 73 899 134 1454 10 338 76 933 161 1699 190 1955 70 872 1 251 23 450 64 818 207 2109 246 2459 185 1909 195 2004 40 610 108 1218 14 373 45 651 244 2444
-110 22 1813 21010 173 1801 193 1979 95 1105 178 1849 120 1324 107 1209 206 2102 215 2180 66 839 99 1141 184 1904 161 1695 164 1718 94 1091 67 849 143 1535 215 2182 41 616 88 1038 237 2378 99 1139 58 770
-111 22 1785 20211 195 2005 8 318 233 2344 89 1045 223 2250 8 318 31 522 32 530 31 523 90 1058 87 1026 237 2383 72 897 248 2478 202 2065 59 774 112 1250 250 2493 227 2292 60 787 134 1456 182 1883
-112 22 1744 20025 161 1694 5 288 20 423 167 1745 28 495 11 343 240 2405 41 617 46 658 131 1425 58 770 220 2230 147 1571 167 1746 213 2165 71 885 249 2486 245 2455 58 767 216 2186 191 1963 163 1713
-113 22 1442 17248 205 2089 106 1200 45 647 56 749 91 1067 62 802 94 1094 34 550 112 1250 3 273 143 1530 140 1506 119 1319 67 848 105 1195 121 1338 162 1706 152 1612 29 511 141 1511 129 1406 234 2352
-114 22 1787 19964 7 312 223 2253 158 1668 145 1554 193 1987 5 294 67 852 122 1344 186 1919 98 1130 106 1199 174 1810 83 991 227 2285 165 1732 194 1989 163 1712 96 1109 138 1492 46 661 155 1637 184 1904
-115 22 1776 20567 37 575 112 1250 169 1769 127 1390 231 2329 226 2279 78 950 171 1784 89 1051 116 1290 98 1125 239 2398 32 531 115 1280 150 1593 50 699 136 1471 90 1058 220 2225 195 2004 56 754 118 1309
-116 22 1397 17087 224 2259 134 1452 232 2335 148 1579 174 1810 3 277 137 1480 55 744 40 604 119 1317 145 1547 137 1476 85 1007 46 662 73 899 31 524 19 417 39 595 148 1580 85 1007 26 477 90 1060
-117 22 1522 18150 31 525 208 2121 78 951 58 770 126 1380 25 475 84 999 109 1228 54 731 39 598 77 937 114 1268 203 2071 212 2156 172 1790 210 2135 57 757 213 2162 122 1344 206 2104 31 527 25 471
-118 22 1923 21144 109 1223 13 366 196 2011 166 1736 158 1664 69 869 106 1202 155 1641 9 326 169 1770 34 551 229 2311 226 2279 38 585 90 1058 183 1891 21 439 205 2088 236 2371 198 2029 161 1691 204 2084
-119 22 1611 19208 18 408 108 1218 37 579 70 872 221 2235 8 316 95 1099 24 464 31 525 148 1581 59 775 170 1772 47 667 234 2352 201 2055 96 1108 244 2439 230 2316 185 1908 41 619 93 1082 158 1667
-120 22 1905 21609 159 1677 115 1283 229 2306 158 1664 3 270 187 1931 193 1987 172 1791 17 396 250 2494 162 1708 192 1973 113 1260 206 2103 169 1769 149 1586 44 645 67 846 215 2181 25 473 35 559 190 1952
-121 22 1856 20125 236 2372 248 2476 94 1092 36 570 101 1151 125 1370 88 1040 25 469 209 2130 154 1634 21 437 118 1304 249 2487 201 2058 225 2274 120 1329 89 1044 83 993 98 1130 181 1877 181 1872 39 597
-122 22 1686 19269 14 373 237 2375 190 1957 208 2120 196 2011 126 1380 59 773 26 477 201 2052 19 416 33 544 243 2435 109 1230 74 912 107 1206 149 1589 84 1004 217 2195 66 836 51 707 240 2409 121 1338
-123 22 1618 19120 68 860 119 1320 89 1044 227 2291 121 1337 15 381 156 1653 103 1170 241 2411 42 622 79 958 25 472 202 2068 204 2082 38 587 155 1644 26 483 200 2045 75 918 200 2044 3 273 189 1951
-124 22 1804 19842 249 2489 16 389 217 2198 34 550 74 912 219 2217 23 455 111 1241 67 845 53 726 159 1680 250 2493 228 2294 238 2386 17 398 15 379 26 481 207 2107 219 2221 23 449 213 2161 128 1397
-125 22 1714 19022 231 2321 245 2447 21 437 18 404 225 2272 80 966 191 1963 93 1084 187 1931 29 506 12 351 166 1736 140 1505 239 2400 204 2083 47 670 67 850 7 305 64 823 223 2253 157 1656 167 1748
-126 22 1504 17543 140 1504 72 895 135 1464 131 1421 159 1681 2 260 180 1865 37 580 122 1346 86 1021 223 2251 15 384 191 1966 88 1041 82 988 103 1174 99 1135 205 2094 60 783 173 1802 34 551 162 1704
-127 22 1953 22105 97 1122 234 2351 85 1014 27 489 58 770 63 813 174 1814 167 1751 216 2192 85 1009 146 1562 94 1093 217 2196 87 1032 144 1545 106 1199 245 2452 201 2051 13 363 186 1922 126 1376 243 2430
-128 22 1646 19434 208 2122 176 1831 103 1169 135 1457 50 698 128 1402 79 961 34 555 14 373 70 878 59 775 71 881 186 1918 2 266 243 2435 151 1602 198 2029 239 2394 192 1978 106 1204 75 924 70 873
-129 22 1735 19726 168 1756 214 2168 209 2125 165 1727 222 2243 39 597 95 1103 140 1504 238 2386 168 1757 146 1558 37 579 73 900 41 614 127 1392 227 2288 71 882 160 1683 19 416 34 555 114 1269 10 336
-130 22 2168 24158 236 2371 219 2213 162 1708 194 1990 242 2420 214 2176 126 1376 113 1264 122 1341 138 1486 149 1591 92 1072 5 290 134 1455 193 1984 244 2446 26 484 245 2452 236 2366 148 1582 168 1759 19 420
-131 22 1281 16223 99 1137 61 794 191 1967 54 735 204 2081 241 2415 118 1308 47 667 61 792 99 1134 8 320 69 867 38 584 18 407 10 339 71 888 53 722 29 511 137 1480 178 1850 40 605 150 1592
-132 22 1730 19784 216 2192 161 1693 126 1380 61 795 2 264 102 1160 122 1343 33 544 245 2448 189 1946 174 1810 215 2177 59 776 59 779 197 2019 203 2072 198 2026 53 720 53 721 85 1010 204 2080 4 280
-133 22 1887 20676 54 728 74 915 114 1268 219 2220 130 1420 234 2348 24 465 223 2251 92 1078 155 1645 234 2352 105 1194 34 552 236 2366 177 1839 226 2282 10 337 149 1591 47 673 177 1843 157 1663 229 2303
-134 22 1581 17950 96 1108 101 1156 37 575 194 1994 197 2023 39 598 34 552 206 2103 74 914 154 1635 200 2047 135 1461 135 1457 122 1344 32 536 10 336 34 549 143 1529 123 1349 227 2286 82 987 177 1841
-135 22 1890 21163 46 657 17 400 88 1035 141 1518 226 2284 155 1644 31 528 175 1820 47 666 155 1638 72 895 39 600 237 2380 162 1708 175 1821 249 2491 169 1766 157 1663 202 2067 152 1613 145 1550 190 1958
-136 22 2048 22101 223 2249 24 466 91 1067 174 1808 181 1877 233 2342 115 1284 203 2070 142 1525 148 1582 210 2132 105 1191 20 429 158 1664 112 1255 90 1058 143 1529 221 2239 160 1682 195 2001 103 1169 197 2015
-137 22 1858 21405 203 2071 142 1521 173 1804 31 529 227 2287 52 717 128 1400 204 2082 228 2294 102 1168 200 2043 33 545 226 2281 137 1475 176 1826 62 804 130 1419 142 1521 108 1221 4 283 127 1389 87 1030
-138 22 1738 19521 239 2395 132 1435 6 301 111 1246 223 2255 197 2019 30 514 184 1904 85 1009 196 2007 243 2430 121 1336 70 877 138 1487 90 1060 178 1848 131 1428 75 922 75 921 41 618 11 342 233 2347
-139 22 1559 17743 235 2361 127 1386 203 2070 193 1980 243 2430 1 256 140 1502 166 1742 42 620 26 476 174 1815 37 583 190 1960 108 1219 197 2018 57 759 11 347 37 580 96 1112 52 716 111 1243 20 428
-140 22 1579 18608 31 525 221 2238 182 1883 4 281 100 1147 101 1151 204 2085 140 1506 137 1477 78 949 221 2233 101 1154 25 469 65 835 117 1297 141 1516 120 1324 154 1633 195 2005 34 551 115 1282 97 1121
-141 22 1600 17995 78 947 115 1279 151 1602 164 1718 100 1150 58 768 175 1825 108 1217 29 510 50 693 153 1625 106 1204 140 1504 68 860 115 1282 140 1505 206 2103 39 594 212 2152 89 1043 239 2399 1 251
-142 22 1547 17861 240 2410 113 1265 20 430 21 435 219 2216 65 829 147 1565 17 400 227 2288 101 1153 169 1770 143 1531 201 2054 116 1286 32 537 198 2028 71 887 76 928 101 1153 24 464 35 564 238 2389
-143 22 1719 19000 21 437 162 1708 48 678 130 1417 173 1803 226 2280 217 2198 192 1978 181 1876 81 978 80 962 40 610 29 503 228 2302 8 321 115 1284 175 1818 218 2212 183 1891 55 737 86 1019 123 1352
-144 22 1730 19466 161 1699 58 769 70 873 166 1742 172 1790 119 1313 159 1678 171 1782 178 1848 187 1929 43 637 82 988 107 1205 164 1725 63 816 122 1343 96 1111 89 1045 239 2401 62 800 70 874 240 2406
-145 22 1767 19967 118 1310 80 966 197 2023 160 1689 18 405 99 1139 201 2052 119 1317 186 1920 174 1810 62 808 1 255 150 1599 190 1960 31 527 197 2017 127 1386 78 945 154 1633 58 769 238 2387 182 1888
-146 22 2111 22581 92 1077 30 519 168 1754 153 1621 48 676 245 2452 244 2440 217 2197 11 341 210 2138 143 1535 227 2285 248 2479 174 1813 72 890 194 1989 199 2037 200 2050 228 2300 78 948 36 574 118 1304
-147 22 1347 16788 33 539 185 1910 159 1681 14 373 36 569 199 2040 190 1959 183 1893 29 504 45 647 198 2032 22 444 250 2498 21 432 29 505 66 841 11 346 77 939 90 1058 208 2114 69 865 15 382
-148 22 1354 16938 168 1755 152 1616 239 2400 195 1998 2 267 124 1361 45 654 60 786 247 2467 198 2025 103 1174 56 753 115 1283 92 1076 29 503 60 785 88 1035 1 255 32 531 11 349 187 1931 7 310
-149 22 1815 20859 10 332 16 391 196 2013 151 1608 235 2362 145 1549 71 886 250 2499 13 361 100 1143 217 2196 77 938 145 1550 109 1225 167 1746 122 1342 107 1206 149 1584 60 786 192 1973 241 2418 178 1847
-150 22 1660 18279 12 358 31 524 72 896 200 2042 202 2061 232 2338 175 1820 152 1618 170 1775 206 2100 187 1931 39 601 203 2071 195 2003 80 968 55 739 60 783 130 1412 138 1488 41 613 52 710 126 1382
-151 22 1806 21113 163 1712 173 1802 63 814 138 1488 68 856 62 808 9 324 143 1533 51 709 41 618 195 1999 79 959 189 1946 100 1150 238 2391 249 2491 110 1236 244 2443 174 1810 23 449 229 2308 192 1970
-152 22 1764 20342 96 1114 215 2182 229 2310 215 2179 183 1889 49 684 13 363 165 1735 239 2397 70 874 80 967 210 2136 50 692 3 272 192 1971 86 1021 20 429 51 708 142 1522 182 1888 206 2103 112 1258
-153 22 2023 21349 77 941 129 1406 88 1040 190 1953 190 1960 48 679 156 1649 93 1082 154 1630 84 1004 44 645 195 2003 102 1163 226 2278 226 2279 175 1822 244 2440 73 899 205 2095 190 1954 182 1883 112 1252
-154 22 1960 21501 246 2464 24 459 233 2341 59 780 132 1430 201 2053 150 1595 51 706 210 2140 169 1763 83 990 230 2317 196 2006 159 1679 228 2301 28 497 37 578 170 1779 28 497 117 1295 202 2068 71 882
-155 22 2009 23123 200 2046 15 378 179 1855 219 2215 131 1425 204 2083 146 1564 220 2229 242 2426 174 1816 240 2404 159 1677 26 482 114 1273 169 1770 54 732 215 2177 19 419 40 606 224 2259 82 980 22 440
-156 22 1925 21046 230 2320 19 419 235 2358 109 1224 176 1829 150 1593 21 436 165 1730 160 1684 161 1696 135 1458 127 1385 28 495 128 1397 216 2187 180 1866 125 1370 219 2214 108 1220 27 489 143 1534 217 2197
-157 22 1848 21041 217 2200 236 2373 148 1574 73 903 95 1098 133 1440 205 2088 134 1454 45 648 191 1966 139 1501 145 1550 183 1894 201 2059 114 1273 184 1905 39 598 15 381 192 1973 201 2057 62 804 128 1395
-158 22 1553 17759 171 1787 192 1975 43 629 170 1773 12 357 8 320 208 2120 228 2296 238 2388 64 824 12 355 42 627 2 264 207 2111 21 435 116 1288 105 1194 157 1658 185 1910 40 604 210 2135 7 309
-159 22 1470 16875 225 2272 147 1573 50 698 65 831 161 1698 70 874 114 1276 106 1198 20 423 134 1451 93 1083 26 484 180 1870 213 2166 52 717 64 826 104 1182 101 1157 94 1093 51 706 119 1318 136 1474
-160 22 1401 16973 188 1941 156 1654 89 1046 51 701 42 623 79 961 202 2061 155 1640 35 558 109 1228 17 402 122 1340 229 2303 66 837 28 502 208 2115 60 788 127 1387 14 368 14 370 240 2410 60 789
-161 22 1752 19781 40 610 167 1750 81 971 237 2382 24 459 119 1313 46 662 177 1838 55 737 226 2276 53 725 34 554 152 1612 212 2155 75 917 95 1103 227 2289 207 2113 237 2382 151 1606 73 907 37 582
-162 22 1948 21065 39 595 201 2054 116 1289 75 922 225 2273 150 1599 166 1739 27 490 204 2081 207 2109 179 1853 226 2276 178 1850 83 991 15 383 58 767 158 1672 235 2359 174 1813 92 1070 200 2047 39 597
-163 22 1960 22319 224 2263 219 2221 134 1450 22 440 150 1596 121 1336 197 2017 211 2144 37 579 142 1523 188 1938 164 1718 108 1219 111 1241 221 2237 51 709 241 2413 103 1172 47 668 38 588 200 2046 218 2206
-164 22 1836 20469 212 2158 184 1899 149 1588 118 1311 169 1764 187 1933 243 2432 20 430 111 1243 107 1206 48 681 143 1533 35 561 56 746 236 2369 102 1166 137 1476 99 1135 153 1621 232 2337 72 897 175 1821
-165 22 2133 22794 177 1837 244 2442 221 2238 69 866 218 2209 108 1220 218 2211 233 2341 3 271 1 259 235 2361 100 1147 81 977 154 1633 238 2386 241 2413 212 2153 59 778 158 1671 156 1648 48 674 167 1750
-166 22 1813 21188 203 2072 186 1920 244 2438 37 582 99 1137 95 1097 249 2491 95 1100 180 1867 50 698 128 1397 228 2295 65 828 69 864 98 1125 166 1743 17 395 17 395 166 1739 245 2451 143 1531 29 511
-167 22 1857 21356 245 2454 179 1855 6 301 183 1895 188 1934 47 667 201 2051 212 2154 59 780 55 745 239 2393 200 2045 3 270 134 1448 225 2271 38 590 153 1624 68 861 203 2070 130 1412 175 1824 60 784
-168 22 1789 20329 112 1256 114 1274 201 2057 163 1717 221 2234 5 295 236 2366 225 2275 141 1513 200 2047 16 390 154 1630 41 612 80 966 46 664 12 356 39 601 218 2208 234 2351 152 1617 82 988 128 1398
-169 22 1624 18710 76 931 13 366 66 844 34 555 72 892 229 2307 22 443 81 974 147 1569 150 1594 187 1931 116 1294 236 2366 68 860 200 2047 128 1400 112 1250 159 1679 57 756 45 654 156 1647 177 1838
-170 22 1694 19587 122 1348 118 1310 150 1599 167 1745 13 359 193 1979 19 415 240 2406 210 2134 149 1589 58 765 42 626 168 1755 106 1197 79 960 40 605 242 2423 106 1203 109 1225 250 2494 133 1445 103 1176
-171 22 1818 20767 66 842 59 774 25 472 71 884 196 2013 193 1987 55 745 190 1952 115 1278 145 1549 250 2493 76 931 87 1027 196 2006 234 2349 205 2087 93 1079 124 1360 147 1572 68 860 224 2261 5 289
-172 22 2022 22911 202 2061 204 2082 101 1151 233 2340 152 1614 184 1900 43 637 22 440 132 1432 95 1098 226 2284 140 1507 171 1788 221 2232 134 1452 120 1323 230 2316 26 482 192 1974 175 1824 196 2006 12 352
-173 22 1735 20547 199 2041 46 659 69 864 193 1986 66 839 70 875 130 1414 187 1930 63 814 226 2280 22 448 153 1623 223 2249 101 1158 178 1850 90 1058 176 1828 20 425 89 1045 31 528 204 2082 136 1474
-174 22 1656 18641 75 921 19 418 86 1019 171 1789 185 1911 13 367 172 1796 212 2150 15 384 216 2188 26 476 154 1629 26 476 134 1453 64 822 75 920 219 2221 199 2036 116 1293 119 1315 162 1708 205 2088
-175 22 1856 20385 167 1751 27 487 159 1677 20 426 159 1674 244 2439 57 760 64 821 32 535 20 423 119 1321 62 805 227 2288 156 1654 206 2099 164 1726 174 1808 90 1057 212 2158 239 2395 116 1290 207 2108
-176 22 1861 20802 202 2065 101 1154 247 2467 14 369 136 1473 180 1869 220 2229 224 2263 166 1736 165 1735 183 1894 42 625 106 1197 58 764 203 2074 126 1378 158 1668 153 1626 138 1486 11 343 32 530 238 2384
-177 22 1654 19509 48 677 33 544 218 2208 184 1899 201 2054 73 903 6 297 228 2299 213 2167 74 910 154 1631 95 1103 39 598 99 1139 155 1645 3 277 125 1374 109 1226 153 1621 93 1084 188 1935 110 1233
-178 22 1680 19804 46 661 157 1661 237 2380 205 2093 67 849 143 1537 244 2442 174 1811 63 813 250 2500 94 1088 134 1449 114 1274 12 357 231 2329 31 524 126 1381 46 656 25 475 124 1361 87 1026 14 371
-179 22 1882 21361 196 2006 206 2103 30 517 215 2183 112 1258 41 619 161 1699 192 1973 155 1641 245 2452 100 1150 182 1883 69 870 118 1310 170 1780 155 1637 209 2128 98 1131 235 2360 59 775 58 767 37 583
-180 22 1603 18955 82 982 99 1138 122 1343 12 356 139 1500 135 1465 201 2052 93 1086 190 1955 9 324 230 2320 20 428 20 428 28 499 224 2262 80 963 209 2126 133 1439 17 397 219 2213 25 473 226 2280
-181 22 1832 19962 45 651 207 2107 171 1788 218 2211 242 2421 83 995 77 935 43 637 142 1525 80 964 26 479 232 2338 235 2358 6 299 13 360 221 2236 91 1062 183 1896 160 1686 163 1715 67 851 122 1348
-182 22 1331 16701 39 596 19 421 126 1380 74 916 42 628 208 2122 36 572 92 1076 57 761 213 2163 45 652 62 802 164 1726 75 917 93 1080 224 2265 71 889 49 687 75 925 125 1369 47 671 146 1561
-183 22 1579 17985 212 2155 143 1530 162 1708 204 2079 47 667 21 431 42 626 50 693 99 1137 228 2299 72 898 92 1073 140 1508 81 971 230 2313 29 510 154 1629 139 1497 22 448 153 1625 25 467 125 1368
-184 22 1517 17973 86 1016 172 1794 211 2146 89 1045 111 1248 33 543 214 2172 24 464 17 403 70 873 177 1840 192 1978 32 532 226 2282 218 2208 65 831 113 1264 23 449 130 1415 86 1018 72 890 107 1205
-185 22 1561 18228 102 1168 81 971 210 2139 93 1086 123 1354 29 507 83 994 165 1732 174 1811 12 357 89 1050 193 1983 100 1144 33 542 17 402 194 1988 225 2275 232 2334 226 2282 35 564 17 399 42 628
-186 22 1935 20902 214 2172 35 565 140 1504 127 1386 90 1056 156 1649 30 517 142 1521 230 2313 215 2185 163 1713 92 1071 190 1955 200 2050 129 1403 91 1062 222 2246 21 439 245 2449 238 2392 55 737 13 365
-187 22 1645 19412 18 405 28 496 24 464 139 1493 237 2380 28 501 72 898 90 1054 102 1165 235 2361 162 1707 64 821 206 2096 59 781 19 419 200 2048 236 2368 189 1943 145 1554 138 1484 179 1855 55 739
-188 22 1762 20230 138 1489 195 1999 12 356 96 1106 242 2422 156 1653 92 1070 90 1060 158 1668 98 1125 236 2372 159 1681 94 1093 143 1531 45 653 67 845 110 1235 118 1310 192 1974 163 1714 222 2244 85 1010
-189 22 1554 17868 33 547 138 1490 159 1674 190 1955 205 2095 145 1547 234 2349 3 271 22 443 160 1688 113 1260 134 1454 23 451 23 450 74 915 24 462 52 711 38 586 108 1221 141 1515 209 2130 164 1718
-190 22 1437 17646 189 1947 131 1428 173 1800 45 649 211 2146 22 440 53 721 17 401 48 674 88 1034 54 731 120 1323 215 2180 36 574 213 2160 40 610 230 2314 32 538 40 607 213 2163 44 642 131 1429
-191 22 1527 18308 37 577 30 513 204 2082 54 736 45 648 107 1205 69 865 22 444 202 2064 95 1101 102 1167 60 782 97 1118 64 819 159 1677 230 2316 20 423 75 920 197 2018 177 1841 139 1500 244 2446
-192 22 1673 19855 66 844 208 2121 36 568 171 1785 30 512 203 2069 154 1635 23 449 95 1097 179 1859 196 2011 249 2491 95 1102 115 1281 140 1510 16 386 106 1202 51 701 65 829 54 734 146 1556 203 2071
-193 22 1491 17042 226 2278 119 1319 151 1608 47 670 195 1999 78 948 196 2009 193 1987 161 1693 20 430 142 1527 156 1649 23 456 109 1223 2 260 16 393 20 428 119 1314 42 627 31 526 201 2052 151 1606
-194 22 1555 18709 222 2246 17 403 217 2198 53 720 8 318 107 1209 152 1612 159 1678 43 633 220 2226 155 1642 191 1963 26 482 146 1557 130 1417 132 1433 237 2376 173 1802 3 273 18 405 52 716 87 1027
-195 22 1808 20444 207 2113 86 1024 18 407 90 1058 163 1713 205 2087 59 781 149 1588 143 1534 144 1542 182 1883 235 2361 58 767 161 1695 48 681 233 2340 226 2278 133 1445 215 2181 47 665 133 1442 59 776
-196 22 1844 20381 204 2083 240 2402 173 1805 187 1926 210 2133 55 741 10 333 105 1195 144 1542 119 1316 88 1035 146 1557 34 550 53 722 233 2344 94 1094 116 1294 250 2497 66 842 210 2135 69 865 247 2467
-197 22 2024 22234 20 424 183 1896 241 2417 214 2173 192 1970 138 1491 153 1619 113 1259 154 1628 106 1197 69 864 202 2061 98 1126 31 523 116 1286 166 1740 232 2333 161 1698 97 1118 87 1028 161 1696 224 2262
-198 22 1488 17130 162 1707 173 1801 169 1769 53 723 175 1821 137 1477 26 476 85 1009 176 1834 63 811 66 840 246 2463 52 717 116 1287 24 465 83 989 120 1325 34 552 100 1149 34 550 94 1091 146 1563
-199 22 1821 19931 91 1063 197 2015 162 1702 234 2349 77 942 216 2190 171 1781 92 1074 99 1138 242 2426 243 2434 145 1552 127 1389 33 542 19 418 214 2173 242 2426 113 1265 158 1665 29 506 61 792 70 874
-200 22 1615 18590 45 648 213 2165 212 2154 66 838 172 1790 230 2316 35 563 117 1301 73 901 25 470 231 2321 187 1930 13 364 236 2371 25 475 34 550 24 464 132 1435 247 2470 163 1715 164 1726 10 333
-201 22 1327 15846 82 980 90 1052 21 436 86 1023 101 1157 229 2311 198 2032 78 949 245 2451 232 2334 97 1116 4 281 120 1330 102 1163 89 1044 182 1885 28 501 21 431 83 994 2 260 43 633 27 489
-202 22 1656 19268 139 1495 98 1130 75 921 42 620 153 1619 193 1981 168 1755 119 1321 117 1299 149 1585 240 2403 74 913 171 1783 59 781 87 1026 30 518 79 953 72 893 250 2496 29 509 147 1572 222 2247
-203 22 1802 19622 197 2020 196 2010 26 476 208 2118 183 1891 114 1270 67 851 93 1082 47 673 143 1535 220 2224 135 1465 135 1464 212 2151 106 1200 212 2153 153 1623 139 1495 112 1254 86 1023 74 915 59 778
-204 22 1765 20488 65 831 179 1856 96 1114 237 2382 82 985 189 1950 102 1168 55 740 128 1398 165 1732 167 1748 8 320 229 2305 9 323 142 1523 234 2352 247 2470 46 660 125 1367 110 1238 108 1215 44 645
-205 22 1784 19864 246 2457 224 2262 63 816 122 1345 139 1493 45 647 244 2438 11 347 103 1177 61 799 17 399 187 1929 66 842 81 979 211 2142 62 805 131 1424 243 2431 128 1396 82 985 198 2027 219 2214
-206 22 1941 21212 248 2480 129 1410 204 2085 43 631 247 2468 26 481 134 1455 53 720 176 1833 102 1165 183 1890 114 1273 33 541 101 1156 248 2477 248 2476 220 2224 105 1188 157 1663 204 2084 111 1246 109 1226
-207 22 1782 20860 175 1817 153 1623 236 2370 51 701 76 931 237 2375 246 2462 245 2447 130 1415 37 578 15 385 4 286 43 629 47 673 244 2438 51 708 133 1447 222 2242 81 979 133 1447 193 1982 144 1541
-208 22 1558 18404 168 1762 191 1966 118 1305 87 1026 205 2094 13 361 12 352 171 1788 119 1320 155 1638 67 853 137 1483 98 1129 35 565 116 1291 146 1560 4 281 229 2307 173 1803 98 1132 161 1697 36 573
-209 22 1636 19355 7 305 2 263 79 956 9 331 200 2050 192 1976 173 1800 220 2227 202 2063 191 1963 238 2385 21 438 37 579 80 966 145 1549 142 1523 228 2295 158 1670 18 408 200 2044 19 417 135 1463
-210 22 1747 20075 245 2450 163 1710 43 633 127 1386 100 1146 6 303 198 2032 211 2145 5 292 201 2052 145 1554 80 966 70 877 84 1002 71 887 122 1340 181 1879 223 2255 196 2006 74 913 21 438 233 2347
-211 22 1620 18088 146 1556 240 2405 34 552 30 515 38 586 179 1858 191 1964 10 333 242 2421 110 1232 167 1748 172 1795 219 2214 25 469 57 757 124 1361 9 323 167 1748 26 478 85 1014 158 1672 139 1496
-212 22 1672 18568 144 1541 156 1647 200 2048 59 777 183 1896 237 2375 200 2047 65 830 150 1592 190 1954 123 1349 10 335 7 309 210 2133 203 2072 14 370 77 935 115 1281 88 1036 88 1039 100 1150 100 1144
-213 22 1729 19704 164 1725 179 1859 8 316 114 1276 129 1407 24 463 176 1829 200 2043 13 363 28 499 143 1534 229 2311 131 1422 15 385 51 703 247 2468 133 1440 149 1584 238 2384 95 1097 170 1773 68 862
-214 22 1792 19797 63 817 21 434 164 1721 230 2316 79 957 50 692 245 2448 171 1782 155 1638 109 1224 3 274 218 2211 217 2199 181 1872 10 339 60 786 113 1265 131 1421 119 1318 29 506 244 2442 214 2176
-215 22 1620 19368 99 1137 168 1757 24 466 203 2069 214 2171 13 366 51 703 194 1991 201 2053 92 1072 62 800 183 1897 44 640 17 403 60 782 148 1580 80 962 136 1473 190 1959 214 2174 155 1641 35 559
-216 22 1695 19544 184 1906 242 2420 167 1746 28 499 81 977 146 1564 162 1708 95 1101 27 488 40 610 231 2329 53 726 181 1872 155 1642 188 1939 29 509 138 1488 62 801 228 2300 162 1704 67 849 49 686
-217 22 1818 21009 12 355 178 1849 215 2180 118 1306 209 2126 107 1213 225 2270 22 443 153 1621 37 575 209 2126 223 2255 243 2434 177 1840 73 900 102 1167 132 1438 45 652 129 1410 57 756 21 436 241 2412
-218 22 2122 23530 16 393 223 2250 165 1731 164 1718 242 2427 231 2326 52 713 208 2122 228 2302 25 468 151 1605 55 741 104 1182 17 395 241 2412 240 2404 188 1938 230 2317 71 889 153 1627 122 1340 150 1596
-219 22 1863 21275 111 1244 177 1836 208 2122 123 1356 34 551 16 390 129 1404 71 889 148 1580 209 2124 248 2481 249 2484 32 530 81 976 81 976 25 467 240 2406 112 1255 204 2086 218 2207 210 2134 60 787
-220 22 1598 18538 217 2198 55 743 211 2143 120 1328 171 1785 131 1426 138 1490 190 1958 6 303 189 1947 118 1309 77 939 11 349 55 741 114 1275 51 701 121 1331 23 455 154 1631 144 1546 89 1050 100 1143
-221 22 2270 25084 112 1252 170 1779 127 1385 161 1691 226 2278 125 1373 149 1589 229 2306 117 1298 110 1235 33 545 140 1502 173 1803 81 979 164 1719 126 1382 130 1412 238 2390 238 2389 217 2199 239 2395 190 1954
-222 22 1592 18366 71 882 233 2344 241 2419 248 2474 49 685 16 390 41 617 166 1740 13 363 128 1398 101 1159 8 318 101 1153 9 329 232 2338 152 1613 221 2233 249 2487 36 571 167 1752 53 722 103 1170
-223 22 1377 17114 39 594 27 493 186 1921 37 578 34 552 12 356 11 346 239 2395 192 1978 12 356 246 2463 75 920 162 1703 56 748 41 617 120 1327 52 714 62 806 65 834 234 2354 216 2194 155 1638
-224 22 1431 16815 186 1923 101 1159 26 484 19 421 20 430 230 2315 247 2466 40 602 74 915 147 1573 81 974 28 501 19 418 231 2327 158 1670 14 374 72 892 22 441 58 767 250 2492 46 660 151 1601
-225 22 2194 24138 16 390 105 1195 223 2254 169 1770 116 1287 241 2416 60 788 203 2069 136 1473 125 1370 234 2356 172 1796 192 1972 180 1867 206 2100 73 901 229 2307 230 2317 12 355 242 2421 128 1398 124 1365
-226 22 1714 20011 82 986 196 2006 223 2257 98 1126 67 848 92 1072 203 2074 36 567 194 1989 102 1166 90 1053 127 1386 68 862 5 289 164 1718 24 464 96 1107 190 1954 90 1052 215 2185 141 1518 242 2421
-227 22 1581 18515 41 611 186 1917 120 1323 24 461 113 1261 122 1346 4 278 5 291 166 1736 11 341 247 2470 130 1412 59 781 100 1145 137 1475 213 2163 236 2370 70 873 153 1627 200 2044 163 1712 79 957
-228 22 1915 20619 240 2406 123 1351 30 516 86 1018 40 606 222 2244 232 2338 136 1469 171 1783 39 595 226 2276 138 1485 157 1663 176 1832 22 441 76 934 208 2114 170 1778 121 1333 106 1203 245 2449 93 1085
-229 22 1715 19413 68 856 202 2063 238 2386 89 1043 227 2288 28 494 192 1974 13 366 108 1218 76 929 139 1493 7 310 39 601 177 1839 193 1980 100 1142 123 1350 206 2097 185 1915 249 2483 28 494 15 377
-230 22 1579 19064 13 367 3 271 98 1124 22 441 84 998 193 1984 155 1645 157 1657 228 2296 173 1805 40 608 149 1588 209 2129 12 352 242 2427 6 301 6 301 161 1697 131 1427 79 957 145 1554 184 1899
-231 22 1418 16642 60 788 51 705 242 2424 36 573 91 1066 224 2264 190 1958 135 1465 227 2285 70 874 29 508 144 1543 74 914 213 2165 10 340 81 972 101 1154 67 852 41 619 46 661 119 1321 93 1082
-232 22 1616 18242 58 765 216 2187 238 2391 66 839 85 1015 177 1841 1 251 235 2359 3 274 129 1405 70 875 197 2015 136 1466 31 524 19 415 138 1486 47 672 66 843 237 2378 131 1429 51 705 174 1816
-233 22 1751 20152 200 2047 235 2364 37 582 21 434 173 1804 244 2442 97 1115 211 2145 243 2432 121 1334 158 1666 209 2129 39 597 244 2443 51 706 40 603 73 906 97 1115 205 2095 104 1178 8 318 82 988
-234 22 1731 19439 180 1863 45 648 69 864 191 1968 112 1250 98 1129 46 660 58 765 248 2480 96 1114 133 1443 181 1875 62 806 226 2276 101 1155 169 1763 234 2355 61 793 128 1395 145 1549 60 788 233 2346
-235 22 1680 18710 117 1303 165 1733 12 350 142 1520 224 2260 6 299 133 1447 95 1099 101 1151 189 1943 178 1852 161 1698 133 1444 104 1185 204 2083 173 1802 117 1303 240 2403 28 500 12 351 36 570 198 2024
-236 22 1876 21331 114 1268 92 1076 189 1946 224 2262 106 1202 157 1657 55 743 117 1302 148 1580 211 2144 191 1969 66 844 99 1140 180 1862 39 594 194 1989 194 1988 126 1380 68 861 161 1698 43 633 199 2038
-237 22 1648 18677 128 1399 82 985 182 1886 211 2142 201 2057 242 2423 166 1742 8 316 47 667 20 426 133 1447 139 1498 148 1575 50 698 52 711 93 1079 37 575 219 2213 171 1786 28 496 43 637 237 2378
-238 22 1756 19879 206 2097 248 2479 171 1788 31 521 158 1672 178 1850 43 633 26 478 74 912 226 2280 103 1176 18 407 155 1645 28 497 133 1439 186 1922 186 1922 221 2236 99 1135 149 1583 69 871 44 645
-239 22 1596 18827 214 2168 192 1978 248 2478 35 563 194 1993 155 1644 8 318 84 1004 129 1409 140 1510 131 1424 13 366 40 607 243 2432 45 653 83 994 59 777 81 979 84 1000 134 1450 238 2388 29 503
-240 22 1346 15692 6 298 21 435 36 571 128 1396 96 1106 73 905 183 1889 38 586 36 573 177 1835 113 1266 230 2312 18 404 123 1355 27 486 156 1652 122 1348 38 587 93 1081 148 1579 192 1972 171 1782
-241 22 1936 22263 245 2452 91 1063 165 1733 132 1432 20 430 231 2326 141 1517 61 791 206 2099 99 1137 209 2127 134 1448 80 969 33 540 214 2176 249 2489 163 1717 132 1437 76 928 95 1097 125 1372 111 1244
-242 22 1719 19622 60 784 147 1573 128 1394 228 2299 157 1660 51 702 9 328 11 342 192 1976 156 1648 162 1703 22 442 188 1934 118 1307 1 252 29 505 189 1951 206 2102 250 2497 123 1354 249 2484 188 1935
-243 22 1821 20587 134 1448 217 2203 35 563 36 574 90 1060 45 650 45 654 97 1121 33 539 89 1048 145 1552 208 2116 233 2340 149 1591 230 2318 123 1349 170 1775 63 810 248 2482 243 2431 143 1532 203 2073
-244 22 1816 20970 145 1548 122 1340 189 1949 40 602 132 1436 149 1586 181 1871 200 2048 85 1011 35 559 163 1717 228 2294 108 1222 206 2102 221 2238 238 2390 201 2052 66 841 123 1356 19 416 76 928 50 700
-245 22 1545 17693 145 1548 210 2132 12 351 132 1431 152 1615 222 2246 93 1087 223 2251 159 1676 220 2224 36 568 48 680 183 1894 45 652 196 2014 16 393 129 1405 68 858 212 2154 18 404 4 283 15 377
-246 22 1865 21197 169 1765 189 1950 91 1067 94 1090 97 1123 123 1353 125 1375 154 1634 126 1377 96 1110 131 1429 68 857 245 2453 73 904 56 747 99 1136 241 2417 93 1080 62 807 207 2105 235 2363 124 1366
-247 22 1505 17934 34 549 116 1291 240 2410 82 984 104 1182 49 687 182 1886 221 2231 130 1419 114 1275 90 1053 55 738 154 1629 180 1868 36 573 47 668 84 998 110 1239 172 1793 39 601 113 1262 98 1131
-248 22 1771 20745 223 2253 129 1408 191 1966 110 1235 78 950 58 769 229 2306 16 388 5 295 64 820 239 2400 194 1992 64 822 109 1228 242 2428 145 1547 11 347 224 2265 71 889 41 616 209 2130 162 1704
-249 22 1478 17143 125 1370 155 1642 138 1490 168 1762 108 1217 63 814 249 2486 63 814 194 1989 120 1325 87 1030 202 2066 50 699 60 785 60 782 172 1790 19 421 35 565 98 1126 47 672 92 1076 130 1413
-250 22 1359 15835 7 306 159 1680 44 644 195 1998 141 1519 73 904 105 1191 86 1019 125 1370 123 1350 227 2291 26 483 42 626 212 2155 60 783 59 779 137 1483 57 757 34 550 149 1590 140 1510 28 497
-251 22 1714 19830 84 1001 114 1269 106 1200 166 1739 34 551 18 408 246 2459 220 2226 117 1297 92 1070 148 1576 82 988 176 1832 62 803 82 980 185 1910 64 818 158 1664 88 1035 186 1917 218 2207 53 719
-252 22 1691 18885 240 2404 200 2044 199 2038 168 1759 42 624 101 1154 136 1468 21 437 183 1896 20 427 180 1862 124 1361 89 1048 115 1282 196 2008 13 362 250 2497 30 513 111 1241 33 540 23 456 160 1686
-253 22 2088 22997 69 870 135 1460 240 2408 177 1837 244 2444 14 371 182 1883 236 2367 4 286 159 1675 196 2011 171 1781 244 2438 143 1537 24 458 161 1696 230 2320 95 1101 140 1507 46 663 208 2121 151 1604
-254 22 1859 20803 172 1797 43 631 41 617 26 476 89 1049 47 666 15 382 176 1827 201 2054 211 2149 150 1594 242 2421 207 2110 77 937 193 1987 164 1719 217 2203 211 2147 71 889 125 1374 193 1979 79 953
-255 22 1830 20927 109 1224 101 1159 236 2367 180 1869 202 2068 7 307 64 821 117 1301 160 1684 74 913 136 1470 78 950 78 950 122 1343 56 751 201 2059 232 2335 211 2149 248 2478 81 979 213 2164 133 1439
-256 22 1502 17919 184 1900 31 527 164 1720 141 1513 207 2111 139 1499 6 299 78 947 56 746 52 713 231 2325 16 394 150 1595 5 295 9 323 144 1544 250 2498 80 963 103 1170 116 1287 206 2104 43 630
-257 22 1530 17587 232 2333 242 2426 145 1547 96 1111 46 663 86 1019 17 398 168 1762 70 879 113 1262 23 457 110 1234 222 2245 30 518 157 1656 40 603 86 1016 4 283 188 1938 232 2334 77 941 41 611
-258 22 1906 20952 66 839 157 1658 124 1362 230 2316 127 1390 238 2388 68 858 142 1520 237 2377 137 1481 244 2442 102 1163 207 2110 43 629 212 2158 35 560 87 1031 209 2128 57 757 115 1284 98 1132 114 1270
-259 22 1687 18778 217 2203 179 1853 133 1443 134 1452 237 2379 122 1348 80 963 74 914 110 1238 25 474 200 2048 24 464 51 706 143 1534 66 844 82 983 175 1822 68 860 41 611 150 1600 94 1091 203 2070
-260 22 1674 19397 140 1502 2 260 8 315 149 1587 10 338 148 1581 173 1800 248 2476 28 501 183 1896 165 1728 74 909 247 2468 142 1528 125 1373 119 1313 40 602 177 1841 245 2452 81 977 184 1903 39 594
-261 22 1628 18855 14 374 167 1749 145 1552 143 1531 150 1598 124 1365 6 301 35 561 14 371 134 1453 224 2266 138 1486 95 1105 95 1099 177 1842 135 1464 22 445 205 2088 162 1702 45 655 196 2014 88 1039
-262 22 1403 17292 30 518 92 1072 23 452 42 624 172 1793 19 421 44 638 232 2334 180 1862 48 682 232 2337 42 621 154 1630 36 570 54 730 117 1301 113 1262 79 953 250 2497 189 1943 134 1449 43 636
-263 22 1360 17222 16 392 233 2344 205 2087 72 891 13 363 21 434 144 1546 143 1529 59 781 107 1212 14 368 81 978 201 2052 250 2497 66 842 92 1070 10 339 31 523 171 1786 121 1336 9 327 147 1567
-264 22 1662 19543 146 1562 1 256 60 784 191 1969 119 1321 30 520 246 2457 17 403 16 390 66 844 26 479 149 1583 53 722 185 1915 39 596 217 2203 125 1367 74 912 191 1965 236 2374 195 2003 218 2204
-265 22 1712 19799 101 1157 114 1276 152 1611 123 1349 105 1195 240 2404 198 2032 29 508 36 566 171 1789 105 1193 7 313 144 1539 145 1548 98 1128 18 406 165 1732 158 1669 174 1808 129 1407 71 884 162 1708
-266 22 1536 18530 89 1049 155 1643 75 925 121 1337 194 1996 125 1375 62 808 25 468 214 2171 97 1119 12 355 51 703 215 2180 218 2209 37 580 155 1642 96 1106 203 2074 11 344 181 1871 168 1758 39 601
-267 22 1701 19632 10 335 198 2027 25 467 45 649 64 821 237 2380 67 851 120 1327 90 1056 47 666 236 2370 244 2445 76 934 45 648 193 1986 207 2112 66 844 178 1846 53 727 24 461 202 2061 223 2254
-268 22 1581 18107 145 1551 184 1899 23 453 205 2092 29 508 57 760 109 1231 101 1154 106 1199 223 2254 238 2384 81 972 97 1116 223 2254 18 407 51 709 189 1951 120 1322 125 1369 36 568 67 853 160 1690
-269 22 1853 21185 115 1280 113 1264 84 999 224 2261 165 1727 10 334 192 1970 142 1527 106 1202 238 2384 10 337 164 1724 219 2217 14 372 134 1451 130 1414 115 1283 60 785 204 2079 11 347 193 1986 229 2304
-270 22 1932 22128 52 716 136 1467 199 2033 167 1745 228 2301 130 1416 56 750 188 1939 21 434 104 1183 234 2349 174 1811 223 2256 163 1710 104 1182 20 430 19 416 190 1954 243 2432 14 373 212 2152 126 1378
-271 22 1573 18304 116 1290 225 2274 142 1528 137 1482 153 1624 211 2146 127 1389 159 1673 44 638 88 1036 140 1508 108 1220 145 1553 50 700 41 615 2 260 101 1151 109 1228 165 1733 220 2229 54 732 4 284
-272 22 1617 18547 121 1333 209 2124 247 2466 49 683 129 1411 125 1374 201 2058 95 1098 52 718 113 1260 131 1425 28 497 125 1368 74 916 20 422 174 1816 167 1753 41 611 68 856 160 1685 35 562 226 2282
-273 22 1369 16430 31 529 145 1549 175 1823 230 2318 88 1042 60 787 169 1765 67 853 108 1222 189 1946 143 1537 11 342 115 1281 46 658 1 253 172 1795 34 556 39 596 51 707 125 1373 143 1533 26 479
-274 22 1996 21626 126 1379 182 1885 191 1967 81 973 207 2113 241 2414 168 1754 47 668 190 1956 246 2463 32 534 10 332 159 1680 233 2347 136 1466 110 1236 43 635 178 1850 248 2476 61 799 209 2123 202 2067
-275 22 1568 17840 159 1675 60 786 58 771 241 2411 114 1274 65 827 158 1667 101 1151 166 1737 41 618 44 646 201 2053 55 743 9 324 113 1260 223 2250 183 1889 136 1470 86 1024 68 862 120 1325 210 2140
-276 22 1388 17315 97 1118 40 603 81 974 201 2054 150 1597 70 879 33 546 162 1706 30 519 1 253 112 1253 193 1980 220 2226 137 1476 70 877 250 2499 4 281 139 1499 9 329 42 623 73 900 130 1412
-277 22 1746 19280 220 2222 16 391 225 2267 143 1535 151 1608 229 2311 141 1517 151 1603 93 1082 91 1065 21 437 16 389 178 1848 48 676 111 1242 167 1746 22 441 218 2204 63 811 199 2040 124 1363 180 1863
-278 22 1757 19878 236 2373 61 793 187 1925 128 1402 130 1417 233 2339 2 268 87 1031 114 1273 173 1802 191 1965 170 1774 8 319 214 2168 147 1568 139 1501 249 2483 94 1093 86 1020 43 629 217 2196 10 333
-279 22 1194 15683 15 385 26 479 1 252 223 2257 123 1352 45 653 161 1692 3 275 224 2264 53 726 40 606 129 1407 126 1377 49 686 151 1606 55 739 139 1501 39 600 110 1236 18 407 144 1544 60 785
-280 22 1984 21497 243 2432 242 2423 174 1813 198 2028 86 1018 244 2439 76 928 174 1813 208 2121 38 587 4 281 87 1033 130 1418 91 1063 159 1679 57 755 43 632 204 2084 209 2130 240 2407 167 1753 13 360
-281 22 1200 15982 3 270 8 320 235 2364 71 885 45 649 236 2366 110 1238 123 1354 25 468 85 1011 30 514 190 1960 115 1283 137 1480 50 696 87 1033 11 344 119 1318 26 479 68 854 19 420 57 763
-282 22 1654 19558 75 917 122 1348 34 553 79 953 155 1643 244 2444 216 2189 108 1220 144 1546 245 2455 10 338 185 1913 238 2390 71 888 94 1088 57 757 8 317 44 639 150 1592 67 852 224 2264 19 416
-283 22 1753 19336 70 873 103 1171 50 693 153 1619 205 2092 70 877 242 2421 44 642 104 1184 3 274 211 2143 139 1501 121 1334 123 1352 153 1626 225 2271 93 1081 221 2237 89 1044 219 2219 120 1326 132 1431
-284 22 1974 21960 17 402 187 1932 80 967 166 1741 206 2101 203 2072 132 1434 17 399 249 2484 236 2369 69 868 249 2491 8 319 226 2279 154 1633 217 2196 50 696 64 825 131 1425 44 641 217 2197 236 2374
-285 22 1759 19623 163 1713 117 1302 196 2007 115 1284 171 1786 142 1528 217 2200 36 571 92 1072 77 939 116 1287 57 755 243 2434 65 835 124 1359 1 259 187 1932 197 2016 89 1050 225 2275 35 563 191 1963
-286 22 1804 20430 170 1774 62 806 191 1963 93 1084 135 1459 39 599 212 2156 34 549 39 598 132 1438 220 2224 206 2097 159 1680 39 595 66 844 225 2268 95 1104 88 1035 242 2426 179 1858 127 1391 120 1325
-287 22 1807 20961 90 1054 121 1332 131 1426 105 1188 181 1874 226 2280 189 1948 9 328 245 2447 176 1826 76 933 36 568 67 845 28 500 95 1105 231 2327 177 1841 178 1848 225 2274 134 1452 152 1613 104 1180
-288 22 2015 22936 8 315 103 1172 116 1291 206 2098 198 2031 141 1514 126 1376 78 946 166 1741 224 2261 211 2149 120 1327 59 781 140 1509 224 2266 51 707 102 1163 149 1588 99 1134 242 2426 177 1840 191 1969
-289 22 1946 21398 129 1409 25 468 211 2146 196 2008 26 477 63 817 208 2119 230 2319 172 1796 198 2028 84 999 189 1951 22 445 15 382 117 1303 235 2357 241 2412 196 2012 147 1573 195 2004 51 709 233 2344
-290 22 1814 21287 222 2248 90 1056 183 1889 142 1527 250 2492 95 1102 49 689 211 2149 49 684 35 563 204 2083 172 1796 202 2060 213 2161 34 553 4 279 69 868 117 1295 126 1378 157 1662 221 2235 53 725
-291 22 1571 17873 144 1541 34 556 108 1218 68 857 10 332 249 2490 123 1357 178 1849 233 2345 233 2347 192 1977 100 1150 163 1717 20 430 25 467 108 1216 26 483 58 764 12 356 61 793 175 1825 172 1796
-292 22 1632 19501 71 885 159 1677 180 1869 30 515 145 1550 177 1836 143 1536 6 297 30 520 78 947 244 2441 86 1024 211 2141 200 2049 23 454 117 1297 9 328 118 1307 187 1932 198 2025 67 848 89 1048
-293 22 1568 18844 250 2499 201 2052 37 579 48 682 52 717 134 1449 56 746 30 519 99 1140 204 2085 69 867 1 253 20 423 205 2094 240 2406 159 1681 166 1738 81 977 230 2312 198 2024 84 1004 2 260
-294 22 1318 16327 68 859 77 939 215 2179 14 368 95 1103 59 777 102 1162 199 2037 184 1903 55 744 144 1540 199 2039 236 2368 38 590 4 281 119 1321 87 1030 50 699 50 696 15 384 67 847 6 298
-295 22 1664 19059 176 1831 231 2327 33 544 35 565 58 768 192 1971 6 300 241 2419 245 2455 161 1699 34 555 111 1244 75 918 113 1264 203 2074 173 1800 15 384 127 1392 178 1848 204 2085 70 876 2 261
-296 22 1940 20878 132 1436 25 472 213 2165 168 1758 110 1234 189 1950 58 770 217 2201 96 1112 249 2490 220 2230 117 1302 24 466 163 1716 231 2323 103 1170 106 1199 232 2331 154 1636 160 1686 82 988 126 1382
-297 22 1478 17119 99 1138 150 1593 166 1742 43 632 180 1865 113 1262 2 263 30 518 116 1292 112 1254 220 2225 180 1870 11 349 36 567 108 1220 53 723 95 1103 142 1526 173 1802 183 1890 26 479 76 929
-298 22 2077 22389 235 2359 246 2464 125 1368 247 2467 154 1631 171 1788 77 938 118 1309 18 407 225 2272 168 1757 22 441 153 1627 207 2113 181 1874 95 1103 232 2336 67 852 57 761 239 2400 157 1657 3 276
-299 22 2008 21899 113 1262 179 1858 64 821 28 500 232 2337 134 1455 182 1885 244 2445 19 417 208 2115 120 1329 98 1124 178 1847 159 1677 45 654 211 2146 230 2317 4 283 217 2199 205 2091 122 1341 128 1397
-300 22 1611 18628 22 445 97 1120 15 385 30 512 179 1857 51 704 248 2476 240 2408 19 416 117 1298 193 1983 200 2050 168 1760 230 2316 67 846 18 410 168 1754 78 951 41 617 100 1150 194 1992 158 1664
-301 22 1580 18009 16 389 193 1986 208 2119 134 1456 41 613 115 1281 42 627 6 298 69 869 202 2063 157 1658 146 1563 81 976 67 851 76 934 239 2396 50 700 178 1851 250 2498 205 2089 38 589 62 802
-302 22 2038 22408 158 1669 91 1064 25 469 211 2142 236 2372 24 466 217 2196 172 1798 86 1024 194 1991 40 603 240 2404 206 2100 148 1581 230 2313 226 2277 86 1021 90 1057 59 777 166 1741 14 368 224 2258
-303 22 1741 20296 122 1342 103 1172 154 1636 181 1872 112 1251 77 940 176 1828 193 1982 35 563 34 548 142 1528 15 384 111 1249 160 1682 158 1664 223 2251 130 1415 200 2043 128 1394 79 956 139 1497 172 1794
-304 22 1943 20956 83 992 197 2023 80 967 18 408 212 2151 218 2209 54 734 130 1413 193 1983 137 1483 225 2273 46 661 212 2154 134 1451 60 790 225 2271 167 1750 136 1474 148 1574 124 1364 213 2161 33 542
-305 22 1511 18342 41 612 142 1523 7 311 113 1265 128 1398 37 583 44 643 234 2354 57 757 129 1408 131 1428 214 2171 81 975 222 2243 15 378 99 1138 246 2459 168 1759 230 2317 32 532 27 490 5 287
-306 22 1545 17953 7 308 166 1737 96 1112 221 2236 5 289 27 492 242 2422 79 955 58 772 48 678 228 2299 187 1925 71 884 137 1480 85 1015 88 1037 97 1122 168 1760 62 803 104 1180 183 1896 205 2094
-307 22 1774 19720 92 1071 201 2059 39 596 223 2252 65 832 43 630 165 1731 203 2072 106 1200 41 617 25 469 198 2025 50 700 190 1953 56 754 70 872 62 805 214 2168 234 2351 141 1512 198 2027 199 2040
-308 22 1416 17706 18 407 65 831 158 1664 6 302 56 753 198 2027 95 1098 55 740 229 2303 156 1648 29 506 83 994 94 1088 227 2288 104 1184 143 1531 43 629 113 1267 1 258 213 2161 21 436 112 1252
-309 22 2060 21538 178 1844 49 691 151 1601 9 329 226 2276 176 1827 163 1709 75 920 244 2445 224 2261 222 2246 152 1617 43 635 245 2450 214 2174 152 1616 140 1509 149 1589 142 1524 160 1686 132 1435 169 1766
-310 22 1734 20433 175 1819 139 1498 88 1040 82 983 250 2499 8 316 85 1014 100 1143 139 1493 151 1602 178 1851 230 2317 240 2404 52 712 213 2160 50 697 80 964 61 797 109 1229 233 2343 210 2134 4 286
-311 22 1091 13799 103 1171 18 404 159 1678 84 1000 92 1074 52 715 182 1888 53 725 141 1512 140 1510 40 605 47 666 41 615 179 1856 72 897 62 808 64 818 43 634 142 1521 49 689 36 570 19 418
-312 22 1597 18797 233 2342 196 2009 135 1461 31 522 236 2374 35 559 221 2233 108 1214 191 1965 47 672 52 713 175 1820 155 1640 187 1925 33 543 27 492 237 2378 50 692 30 518 18 412 25 474 211 2148
-313 22 1893 21690 210 2134 227 2286 137 1478 83 993 194 1989 80 962 196 2007 231 2327 143 1533 161 1691 161 1699 154 1631 213 2162 133 1446 177 1842 154 1634 141 1519 50 697 76 928 6 302 48 682 46 662
-314 22 1808 21031 104 1184 229 2308 222 2242 237 2376 109 1224 141 1519 16 389 38 589 29 506 140 1504 82 982 249 2490 39 593 83 993 101 1151 247 2467 84 1002 188 1934 39 593 135 1464 138 1492 207 2111
-315 22 1865 20365 182 1887 70 874 133 1442 246 2463 164 1722 58 765 209 2127 165 1732 54 736 240 2408 5 294 248 2476 156 1649 32 533 5 289 152 1612 225 2269 223 2253 51 705 3 273 222 2241 181 1878
-316 22 1680 18658 71 885 200 2046 165 1732 42 625 17 402 47 667 232 2332 240 2404 170 1777 28 502 71 886 26 480 154 1633 61 795 51 707 174 1808 97 1118 195 1999 250 2492 235 2364 89 1051 103 1177
-317 22 1698 19165 150 1597 21 431 129 1411 109 1231 188 1939 217 2202 176 1830 189 1945 186 1916 179 1860 86 1018 88 1041 1 257 242 2421 5 293 62 807 103 1173 104 1178 82 984 28 502 192 1973 103 1171
-318 22 1515 17654 55 742 113 1263 46 663 22 447 88 1034 99 1137 6 298 85 1013 69 863 33 539 135 1460 111 1247 235 2362 119 1319 245 2448 84 1001 91 1069 199 2038 215 2185 248 2475 11 345 200 2044
-319 22 1345 16728 146 1562 213 2165 56 746 2 263 45 647 3 270 73 904 100 1150 55 743 94 1090 33 543 173 1806 145 1550 201 2051 108 1214 206 2100 125 1375 64 824 37 583 19 419 19 416 211 2145
-320 22 1442 16837 250 2500 70 873 70 877 120 1330 230 2315 169 1763 122 1342 23 457 17 395 6 299 93 1082 187 1930 121 1334 137 1479 36 567 235 2361 175 1822 130 1418 34 551 16 390 30 520 61 792
-321 22 1660 18646 160 1686 222 2242 95 1105 208 2119 22 441 210 2132 4 285 45 651 78 948 156 1652 23 452 136 1472 237 2379 76 930 132 1434 248 2477 197 2023 210 2139 36 572 23 450 33 543 51 706
-322 22 1796 20626 126 1382 148 1580 32 530 121 1335 22 441 225 2273 38 587 50 698 159 1679 121 1339 157 1657 188 1940 225 2272 115 1281 171 1788 221 2238 87 1026 62 802 154 1633 52 712 219 2216 158 1664
-323 22 1395 17003 204 2084 76 933 6 297 88 1035 195 2004 143 1537 211 2146 167 1753 47 665 11 343 197 2015 118 1311 55 739 35 561 70 878 159 1676 2 268 25 472 188 1942 33 540 64 820 70 880
-324 22 1806 19843 153 1620 111 1246 250 2494 192 1974 237 2381 103 1174 7 312 81 978 175 1821 45 649 93 1086 98 1127 240 2405 129 1404 128 1397 224 2258 53 724 152 1615 49 691 110 1233 177 1840 174 1812
-325 22 1569 18741 229 2304 135 1458 12 351 184 1899 15 380 69 864 194 1991 112 1250 156 1654 153 1619 132 1430 195 1997 82 984 231 2323 75 919 17 400 130 1412 204 2079 20 425 89 1045 19 421 98 1125
-326 22 1570 18083 118 1307 19 413 40 603 104 1179 155 1641 216 2186 140 1502 116 1286 190 1959 95 1099 184 1903 131 1421 245 2449 39 595 41 618 119 1313 124 1359 94 1090 45 649 103 1176 91 1064 110 1233
-327 22 1553 18467 110 1239 47 670 163 1717 11 344 59 776 36 569 37 582 53 719 69 868 168 1762 215 2179 244 2443 144 1545 53 727 146 1557 95 1098 25 471 224 2260 161 1698 127 1393 244 2445 33 541
-328 22 1632 19130 166 1741 11 341 145 1550 134 1448 149 1588 243 2435 242 2421 188 1936 20 427 65 830 165 1730 114 1271 202 2060 62 806 247 2467 125 1368 24 464 19 417 31 528 18 405 83 994 72 897
-329 22 1618 19252 59 773 112 1251 231 2324 216 2190 95 1098 213 2166 116 1289 18 408 29 508 24 460 63 809 135 1463 105 1188 105 1194 166 1742 26 482 173 1802 171 1783 98 1128 76 930 110 1238 191 1967
-330 22 1368 16458 127 1386 69 867 224 2259 244 2439 73 907 187 1925 99 1134 19 418 103 1177 239 2395 151 1602 16 390 25 475 226 2279 13 361 39 598 58 772 147 1568 7 309 82 988 7 308 120 1328
-331 22 1978 22731 202 2067 41 614 132 1437 49 689 247 2467 12 351 126 1377 209 2131 238 2385 132 1433 115 1277 194 1991 14 369 123 1357 226 2282 32 534 206 2100 92 1073 234 2356 5 291 223 2249 197 2021
-332 22 1753 19754 68 860 181 1879 66 843 230 2316 5 287 175 1822 63 817 92 1073 241 2412 246 2462 19 420 158 1672 173 1804 106 1203 226 2283 132 1437 66 842 35 564 4 278 111 1246 191 1969 114 1269
-333 22 1711 18569 205 2094 54 734 189 1948 53 719 139 1495 69 867 137 1482 215 2177 16 387 70 875 234 2350 178 1848 208 2116 105 1188 86 1019 195 1997 37 578 214 2170 176 1827 52 716 94 1091 79 956
-334 22 1763 19119 92 1075 91 1062 150 1595 55 741 192 1978 20 429 149 1585 64 820 64 821 126 1377 216 2189 181 1878 225 2274 205 2089 91 1065 115 1284 204 2079 68 860 132 1434 134 1456 140 1506 201 2053
-335 22 1638 19386 214 2173 18 404 70 874 94 1095 111 1243 227 2292 22 443 179 1854 176 1832 162 1705 125 1370 159 1678 54 733 103 1176 54 735 191 1961 230 2317 52 711 206 2104 47 670 32 534 59 778
-336 22 1701 18893 76 929 227 2287 125 1369 153 1622 3 276 197 2020 79 961 178 1849 44 646 20 427 43 631 216 2190 112 1257 200 2047 142 1528 192 1974 66 841 138 1492 123 1355 84 1003 114 1274 102 1165
-337 22 1643 19057 167 1747 19 419 219 2213 175 1818 75 923 212 2154 2 267 85 1013 169 1765 23 449 124 1358 64 822 65 833 117 1301 4 282 205 2090 234 2349 31 522 146 1557 44 646 219 2219 209 2125
-338 22 1523 17661 177 1838 250 2500 39 600 156 1649 162 1707 30 518 36 571 88 1037 65 829 47 666 80 965 194 1990 130 1420 33 546 18 411 86 1021 161 1698 36 569 99 1139 148 1575 140 1506 209 2129
-339 22 1788 20033 37 577 11 345 134 1452 110 1237 113 1260 224 2260 231 2328 80 966 19 421 165 1727 131 1422 233 2345 109 1231 53 722 200 2045 108 1220 168 1756 248 2480 154 1632 149 1590 139 1497 37 577
-340 22 1732 19838 209 2131 130 1415 195 1999 242 2426 110 1239 10 340 154 1629 44 644 107 1213 136 1471 150 1595 90 1054 55 744 62 803 124 1364 150 1596 209 2123 145 1549 47 672 124 1361 183 1890 21 437
-341 22 1240 15196 182 1888 68 856 31 521 35 563 165 1733 51 708 234 2351 24 462 51 708 76 927 16 389 19 415 167 1748 74 916 197 2023 9 324 9 331 98 1124 80 966 128 1396 186 1918 44 643
-342 22 1664 19071 180 1870 146 1564 4 284 154 1633 17 398 104 1179 13 367 235 2362 112 1255 159 1680 191 1961 96 1106 62 800 109 1227 215 2181 128 1401 187 1926 79 954 101 1153 58 766 101 1153 204 2079
-343 22 1876 21037 113 1259 209 2127 204 2085 91 1064 195 1999 174 1814 110 1233 55 743 207 2105 163 1709 178 1846 58 772 71 886 121 1335 184 1903 132 1437 67 845 193 1985 240 2406 96 1110 35 560 112 1254
-344 22 2065 21671 194 1992 242 2426 52 711 207 2113 190 1952 208 2120 123 1357 159 1680 124 1365 92 1074 211 2144 218 2208 148 1577 94 1092 230 2314 137 1480 16 387 149 1587 184 1901 124 1359 142 1526 176 1833
-345 22 1619 18452 102 1160 126 1383 208 2120 211 2148 24 463 216 2189 90 1057 39 596 161 1698 10 334 240 2408 124 1363 152 1616 188 1940 29 511 50 693 95 1098 7 307 182 1882 13 364 31 525 233 2344
-346 22 1341 16285 157 1662 240 2408 66 839 70 875 174 1811 52 714 225 2269 56 746 95 1099 147 1571 151 1605 138 1491 116 1290 46 659 85 1012 36 568 61 798 4 283 116 1286 84 1003 51 704 10 333
-347 22 1476 17294 230 2320 34 555 93 1084 151 1601 44 641 27 491 246 2459 131 1425 109 1225 247 2470 57 755 115 1278 100 1146 104 1183 54 731 207 2110 103 1175 144 1545 20 430 19 414 67 852 104 1185
-348 22 1991 22712 63 813 148 1582 196 2014 135 1464 17 401 226 2278 95 1104 227 2292 63 811 215 2180 63 814 230 2317 226 2284 133 1439 181 1876 220 2229 241 2413 106 1198 18 409 155 1640 131 1421 146 1562
-349 22 1503 17423 146 1562 222 2248 161 1698 19 418 117 1303 199 2037 44 642 107 1205 36 571 117 1300 154 1629 241 2413 115 1279 32 537 12 357 194 1993 42 622 111 1249 134 1451 212 2158 34 553 56 753
-350 22 1651 18908 52 712 72 892 94 1089 99 1140 75 925 179 1856 169 1768 92 1073 230 2320 172 1798 30 514 250 2493 76 932 58 764 99 1140 143 1533 92 1073 206 2096 215 2181 57 755 161 1693 94 1096
-351 22 1894 21471 153 1621 118 1309 118 1307 52 715 71 887 242 2424 37 577 91 1067 247 2470 41 611 234 2352 221 2236 127 1393 206 2102 118 1307 176 1832 89 1047 187 1929 129 1403 114 1272 204 2082 153 1626
-352 22 1680 18529 65 830 2 265 122 1346 202 2066 127 1391 153 1624 173 1804 203 2070 202 2066 60 790 146 1562 172 1790 107 1206 157 1659 30 515 78 947 122 1345 209 2126 24 460 87 1026 195 2005 40 608
-353 22 1855 20218 233 2344 106 1198 222 2245 201 2052 16 394 96 1114 142 1520 43 633 77 935 205 2093 217 2199 17 396 191 1965 127 1389 186 1917 205 2087 183 1895 174 1811 79 961 119 1321 9 327 86 1019
-354 22 1805 20640 18 411 183 1897 7 309 245 2455 184 1899 141 1516 232 2338 35 564 105 1189 177 1840 155 1639 195 1997 176 1828 204 2081 118 1305 9 323 191 1963 6 299 107 1205 209 2126 88 1040 155 1643
-355 22 1781 19620 23 452 113 1267 162 1705 197 2021 247 2471 63 811 188 1936 93 1086 111 1244 202 2064 129 1404 100 1147 175 1817 142 1527 148 1579 231 2326 94 1089 158 1666 16 392 28 500 50 695 170 1778
-356 22 1642 18858 159 1673 70 878 179 1859 168 1759 29 508 58 765 125 1373 106 1204 117 1296 89 1044 77 943 56 750 92 1077 53 727 219 2220 236 2372 232 2333 225 2270 53 722 123 1356 116 1293 119 1320
-357 22 1632 19301 224 2259 6 302 185 1913 140 1505 163 1715 54 736 190 1953 206 2096 112 1253 136 1468 73 903 89 1043 130 1415 76 932 27 490 138 1485 236 2366 121 1338 106 1199 85 1013 115 1280 36 574
-358 22 1767 20604 28 502 198 2024 15 378 109 1223 195 1998 27 490 155 1638 48 678 101 1156 43 629 107 1208 202 2061 114 1275 237 2382 200 2050 124 1358 158 1670 179 1859 38 590 177 1843 229 2310 144 1539
-359 22 1861 20233 86 1023 104 1184 167 1750 14 371 50 699 123 1355 121 1339 78 945 128 1398 236 2368 193 1983 247 2469 44 646 229 2303 89 1048 18 404 107 1213 51 708 121 1334 241 2415 198 2031 231 2327
-360 22 2025 22353 156 1651 77 937 84 1004 222 2241 88 1042 57 756 120 1330 179 1855 207 2108 114 1270 249 2491 191 1961 234 2352 246 2464 142 1523 214 2169 97 1118 14 370 239 2393 55 744 75 920 134 1449
-361 22 1729 18811 203 2070 28 498 64 818 158 1672 138 1492 114 1271 37 582 90 1052 143 1531 176 1831 176 1826 165 1733 70 878 192 1977 234 2356 173 1804 206 2098 125 1375 148 1578 28 497 37 581 107 1212
-362 22 1713 19832 207 2109 4 284 65 829 164 1725 54 729 166 1743 206 2102 225 2273 138 1484 174 1811 139 1496 38 591 66 836 110 1235 177 1839 64 822 170 1772 142 1527 123 1349 44 641 151 1605 140 1509
-363 22 1846 21344 117 1299 31 522 185 1908 80 969 182 1880 19 417 103 1177 233 2347 241 2412 18 409 154 1636 205 2094 151 1606 85 1011 100 1146 221 2236 143 1532 230 2316 115 1278 63 815 81 978 114 1272
-364 22 1587 18305 81 975 59 778 56 753 214 2171 43 637 210 2139 16 386 201 2056 81 976 76 929 140 1502 87 1033 165 1733 117 1297 10 334 201 2055 240 2405 133 1440 238 2384 7 305 246 2456 25 474
-365 22 1746 19843 210 2132 111 1248 12 357 243 2431 164 1721 130 1413 201 2051 111 1243 100 1150 95 1105 221 2237 199 2040 18 404 127 1391 127 1387 10 340 242 2427 90 1055 14 369 60 784 192 1970 54 731
-366 22 2004 22158 135 1464 220 2230 73 902 227 2285 166 1742 224 2264 205 2092 146 1564 242 2427 23 453 207 2112 149 1587 147 1572 136 1474 61 798 147 1571 187 1932 18 411 36 572 88 1040 66 838 242 2424
-367 22 1805 21033 46 664 26 479 133 1440 88 1040 154 1633 159 1678 123 1351 173 1801 235 2360 139 1500 12 352 68 859 222 2245 223 2250 13 364 173 1807 226 2281 6 299 29 510 198 2032 230 2319 141 1519
-368 22 1854 21198 28 500 43 633 44 643 49 683 233 2343 181 1879 170 1779 153 1621 34 551 249 2487 91 1061 182 1883 225 2272 224 2266 208 2120 148 1576 82 985 22 447 187 1931 164 1724 101 1151 209 2125
-369 22 1836 20071 230 2315 20 425 170 1776 216 2191 33 540 214 2168 170 1773 140 1508 9 324 28 497 205 2090 31 529 229 2310 183 1889 27 493 187 1931 200 2049 39 595 69 870 234 2349 190 1952 13 359
-370 22 1630 19537 11 343 171 1783 109 1228 153 1619 125 1367 139 1501 9 331 162 1704 243 2432 71 884 110 1238 137 1482 72 890 112 1254 160 1689 16 389 7 307 245 2448 198 2024 54 729 167 1751 241 2417
-371 22 1375 16945 101 1155 176 1830 46 663 21 439 208 2117 126 1380 67 852 48 678 153 1626 11 345 45 648 57 758 200 2044 91 1064 113 1260 110 1236 65 830 49 691 204 2078 30 518 195 2002 50 692
-372 22 1873 20879 224 2258 225 2275 115 1280 138 1486 139 1493 21 438 233 2341 170 1775 9 323 8 317 145 1554 229 2308 180 1863 198 2031 35 561 245 2450 50 692 175 1823 125 1373 93 1085 32 537 109 1229
-373 22 1609 19120 244 2441 173 1804 115 1282 153 1626 99 1137 60 785 108 1215 235 2362 125 1375 27 485 43 636 70 876 179 1855 86 1023 86 1018 137 1476 160 1684 147 1568 8 314 104 1178 4 282 205 2087
-374 22 1650 18961 1 253 43 637 90 1056 202 2067 2 263 213 2167 106 1197 218 2209 164 1719 61 795 238 2389 125 1372 174 1815 207 2107 28 494 169 1767 162 1701 188 1942 65 833 148 1574 114 1269 30 516
-375 22 1644 19120 1 258 70 873 218 2210 74 916 2 264 180 1864 166 1736 197 2018 213 2159 240 2404 234 2350 198 2024 6 299 11 343 215 2185 172 1796 15 383 141 1512 59 775 13 363 115 1279 5 294
-376 22 1934 20919 157 1659 236 2368 160 1686 139 1499 61 799 198 2025 226 2279 210 2134 68 857 53 724 179 1856 189 1946 247 2468 109 1227 249 2485 26 476 172 1790 143 1529 107 1208 225 2267 52 714 16 393
-377 22 1807 20020 65 830 70 879 134 1455 77 938 149 1585 72 897 245 2449 87 1030 139 1499 44 646 213 2160 64 822 230 2316 25 467 248 2479 246 2462 167 1748 17 397 164 1718 222 2247 151 1609 137 1483
-378 22 1541 18016 248 2475 152 1617 183 1895 20 425 238 2392 50 697 97 1116 211 2142 210 2133 171 1788 4 286 61 795 116 1291 11 347 105 1190 31 526 36 571 1 255 26 483 82 987 173 1802 169 1764
-379 22 1734 19465 30 516 45 648 64 819 94 1095 16 393 222 2247 215 2178 157 1660 83 996 86 1016 27 489 109 1224 223 2253 76 933 173 1804 97 1116 238 2387 122 1345 128 1402 127 1387 161 1694 243 2434
-380 22 2010 22043 78 944 90 1052 234 2350 87 1033 178 1852 245 2453 17 403 61 797 246 2456 25 469 166 1742 172 1795 231 2322 102 1164 44 640 248 2477 85 1015 232 2335 120 1328 152 1618 143 1532 228 2301
-381 22 1601 18140 83 993 133 1439 61 791 225 2273 185 1908 55 740 226 2281 21 437 101 1152 149 1586 169 1770 155 1637 70 880 201 2057 80 963 84 1004 7 312 166 1741 72 890 162 1706 130 1414 59 773
-382 22 1487 18170 148 1580 99 1141 77 935 110 1238 69 864 195 2005 210 2134 61 798 99 1136 115 1281 134 1452 35 565 242 2424 81 978 166 1736 90 1053 58 768 129 1409 40 607 94 1089 44 641 8 318
-383 22 1462 18092 126 1380 54 735 47 673 24 461 8 316 4 279 172 1792 203 2074 30 512 148 1578 101 1156 22 446 41 613 240 2407 54 735 192 1974 53 726 154 1633 96 1114 120 1323 244 2444 228 2295
-384 22 1547 18752 80 966 38 588 195 2005 90 1052 120 1323 185 1910 25 470 157 1663 103 1176 194 1989 156 1652 110 1235 38 587 220 2228 10 334 54 735 95 1098 108 1217 27 487 93 1082 240 2406 91 1065
-385 22 1506 18253 249 2489 145 1552 47 670 80 968 67 846 18 412 113 1263 16 392 27 493 225 2274 48 676 210 2140 78 952 2 266 213 2159 137 1480 194 1996 145 1553 53 724 45 653 187 1930 49 690
-386 22 1849 20718 100 1148 227 2286 103 1175 85 1008 126 1379 188 1940 111 1247 187 1928 172 1798 140 1507 219 2217 143 1535 196 2011 93 1080 80 970 227 2291 114 1273 52 710 214 2175 67 853 63 817 3 271
-387 22 1454 17053 5 288 154 1632 125 1374 222 2243 1 254 26 479 29 507 147 1568 154 1635 1 255 103 1177 142 1520 68 854 187 1931 234 2349 229 2311 9 330 119 1321 139 1497 63 816 73 900 73 907
-388 22 1864 20187 1 256 197 2019 27 493 116 1288 165 1727 153 1624 131 1423 155 1637 202 2064 192 1977 173 1807 63 814 203 2075 29 508 241 2416 44 645 226 2281 108 1218 96 1113 179 1857 133 1440 121 1335
-389 22 1620 18120 131 1426 159 1674 109 1230 204 2085 30 517 134 1450 104 1186 139 1499 55 743 209 2125 150 1597 126 1381 208 2114 52 711 66 843 187 1931 15 377 115 1284 123 1357 88 1042 17 402 109 1226
-390 22 1480 17119 11 343 169 1763 228 2294 37 578 70 876 202 2061 116 1289 128 1400 8 317 172 1794 130 1416 178 1850 42 628 148 1579 58 767 110 1234 82 986 162 1707 23 455 51 706 205 2089 34 548
-391 22 1731 19587 217 2200 44 638 130 1412 16 394 54 736 183 1890 108 1220 37 578 124 1365 72 893 205 2092 42 628 83 997 102 1168 233 2343 112 1255 135 1458 155 1639 122 1342 198 2031 149 1585 151 1606
-392 22 1939 20800 60 789 185 1913 181 1877 129 1411 95 1098 181 1878 246 2464 238 2391 91 1065 193 1982 161 1695 77 936 66 843 146 1563 129 1410 100 1144 190 1955 110 1233 179 1855 171 1787 1 257 170 1775
-393 22 1585 17887 16 391 165 1733 246 2459 199 2033 14 373 34 556 122 1342 230 2313 89 1048 113 1267 248 2474 65 835 106 1199 162 1700 33 541 198 2032 139 1493 81 979 83 989 171 1781 40 607 3 274
-394 22 1717 19658 249 2485 12 353 204 2085 145 1550 18 406 250 2498 62 805 6 303 87 1032 58 770 228 2302 49 688 194 1988 238 2387 227 2286 80 963 226 2277 171 1787 128 1402 37 576 47 672 29 511
-395 22 1861 21200 182 1887 1 256 156 1653 188 1941 229 2307 161 1691 81 974 247 2469 138 1486 177 1838 66 837 207 2110 226 2283 129 1404 13 367 169 1763 45 652 72 895 49 690 114 1269 168 1759 159 1678
-396 22 1838 21304 129 1403 54 728 119 1315 108 1220 8 321 192 1974 19 419 153 1627 239 2397 191 1966 94 1088 161 1692 1 252 100 1142 201 2057 247 2466 233 2347 81 977 193 1984 173 1803 177 1835 74 913
-397 22 1974 21633 112 1254 229 2311 101 1154 240 2402 34 556 181 1873 189 1943 204 2082 51 704 186 1924 121 1333 185 1915 105 1189 143 1535 203 2076 208 2117 29 509 127 1385 5 294 190 1956 3 273 192 1970
-398 22 2109 23158 216 2194 126 1379 79 961 244 2443 70 874 63 813 236 2368 210 2140 169 1766 104 1184 152 1613 66 836 231 2329 221 2236 242 2421 112 1258 179 1855 25 472 202 2067 60 784 84 1004 186 1922
-399 22 1836 20323 181 1878 167 1751 208 2122 115 1285 171 1784 208 2117 144 1542 89 1049 51 701 212 2150 191 1961 219 2216 126 1378 74 910 39 593 129 1410 145 1550 189 1950 92 1070 98 1128 144 1542 51 703
-400 22 1655 19529 137 1477 14 375 153 1623 246 2460 167 1753 7 313 87 1032 17 397 171 1787 161 1696 106 1198 142 1523 244 2441 167 1748 199 2034 1 259 87 1028 41 613 208 2121 106 1201 104 1181 12 353
-401 22 1550 18029 187 1930 157 1659 107 1212 155 1638 16 386 134 1450 36 570 29 503 45 654 31 522 150 1595 129 1403 155 1640 78 952 67 852 214 2172 175 1824 165 1728 51 708 22 443 150 1595 202 2060
-402 22 1479 17777 211 2144 215 2178 150 1599 228 2294 86 1020 68 862 213 2160 3 271 48 682 90 1055 87 1026 42 624 75 919 8 322 249 2486 180 1864 121 1338 123 1356 21 437 38 584 11 341 199 2039
-403 22 1741 20332 107 1207 144 1543 103 1172 195 2003 12 351 7 312 131 1427 165 1734 62 802 208 2121 55 739 132 1431 143 1536 246 2463 249 2490 131 1429 54 733 189 1946 57 758 38 589 102 1160 157 1660
-404 22 1821 20361 37 581 131 1427 218 2206 57 763 35 561 131 1426 165 1733 155 1638 53 719 201 2056 148 1577 150 1597 196 2007 201 2058 23 449 246 2457 172 1790 50 698 152 1613 55 740 205 2091 100 1149
-405 22 1080 14151 86 1021 90 1056 126 1377 46 662 125 1374 95 1104 39 596 49 683 151 1606 148 1579 119 1321 141 1514 23 453 39 594 31 528 56 748 123 1356 52 716 29 505 20 424 81 973 8 320
-406 22 1694 18785 44 640 219 2217 216 2187 225 2274 43 631 134 1450 16 391 207 2112 197 2023 219 2219 88 1036 96 1109 123 1356 33 545 2 268 80 964 187 1932 137 1482 20 423 250 2492 210 2139 52 716
-407 22 1782 19855 58 767 149 1583 70 875 107 1207 226 2276 125 1374 65 833 104 1181 137 1478 180 1865 83 993 65 834 10 337 95 1105 51 708 92 1074 224 2266 243 2433 225 2271 117 1297 219 2220 131 1428
-408 22 1690 18788 19 419 98 1131 92 1070 116 1291 151 1609 161 1696 43 629 104 1183 69 863 240 2404 158 1668 87 1026 143 1531 83 997 199 2041 247 2469 113 1263 155 1645 123 1349 246 2462 47 666 40 607
-409 22 1783 20131 128 1395 197 2020 219 2218 186 1919 109 1229 183 1896 79 956 186 1916 4 279 207 2113 237 2376 98 1124 93 1080 72 895 136 1469 26 483 108 1218 34 553 123 1357 48 681 198 2032 115 1278
-410 22 1963 22687 199 2033 134 1454 61 795 118 1308 240 2402 139 1493 250 2495 35 564 230 2315 189 1943 139 1500 220 2228 23 450 80 967 60 784 214 2169 123 1351 80 966 125 1373 174 1813 127 1388 134 1455
-411 22 1607 18105 131 1425 157 1657 17 395 191 1963 11 348 156 1654 167 1745 7 310 179 1855 160 1690 165 1728 49 691 81 976 117 1298 216 2187 96 1110 44 640 228 2294 159 1679 99 1137 103 1173 82 981
-412 22 1732 19820 92 1070 228 2300 156 1651 141 1515 141 1517 216 2192 135 1464 38 587 161 1697 60 790 177 1836 68 862 225 2275 113 1265 130 1417 234 2355 52 717 43 636 61 798 65 831 90 1054 199 2040
-413 22 2071 21873 216 2194 63 816 139 1498 191 1962 248 2481 96 1107 201 2058 243 2433 217 2197 229 2303 199 2038 228 2295 6 301 26 479 4 279 50 692 189 1950 174 1812 231 2328 98 1128 176 1833 188 1937
-414 22 1281 15637 11 348 56 754 171 1782 1 252 154 1628 68 858 86 1023 173 1800 21 438 250 2493 105 1192 188 1934 244 2446 10 332 132 1435 1 254 103 1177 28 496 15 380 49 684 64 818 118 1312
-415 22 1730 19915 108 1222 104 1178 94 1093 27 486 78 945 248 2479 205 2090 25 470 222 2241 23 455 184 1906 191 1961 58 771 153 1619 58 770 9 326 99 1136 232 2333 239 2398 151 1607 212 2155 50 695
-416 22 1905 20911 166 1740 188 1935 241 2411 99 1138 198 2027 192 1970 6 302 185 1910 157 1658 92 1075 141 1518 206 2100 187 1930 95 1099 50 696 205 2088 150 1592 127 1388 32 535 3 270 192 1973 214 2176
-417 22 1817 19868 94 1096 57 757 210 2132 242 2420 204 2086 33 545 145 1550 125 1371 153 1623 178 1844 137 1481 133 1439 60 790 168 1762 178 1848 161 1694 105 1190 34 550 50 699 155 1639 136 1467 169 1768
-418 22 1639 19502 39 599 90 1052 178 1851 215 2184 51 702 109 1226 56 754 141 1512 126 1376 97 1123 130 1416 239 2398 77 936 122 1347 204 2081 159 1676 12 350 64 822 71 881 181 1877 161 1693 24 464
-419 22 1812 20259 62 805 133 1447 96 1112 167 1749 217 2203 177 1836 156 1646 244 2441 176 1834 106 1199 75 925 110 1232 71 884 141 1517 8 314 172 1793 65 827 59 773 243 2435 231 2323 31 529 130 1419
-420 22 1820 21290 209 2125 132 1432 22 446 181 1872 240 2403 149 1588 142 1528 196 2007 22 440 128 1402 223 2257 200 2048 15 380 19 417 18 408 173 1804 191 1965 7 306 229 2309 60 786 210 2140 101 1151
-421 22 1746 19707 13 365 140 1508 21 434 2 263 133 1441 205 2087 69 871 40 606 212 2158 235 2364 154 1631 110 1235 64 820 223 2257 155 1640 192 1973 181 1871 4 280 233 2341 162 1704 193 1984 48 679
-422 22 1563 19118 30 515 152 1616 107 1212 222 2247 148 1580 199 2037 159 1674 167 1751 11 345 19 420 16 390 39 593 85 1010 204 2081 88 1034 80 968 3 277 125 1372 154 1634 58 769 248 2474 115 1278
-423 22 1835 20647 16 391 245 2454 116 1290 52 712 69 866 160 1689 74 909 227 2285 138 1487 6 304 206 2100 177 1843 196 2006 14 375 208 2117 168 1758 149 1583 235 2357 178 1845 129 1406 41 613 198 2024
-424 22 1516 17762 95 1101 52 716 234 2348 10 335 184 1899 163 1714 161 1692 111 1247 80 970 109 1229 57 756 122 1341 66 837 201 2054 122 1341 11 348 139 1496 131 1421 32 534 7 310 92 1076 195 2004
-425 22 1671 18978 29 507 169 1769 249 2484 205 2090 48 679 157 1657 127 1391 149 1584 166 1740 96 1108 199 2038 189 1943 99 1137 77 936 62 805 92 1073 209 2125 114 1274 117 1303 147 1570 7 313 76 928
-426 22 1838 19744 130 1416 34 550 142 1528 207 2108 2 260 204 2084 210 2139 4 282 235 2363 235 2359 93 1080 123 1354 190 1960 211 2148 98 1131 85 1015 121 1335 236 2373 224 2260 148 1582 16 393 84 1000
-427 22 1772 20374 139 1498 162 1706 127 1393 3 271 201 2055 97 1118 214 2176 210 2140 74 916 197 2018 55 745 73 903 91 1065 77 937 126 1379 200 2042 24 466 150 1593 247 2465 117 1296 107 1206 83 990
-428 22 1682 18567 3 276 38 587 223 2257 54 730 157 1660 103 1173 73 907 18 405 26 484 161 1694 27 486 187 1932 158 1666 204 2086 249 2487 246 2460 169 1769 112 1256 232 2335 152 1615 43 632 116 1292
-429 22 1798 21086 144 1544 225 2270 180 1869 54 735 24 464 85 1009 49 689 33 542 227 2290 249 2487 154 1633 94 1094 185 1909 180 1870 162 1704 56 749 219 2221 9 328 146 1556 103 1177 124 1366 83 993
-430 22 1536 17644 65 834 142 1525 74 909 212 2150 54 731 240 2403 50 699 170 1780 180 1868 143 1537 44 645 193 1981 191 1969 83 991 216 2187 12 354 79 955 99 1135 43 635 81 975 17 398 62 804
-431 22 1617 18158 172 1791 4 286 61 791 187 1927 74 912 36 574 133 1442 235 2358 70 873 58 770 47 673 40 607 140 1508 131 1422 166 1743 100 1150 169 1769 163 1712 195 2000 168 1755 146 1563 98 1125
-432 22 1502 17479 111 1244 196 2011 187 1928 188 1941 180 1869 16 390 67 849 195 2001 2 264 216 2194 4 285 72 895 74 915 239 2394 98 1127 11 341 18 411 110 1232 193 1987 144 1538 78 952 7 313
-433 22 1523 17669 118 1310 175 1819 75 920 39 596 183 1897 73 902 249 2491 164 1723 95 1101 1 255 48 676 217 2199 144 1546 189 1946 153 1620 11 346 5 291 55 739 137 1481 111 1244 1 253 168 1756
-434 22 1764 20354 154 1628 32 535 184 1904 111 1249 151 1604 228 2302 20 424 249 2488 81 974 188 1936 103 1170 133 1445 9 329 48 675 44 646 228 2297 202 2068 94 1092 127 1391 196 2009 19 420 118 1307
-435 22 1378 17331 85 1007 144 1546 153 1622 2 260 43 632 18 410 174 1815 33 541 13 359 71 885 58 772 218 2209 86 1022 72 898 71 889 133 1439 164 1718 104 1186 133 1444 248 2478 48 682 94 1091
-436 22 1859 20554 83 994 185 1910 240 2409 33 541 246 2460 1 252 119 1317 88 1038 80 969 221 2238 148 1576 173 1804 60 784 134 1455 197 2022 170 1780 234 2354 54 732 104 1178 213 2166 7 307 141 1518
-437 22 1769 19480 127 1391 130 1415 47 667 244 2441 4 279 124 1366 206 2096 70 872 82 987 91 1067 199 2033 173 1804 178 1845 121 1334 17 399 128 1394 121 1338 107 1210 197 2022 160 1688 164 1723 126 1381
-438 22 1753 20492 195 2001 203 2071 143 1530 238 2386 64 823 203 2069 10 337 77 936 246 2464 55 741 119 1315 244 2442 206 2102 19 413 177 1839 81 976 58 768 193 1981 212 2151 19 420 111 1244 49 690
-439 22 1748 19661 109 1230 105 1191 73 906 10 339 77 940 204 2085 76 926 193 1986 239 2396 89 1048 212 2157 135 1461 2 265 99 1137 240 2410 245 2448 158 1665 72 894 160 1684 1 253 126 1376 89 1047
-440 22 1948 21407 131 1428 191 1965 153 1621 81 976 182 1886 221 2233 71 884 249 2487 124 1364 207 2113 249 2486 12 355 7 310 143 1530 138 1491 213 2166 227 2289 50 694 5 294 127 1386 98 1128 161 1698
-441 22 2072 21613 140 1504 208 2116 96 1108 139 1496 127 1386 94 1092 232 2330 155 1639 112 1253 106 1201 115 1278 192 1970 186 1920 176 1830 161 1696 194 1994 158 1672 234 2348 170 1776 238 2385 26 480 193 1979
-442 22 1758 19176 105 1194 88 1041 137 1475 70 880 78 951 76 932 100 1145 31 522 55 739 147 1566 192 1970 164 1725 177 1838 134 1452 138 1490 244 2442 60 783 156 1648 186 1917 86 1020 108 1215 236 2369
-443 22 1801 21121 146 1556 240 2407 38 588 237 2380 141 1517 128 1402 35 558 212 2158 89 1048 184 1903 80 964 242 2420 14 374 141 1517 75 919 126 1381 177 1837 232 2330 70 875 90 1059 4 286 108 1218
-444 22 1410 17115 20 429 200 2047 245 2449 82 988 84 1001 45 652 25 473 70 879 11 342 103 1174 84 1000 3 275 114 1274 95 1097 213 2165 118 1305 217 2203 237 2380 164 1720 46 657 90 1052 46 659
-445 22 1851 21068 236 2372 52 716 181 1877 50 693 114 1275 181 1872 143 1531 148 1582 167 1746 236 2369 165 1732 11 349 238 2390 41 612 145 1549 29 503 135 1459 30 515 242 2424 219 2219 118 1309 87 1025
-446 22 1807 20152 55 742 119 1321 101 1151 94 1092 181 1874 220 2224 185 1912 65 833 206 2104 117 1300 194 1990 5 295 78 947 86 1021 66 844 211 2145 224 2266 17 402 141 1516 77 942 242 2420 246 2456
-447 22 1609 19303 61 791 68 862 146 1562 58 768 68 856 201 2058 61 791 148 1578 245 2449 24 458 61 791 217 2203 32 538 21 433 119 1320 162 1704 206 2098 176 1827 26 479 202 2063 55 737 228 2302
-448 22 1768 19559 109 1230 13 366 241 2415 185 1908 164 1725 220 2229 72 898 40 603 61 797 72 897 99 1141 217 2202 14 370 167 1745 178 1852 48 681 244 2446 68 856 242 2422 163 1716 187 1926 60 783
-449 22 1659 18569 111 1248 233 2345 23 452 77 940 97 1118 178 1844 243 2434 28 499 206 2098 175 1817 3 277 11 342 82 982 209 2128 103 1169 50 699 70 878 161 1694 209 2125 227 2293 31 526 94 1096
-450 22 1779 19589 48 682 205 2088 234 2354 231 2329 55 743 116 1289 213 2165 39 596 144 1538 54 736 70 872 109 1224 182 1881 149 1586 130 1413 102 1163 153 1621 174 1816 107 1205 18 404 231 2324 193 1982
-451 22 1888 21312 169 1763 169 1771 85 1011 85 1013 227 2287 36 571 167 1753 164 1724 55 745 81 975 145 1555 40 609 78 946 128 1394 18 406 223 2256 128 1395 204 2078 194 1996 116 1290 217 2202 210 2140
-452 22 1871 21474 179 1860 7 311 119 1316 109 1227 176 1830 24 458 173 1802 132 1432 193 1984 218 2206 24 465 216 2192 194 1990 168 1759 18 405 35 560 222 2246 226 2281 128 1399 138 1492 139 1497 231 2322
-453 22 1836 21056 165 1730 147 1572 100 1146 85 1015 86 1023 162 1703 27 486 149 1585 211 2142 141 1518 203 2071 205 2093 192 1973 242 2424 17 401 5 291 205 2089 45 651 193 1987 119 1319 56 754 226 2279
-454 22 1763 19338 31 529 151 1609 37 580 1 259 46 659 206 2104 209 2126 41 611 193 1987 189 1945 222 2244 19 417 109 1231 183 1894 87 1028 86 1017 191 1962 241 2418 247 2467 175 1820 136 1466 33 546
-455 22 1982 21406 182 1882 108 1219 83 990 76 928 167 1747 186 1922 218 2204 194 1990 127 1393 197 2015 3 272 80 967 97 1120 137 1483 225 2274 147 1568 204 2081 244 2443 81 977 78 944 157 1659 194 1996
-456 22 1791 20825 204 2080 56 752 161 1691 96 1108 104 1179 42 626 127 1387 104 1185 143 1533 128 1401 139 1499 104 1184 225 2274 13 367 10 339 176 1831 241 2417 162 1704 211 2143 88 1036 249 2485 77 942
-457 22 1739 19204 16 392 84 1005 212 2151 170 1780 107 1212 153 1627 61 798 79 955 43 637 191 1962 181 1871 23 452 246 2462 108 1221 185 1911 220 2224 159 1678 92 1073 232 2334 72 894 95 1101 74 915
-458 22 1534 17357 89 1044 115 1281 243 2431 101 1154 26 481 203 2076 17 398 142 1526 52 715 163 1710 69 870 8 321 122 1343 247 2473 53 726 1 252 151 1609 32 533 247 2468 86 1018 110 1234 230 2320
-459 22 1390 16188 102 1168 101 1157 224 2261 94 1090 85 1013 57 762 65 834 217 2198 90 1052 114 1270 200 2042 39 601 25 469 32 533 166 1742 165 1735 112 1255 127 1387 44 644 22 444 36 574 64 821
-460 22 1393 16150 167 1749 114 1273 120 1327 154 1628 116 1288 146 1562 2 267 21 436 164 1718 170 1772 86 1021 136 1472 94 1094 29 503 10 336 24 461 130 1415 116 1286 173 1800 87 1030 84 998 89 1051
-461 22 1504 18410 11 342 239 2395 45 654 56 746 23 452 240 2409 66 841 138 1491 224 2265 114 1275 7 310 47 672 2 268 113 1264 207 2111 102 1160 207 2109 33 544 217 2197 128 1402 65 829 169 1770
-462 22 1663 18628 90 1057 55 742 21 437 10 336 177 1838 225 2272 188 1936 115 1283 192 1972 180 1869 60 790 135 1459 109 1226 8 314 186 1924 150 1597 242 2422 118 1308 155 1641 71 881 38 589 172 1795
-463 22 2008 21834 58 765 54 733 135 1463 51 703 136 1474 247 2471 230 2312 196 2014 68 860 168 1761 195 1998 190 1959 131 1425 239 2393 174 1810 186 1917 169 1766 27 490 98 1132 169 1770 67 847 196 2011
-464 22 1837 20859 81 975 149 1585 123 1355 197 2019 33 542 129 1405 221 2238 106 1199 141 1512 191 1964 127 1386 73 902 157 1658 235 2361 174 1810 123 1349 190 1959 130 1418 41 611 13 363 50 694 147 1572
-465 22 1720 18644 155 1645 82 983 126 1377 155 1644 209 2127 164 1719 48 674 132 1432 27 485 26 480 185 1913 202 2066 91 1064 98 1129 165 1729 92 1073 162 1704 110 1235 119 1317 223 2252 82 988 157 1659
-466 22 1245 15354 124 1362 6 302 33 539 196 2012 61 792 37 577 170 1775 11 348 230 2320 27 493 9 328 44 643 191 1961 211 2146 85 1014 8 316 32 534 128 1398 193 1979 226 2279 16 393 6 303
-467 22 1823 20000 195 2004 133 1444 49 689 214 2170 185 1907 140 1505 64 820 204 2080 163 1710 48 678 6 298 73 900 155 1637 20 423 74 910 243 2433 228 2302 242 2423 23 453 56 748 217 2199 243 2435
-468 22 1840 21148 17 403 167 1753 229 2306 189 1948 48 679 184 1906 132 1438 99 1138 99 1136 72 890 33 546 150 1600 241 2419 196 2007 62 803 172 1796 118 1305 23 457 245 2451 245 2449 65 831 184 1901
-469 22 1547 18542 39 595 124 1360 217 2203 87 1029 27 493 123 1356 166 1737 32 538 165 1731 73 902 74 913 225 2270 174 1816 147 1573 47 669 241 2415 12 358 205 2090 43 629 130 1413 118 1310 87 1029
-470 22 1367 17011 164 1724 32 530 56 753 194 1991 144 1544 143 1535 78 949 103 1174 20 429 63 810 19 420 153 1623 177 1835 44 642 235 2361 128 1402 92 1077 29 505 208 2121 48 682 31 521 94 1093
-471 22 1878 21933 249 2484 80 963 100 1148 87 1028 125 1373 232 2336 49 690 66 836 124 1364 221 2233 13 365 31 529 43 629 229 2306 125 1375 175 1823 102 1162 192 1975 227 2291 211 2144 187 1932 53 720
-472 22 1942 21356 209 2125 57 763 22 441 245 2452 165 1731 102 1167 208 2117 22 445 15 382 138 1490 140 1503 185 1915 217 2197 196 2008 173 1807 168 1755 229 2308 207 2113 60 789 145 1549 25 470 90 1052
-473 22 1697 18686 147 1567 132 1434 55 739 143 1535 121 1334 168 1756 14 373 207 2107 49 685 10 337 167 1746 56 752 211 2141 67 850 30 519 28 500 178 1848 110 1239 170 1772 137 1481 233 2346 225 2271
-474 22 1812 20968 243 2436 159 1673 113 1267 9 330 144 1539 20 425 87 1031 224 2258 197 2015 66 843 18 412 60 785 204 2082 179 1857 149 1583 167 1747 175 1818 205 2093 152 1613 169 1770 38 591 51 704
-475 22 1903 21175 233 2346 231 2329 232 2336 43 637 78 946 52 712 150 1595 92 1078 191 1966 137 1481 118 1312 246 2460 55 738 60 783 135 1462 197 2016 107 1206 219 2213 104 1178 245 2451 13 364 53 725
-476 22 1481 18074 88 1037 166 1736 41 611 73 904 135 1462 33 545 217 2200 78 952 83 996 222 2247 136 1474 42 628 45 653 34 554 234 2351 104 1178 167 1748 109 1223 141 1518 6 297 21 436 241 2413
-477 22 2163 23171 55 743 154 1629 90 1057 125 1373 90 1052 217 2196 250 2493 193 1987 160 1687 141 1516 190 1953 250 2494 162 1703 141 1515 65 833 157 1663 70 878 173 1800 200 2049 201 2059 228 2296 160 1689
-478 22 1762 19412 154 1631 81 977 143 1534 121 1332 12 358 201 2052 191 1967 91 1061 168 1754 166 1743 237 2379 223 2255 192 1977 205 2088 231 2323 168 1757 59 775 4 279 42 622 176 1827 35 563 13 363
-479 22 1762 19351 14 370 146 1557 142 1528 89 1050 208 2122 86 1021 124 1363 137 1479 20 425 155 1641 113 1266 103 1175 105 1191 194 1989 185 1915 223 2255 170 1772 210 2138 177 1837 21 438 82 984 86 1021
-480 22 1693 19642 182 1882 135 1459 6 301 56 751 185 1913 144 1545 60 788 57 763 99 1137 213 2165 88 1038 190 1952 181 1879 90 1055 18 412 133 1444 74 910 210 2136 223 2257 159 1674 51 708 78 947
-481 22 1969 21212 183 1893 179 1854 178 1847 227 2292 54 733 89 1048 78 951 217 2195 191 1969 136 1470 219 2221 100 1148 153 1625 26 477 48 678 140 1503 63 817 202 2064 54 735 186 1918 78 949 243 2434
-482 22 1970 22236 83 992 143 1529 136 1467 10 337 210 2136 223 2254 162 1706 47 672 173 1801 118 1311 198 2031 173 1802 147 1571 20 426 172 1798 233 2344 186 1924 205 2088 153 1622 122 1348 164 1723 150 1599
-483 22 1996 21647 14 368 139 1501 139 1497 158 1664 131 1424 68 855 241 2414 183 1889 198 2031 167 1747 219 2214 44 642 80 968 247 2469 53 725 143 1535 91 1065 161 1691 91 1068 180 1866 197 2019 243 2433
-484 22 1893 21481 61 796 67 846 171 1789 90 1060 88 1042 27 486 18 410 165 1728 114 1272 63 812 69 867 201 2052 87 1026 247 2469 49 683 222 2242 214 2169 205 2089 167 1752 184 1901 220 2224 195 2003
-485 22 1861 20066 214 2169 149 1588 201 2052 76 930 98 1130 42 621 169 1766 207 2111 62 801 199 2039 1 252 128 1396 60 788 103 1169 33 541 222 2244 209 2123 239 2399 68 854 130 1420 233 2347 116 1292
-486 22 1768 19841 2 262 48 681 119 1321 242 2427 237 2375 200 2048 69 863 135 1460 215 2182 74 914 13 367 192 1978 17 402 24 465 246 2460 77 937 194 1988 161 1695 28 498 108 1222 132 1433 212 2150
-487 22 1876 20709 221 2232 17 399 154 1630 217 2197 183 1889 57 760 120 1322 112 1253 203 2077 62 808 10 334 181 1876 192 1977 140 1509 2 264 198 2031 68 854 199 2041 180 1867 129 1408 164 1718 173 1804
-488 22 1857 21110 104 1186 26 483 127 1390 164 1722 88 1034 137 1478 168 1755 219 2213 161 1698 129 1403 171 1789 206 2101 214 2175 7 305 7 305 67 851 144 1542 91 1065 144 1546 247 2468 158 1672 217 2196
-489 22 1759 19709 173 1800 42 628 86 1018 206 2102 94 1096 63 811 96 1106 154 1629 4 278 244 2438 176 1828 134 1452 248 2477 129 1408 39 599 132 1431 32 537 148 1578 38 586 229 2307 123 1352 220 2223
-490 22 1787 19750 127 1385 137 1475 248 2482 15 378 166 1741 190 1960 136 1466 80 962 98 1129 236 2374 160 1688 232 2331 53 724 117 1303 168 1755 110 1240 209 2123 175 1818 125 1373 36 573 54 736 83 993
-491 22 1585 19411 122 1340 249 2491 57 757 177 1838 184 1899 7 312 245 2453 77 943 38 590 19 417 32 536 141 1516 188 1941 16 393 181 1873 175 1823 31 524 120 1329 66 842 163 1710 112 1251 50 698
-492 22 2049 23007 230 2318 99 1136 53 719 177 1843 26 476 65 829 159 1678 137 1478 112 1256 192 1973 65 827 168 1758 199 2041 160 1682 168 1757 156 1653 192 1970 145 1555 184 1903 144 1539 242 2421 228 2295
-493 22 2071 21691 124 1362 17 401 119 1321 186 1922 122 1340 103 1175 227 2292 231 2326 212 2151 173 1807 178 1844 15 384 224 2260 209 2127 104 1185 163 1710 241 2411 230 2320 151 1605 34 556 121 1337 240 2406
-494 22 1567 17780 211 2149 95 1101 167 1749 36 571 79 954 106 1200 68 857 127 1393 65 828 162 1708 213 2163 201 2057 43 630 111 1248 191 1964 8 316 41 614 233 2346 187 1925 57 763 108 1218 84 1001
-495 22 1619 19396 210 2140 209 2125 85 1012 114 1275 223 2251 38 588 60 783 169 1767 116 1287 27 488 218 2206 177 1836 212 2154 220 2229 31 529 29 504 103 1176 13 360 53 724 18 405 105 1192 230 2318
-496 22 1451 17286 162 1704 149 1585 37 580 135 1463 37 578 136 1467 41 612 209 2127 94 1091 176 1829 16 393 13 361 236 2367 50 694 113 1262 110 1240 159 1673 82 985 207 2111 52 710 81 973 35 565
-497 22 1859 20879 116 1293 210 2140 38 590 189 1947 102 1162 141 1517 222 2241 63 817 144 1538 95 1101 62 806 202 2060 26 478 198 2025 116 1288 67 846 47 665 41 615 249 2487 173 1803 242 2422 199 2035
-498 22 1661 18463 121 1336 225 2270 193 1984 114 1270 239 2398 115 1277 167 1752 213 2164 78 948 114 1270 85 1013 238 2390 191 1962 47 668 175 1822 24 462 75 925 200 2042 50 694 46 659 9 324 32 534
-499 22 1976 21365 124 1365 124 1361 241 2416 245 2448 25 473 29 511 227 2286 73 907 18 410 228 2295 212 2151 168 1755 205 2089 33 547 240 2405 62 807 114 1272 82 984 206 2102 234 2350 58 766 136 1472
-500 22 1690 19450 4 285 27 488 243 2437 38 588 50 700 38 585 143 1532 163 1712 37 576 81 978 53 726 134 1451 221 2232 185 1911 200 2043 240 2405 111 1243 133 1447 65 833 221 2237 243 2433 131 1429
