-1 4 123 1475 36 574 1 253 43 636 113 1266
-2 4 242 2516 10 334 149 1588 209 2126 28 495
-3 4 192 2111 54 736 74 913 147 1567 30 520
-4 4 269 2698 61 795 16 386 142 1528 214 2176
-5 4 446 4125 68 855 226 2278 238 2389 155 1637
-6 4 115 1037 142 1522 8 316 23 449 7 313
-7 4 349 3238 137 1480 129 1406 165 1734 118 1307
-8 4 215 2559 50 700 122 1342 153 1622 23 451
-9 4 334 3196 136 1471 23 449 200 2050 176 1830
-10 4 272 2982 75 917 173 1802 8 322 165 1727
-11 4 164 1916 130 1419 84 1000 33 542 8 317
-12 4 303 2968 168 1759 43 631 143 1535 137 1483
-13 4 386 3995 48 675 151 1603 245 2449 160 1690
-14 4 321 3260 42 624 235 2357 15 382 209 2123
-15 4 220 2380 18 406 89 1045 74 910 164 1722
-16 4 275 2779 41 615 220 2223 133 1442 59 777
-17 4 341 3573 169 1767 86 1018 75 920 214 2172
-18 4 532 4821 236 2372 158 1664 239 2396 239 2399
-19 4 430 4436 147 1572 216 2190 134 1454 209 2123
-20 4 329 3514 54 735 238 2389 107 1211 148 1581
-21 4 212 2251 87 1026 18 411 68 857 163 1711
-22 4 284 3194 177 1843 176 1826 62 808 22 444
-23 4 365 3663 120 1324 152 1615 186 1921 114 1271
-24 4 394 3816 188 1939 173 1805 77 940 177 1842
-25 4 210 2363 12 354 112 1257 186 1922 38 592
-26 4 400 3832 136 1470 174 1808 195 2005 117 1298
-27 4 283 3034 181 1875 135 1462 83 997 50 695
-28 4 279 2830 88 1038 227 2285 79 960 44 643
-29 4 164 1963 27 492 83 991 35 558 118 1310
-30 4 385 3961 77 935 171 1784 205 2091 185 1915
-31 4 323 3372 238 2386 167 1748 12 356 81 974
-32 4 236 2516 95 1103 199 2039 55 743 25 475
-33 4 322 3390 98 1131 66 836 234 2348 126 1381
-34 4 445 3738 232 2337 232 2334 129 1411 110 1233
-35 4 421 4183 160 1685 236 2373 242 2423 52 717
-36 4 466 3945 144 1544 201 2051 193 1981 194 1992
-37 4 274 2897 17 403 210 2138 57 762 155 1639
-38 4 289 3060 26 479 194 1996 194 1988 35 559
-39 4 418 4048 194 1988 227 2287 24 466 217 2199
-40 4 218 2647 103 1170 139 1494 46 664 65 835
-41 4 262 2897 41 611 157 1663 41 614 189 1947
-42 4 450 4144 96 1108 222 2245 198 2029 199 2041
-43 4 134 1578 17 395 25 473 119 1321 47 673
-44 4 416 3881 140 1504 196 2013 159 1676 173 1807
-45 4 346 3675 218 2210 100 1148 193 1980 33 546
-46 4 292 3043 193 1982 147 1568 16 391 96 1112
-47 4 228 2688 67 847 32 530 160 1684 114 1271
-48 4 329 3145 199 2041 71 887 109 1227 169 1770
-49 4 456 4626 223 2252 162 1701 132 1438 230 2317
-50 4 374 3499 159 1678 162 1703 220 2223 81 979
-51 4 319 3286 165 1734 43 633 144 1544 145 1547
-52 4 214 2291 165 1729 61 795 86 1021 29 507
-53 4 490 4508 126 1378 216 2191 245 2455 188 1939
-54 4 394 3838 214 2169 147 1568 78 944 175 1820
-55 4 248 2598 118 1310 94 1093 108 1217 86 1017
-56 4 386 3954 213 2161 42 626 145 1552 234 2349
-57 4 385 3986 248 2477 177 1835 67 846 130 1414
-58 4 473 3857 126 1382 243 2433 245 2454 115 1278
-59 4 392 3808 47 666 228 2300 219 2218 139 1494
-60 4 148 1674 47 665 58 772 57 758 75 923
-61 4 291 3035 56 751 109 1226 236 2373 55 740
-62 4 270 2809 102 1167 62 800 236 2370 19 417
-63 4 419 4210 80 966 166 1742 230 2313 215 2182
-64 4 222 2503 20 430 76 926 97 1120 176 1826
-65 4 271 3010 46 662 178 1847 128 1399 71 881
-66 4 373 3709 95 1101 158 1670 135 1463 211 2142
-67 4 218 1780 232 2331 89 1046 3 273 17 401
-68 4 213 2449 26 483 140 1508 83 996 91 1061
-69 4 224 2682 56 751 112 1258 158 1669 40 604
-70 4 312 3246 133 1439 51 706 246 2457 72 897
-71 4 271 2887 198 2025 21 438 31 528 197 2015
-72 4 341 3412 123 1352 201 2051 206 2101 18 408
-73 4 325 3556 13 366 203 2072 206 2098 101 1153
-74 4 371 4013 114 1270 215 2179 212 2150 30 516
-75 4 396 4003 178 1849 101 1155 204 2079 154 1632
-76 4 180 1934 64 826 60 783 92 1072 75 917
-77 4 477 4858 61 797 232 2336 223 2251 237 2380
-78 4 160 1985 125 1370 78 952 44 639 16 390
-79 4 187 2171 96 1113 38 588 30 518 128 1394
-80 4 340 3465 218 2206 82 982 125 1369 106 1201
-81 4 371 3337 110 1240 176 1826 201 2052 97 1115
-82 4 150 1808 22 448 69 866 30 518 111 1246
-83 4 197 2225 75 925 144 1538 28 496 66 841
-84 4 307 3114 101 1152 59 777 220 2227 95 1099
-85 4 381 4071 97 1119 241 2413 156 1649 116 1288
-86 4 251 3055 11 345 165 1732 2 267 232 2338
-87 4 264 2906 68 854 83 991 87 1032 170 1773
-88 4 290 2859 74 914 65 830 249 2485 85 1015
-89 4 256 2731 25 470 1 259 237 2376 142 1526
-90 4 240 2294 80 969 234 2348 43 632 36 570
-91 4 369 3746 145 1555 230 2316 213 2166 14 372
-92 4 154 1199 205 2087 24 458 15 381 9 326
-93 4 342 3693 244 2445 79 955 98 1131 150 1597
-94 4 326 3698 69 871 48 680 187 1928 201 2051
-95 4 329 3183 250 2500 81 979 2 262 197 2022
-96 4 276 2596 225 2269 95 1102 65 835 53 720
-97 4 312 3374 25 470 241 2417 89 1051 165 1735
-98 4 285 3152 83 997 108 1214 194 1991 79 960
-99 4 332 3449 246 2458 214 2173 1 251 52 715
-100 4 197 2367 135 1457 123 1350 18 410 38 586
-101 4 445 4092 177 1838 196 2007 210 2137 140 1503
-102 4 280 2834 17 400 241 2417 151 1604 30 519
-103 4 361 3694 140 1503 38 589 158 1672 224 2265
-104 4 308 3343 118 1312 97 1117 70 875 209 2131
-105 4 289 3129 126 1377 56 748 81 971 192 1971
-106 4 301 3002 49 685 36 566 162 1702 217 2199
-107 4 348 3865 148 1582 221 2234 44 642 148 1580
-108 4 404 3921 38 589 221 2238 164 1719 226 2284
-109 4 415 4277 76 929 239 2399 94 1096 250 2498
-110 4 295 3176 159 1677 121 1332 165 1731 21 435
-111 4 377 3545 192 1974 148 1578 41 619 240 2402
-112 4 183 2226 57 762 63 809 131 1429 43 637
-113 4 306 3164 241 2411 119 1315 39 594 105 1195
-114 4 255 2616 110 1240 30 518 127 1386 149 1587
-115 4 301 3122 53 722 97 1116 228 2301 108 1215
-116 4 331 3738 192 1977 30 519 204 2083 91 1063
-117 4 504 4657 231 2321 175 1818 159 1674 224 2266
-118 4 316 3211 43 629 225 2270 13 363 213 2163
-119 4 206 2387 104 1183 102 1166 25 475 94 1095
-120 4 373 3594 110 1237 225 2270 181 1877 99 1134
-121 4 453 4173 184 1906 207 2109 134 1456 220 2223
-122 4 417 2903 240 2406 29 510 226 2283 200 2044
-123 4 458 4322 188 1939 200 2044 104 1186 217 2196
-124 4 246 2243 19 419 229 2308 80 965 60 784
-125 4 377 3802 14 374 104 1178 235 2364 234 2352
-126 4 188 2044 149 1588 10 337 50 700 84 1001
-127 4 303 3488 79 961 172 1798 217 2200 3 274
-128 4 140 1994 1 258 94 1096 59 774 75 918
-129 4 327 3581 41 611 195 2001 50 699 226 2281
-130 4 236 2659 42 628 50 694 165 1727 113 1261
-131 4 268 2582 232 2333 42 621 99 1137 59 779
-132 4 138 1762 23 457 103 1176 75 918 15 382
-133 4 310 3039 103 1169 104 1183 239 2399 48 682
-134 4 331 3530 4 286 200 2045 245 2452 70 880
-135 4 156 2003 36 566 34 554 108 1218 69 864
-136 4 482 4446 218 2205 199 2035 228 2296 129 1405
-137 4 337 3091 188 1939 75 922 185 1910 90 1055
-138 4 306 2941 242 2426 88 1034 154 1629 9 323
-139 4 394 3640 216 2192 79 960 216 2186 144 1546
-140 4 329 3292 34 549 142 1523 234 2349 101 1151
-141 4 460 4327 218 2208 172 1798 116 1289 224 2260
-142 4 136 1635 51 705 46 660 113 1265 5 293
-143 4 362 3333 132 1434 158 1666 124 1361 169 1768
-144 4 252 2592 23 455 155 1643 131 1424 103 1175
-145 4 359 3957 232 2330 133 1442 30 515 192 1978
-146 4 212 2326 9 325 181 1879 27 485 132 1430
-147 4 372 3930 195 2002 142 1527 11 345 245 2448
-148 4 397 4368 128 1400 227 2293 239 2397 36 567
-149 4 247 2518 36 573 127 1385 92 1070 128 1401
-150 4 176 1959 80 962 19 417 149 1583 44 645
-151 4 252 2770 188 1935 89 1050 71 889 54 735
-152 4 244 2574 34 551 10 337 218 2204 118 1308
-153 4 457 4264 166 1736 232 2332 205 2093 115 1277
-154 4 425 4254 209 2124 229 2304 36 568 196 2012
-155 4 206 2673 127 1387 66 837 58 768 80 969
-156 4 392 3657 77 940 129 1409 221 2237 226 2284
-157 4 307 3348 132 1436 229 2304 91 1068 58 767
-158 4 491 4355 190 1952 143 1532 237 2379 203 2077
-159 4 169 2092 59 780 66 840 109 1231 33 542
-160 4 311 3389 93 1084 227 2288 57 763 140 1504
-161 4 145 1898 96 1106 1 259 118 1310 11 346
-162 4 270 2632 94 1095 91 1069 127 1389 117 1295
-163 4 290 3372 108 1214 47 666 193 1983 126 1379
-164 4 276 3128 5 293 40 608 165 1732 220 2227
-165 4 207 1692 17 400 62 806 30 512 210 2135
-166 4 383 4255 66 836 105 1193 217 2203 204 2085
-167 4 334 3813 143 1536 225 2270 153 1626 31 525
-168 4 268 2807 116 1294 62 802 135 1464 122 1340
-169 4 186 2132 15 378 169 1765 78 944 42 622
-170 4 379 4166 143 1532 249 2490 172 1796 60 782
-171 4 529 4741 219 2214 186 1920 248 2476 164 1724
-172 4 295 3147 150 1598 20 424 163 1717 133 1441
-173 4 273 3294 39 601 107 1213 124 1361 184 1901
-174 4 439 4069 212 2154 65 832 179 1857 229 2310
-175 4 385 3427 221 2233 93 1086 74 910 242 2426
-176 4 466 4033 242 2421 133 1443 225 2273 149 1588
-177 4 266 2887 21 431 86 1024 163 1717 172 1796
-178 4 211 2454 169 1770 14 376 160 1683 1 256
-179 4 197 2399 108 1220 138 1489 6 304 64 824
-180 4 287 3362 190 1953 90 1054 5 294 194 1993
-181 4 441 3797 205 2092 174 1810 142 1528 177 1842
-182 4 398 2769 242 2427 2 265 164 1718 243 2431
-183 4 174 1788 30 516 67 853 152 1616 24 460
-184 4 328 3080 248 2480 21 435 92 1077 144 1540
-185 4 369 3723 94 1093 235 2362 162 1708 124 1366
-186 4 287 2693 129 1410 25 475 225 2272 72 898
-187 4 236 2383 115 1277 232 2332 19 418 8 322
-188 4 393 4213 121 1339 236 2373 71 881 184 1904
-189 4 309 3407 179 1856 123 1350 191 1968 6 304
-190 4 317 3134 181 1873 147 1571 75 925 102 1167
-191 4 358 3781 223 2257 192 1978 34 551 133 1443
-192 4 393 3975 179 1854 245 2452 33 545 194 1996
-193 4 367 3230 158 1668 156 1652 97 1118 158 1671
-194 4 326 3731 169 1770 186 1917 34 551 118 1304
-195 4 316 3354 227 2291 132 1430 31 524 124 1364
-196 4 422 4037 193 1985 33 542 204 2082 244 2446
-197 4 245 2533 124 1360 34 553 102 1163 149 1588
-198 4 295 3268 25 473 187 1931 78 950 199 2033
-199 4 311 3290 215 2181 60 783 98 1129 133 1443
-200 4 500 4408 231 2328 207 2112 189 1944 171 1784
-201 4 297 2893 107 1207 234 2348 75 917 42 626
-202 4 296 2953 100 1144 93 1079 51 701 250 2492
-203 4 313 3264 96 1106 210 2138 113 1261 83 989
-204 4 411 4021 141 1512 136 1470 243 2429 135 1465
-205 4 159 1726 72 897 35 565 5 295 135 1464
-206 4 332 3343 198 2031 61 793 248 2482 34 551
-207 4 385 4331 112 1257 217 2198 243 2436 29 508
-208 4 230 2798 21 432 117 1297 161 1693 84 1006
-209 4 426 3783 205 2095 128 1402 228 2294 98 1125
-210 4 442 4762 39 597 250 2497 207 2113 196 2013
-211 4 414 3583 221 2237 245 2450 113 1263 91 1069
-212 4 286 3068 23 449 216 2194 191 1964 31 527
-213 4 214 2324 98 1127 4 284 200 2045 55 740
-214 4 421 4077 236 2369 192 1974 218 2208 42 622
-215 4 247 2736 40 606 233 2347 115 1277 6 303
-216 4 302 3442 125 1375 169 1763 189 1950 5 289
-217 4 316 3055 73 899 159 1678 97 1119 180 1869
-218 4 273 2938 87 1032 100 1145 54 729 215 2178
-219 4 423 4490 192 1972 246 2462 103 1174 115 1277
-220 4 356 3514 248 2479 145 1555 119 1315 45 652
-221 4 409 4280 179 1861 231 2329 36 566 228 2296
-222 4 371 2528 165 1728 209 2126 16 391 212 2158
-223 4 339 3778 223 2249 169 1767 55 738 105 1194
-224 4 217 2598 39 601 124 1365 50 693 126 1384
-225 4 317 2903 180 1870 82 980 75 923 165 1730
-226 4 220 1967 23 452 225 2274 21 438 88 1035
-227 4 216 2417 102 1163 110 1238 108 1218 21 432
-228 4 393 3802 213 2165 33 542 170 1776 238 2389
-229 4 332 3543 14 368 229 2306 117 1300 185 1909
-230 4 385 4293 228 2294 121 1337 30 514 237 2378
-231 4 389 3855 218 2209 20 426 232 2337 164 1721
-232 4 427 2725 229 2311 224 2263 28 499 210 2139
-233 4 430 4345 101 1154 210 2136 213 2162 167 1746
-234 4 389 4070 35 565 127 1391 209 2130 230 2319
-235 4 177 2175 32 530 89 1048 44 640 130 1419
-236 4 252 3059 169 1763 145 1549 26 478 56 748
-237 4 346 3702 76 929 216 2192 21 437 240 2402
-238 4 340 3640 35 561 229 2305 176 1832 113 1267
-239 4 195 2111 40 602 56 749 121 1333 107 1207
-240 4 297 2953 38 585 107 1213 114 1268 231 2321
-241 4 333 3575 126 1380 84 1002 193 1985 137 1482
-242 4 314 3187 131 1424 151 1608 144 1542 75 921
-243 4 380 3659 174 1813 79 960 177 1838 157 1657
-244 4 389 4228 248 2474 98 1126 233 2343 27 491
-245 4 306 3099 115 1280 182 1888 68 860 126 1379
-246 4 324 3450 121 1334 127 1393 92 1071 197 2021
-247 4 368 4028 244 2446 30 512 170 1774 161 1696
-248 4 408 4079 184 1905 201 2055 125 1374 139 1501
-249 4 289 2949 96 1108 90 1058 118 1305 160 1687
-250 4 365 3584 242 2428 75 925 106 1199 150 1593
-251 4 202 2147 47 672 6 296 175 1824 84 1001
-252 4 339 3178 154 1633 29 507 248 2481 98 1125
-253 4 227 2204 36 569 69 865 214 2175 57 757
-254 4 278 3088 29 510 181 1879 28 498 202 2062
-255 4 417 4536 207 2105 93 1085 249 2485 110 1237
-256 4 366 3604 129 1410 141 1513 189 1947 152 1613
-257 4 125 1159 1 251 40 602 149 1583 9 331
-258 4 459 4082 198 2026 207 2109 165 1730 174 1812
-259 4 399 3992 81 974 145 1554 150 1592 250 2499
-260 4 325 3335 2 260 96 1109 232 2335 188 1940
-261 4 219 2372 195 2005 56 754 13 367 101 1152
-262 4 370 3618 159 1680 39 597 177 1836 230 2318
-263 4 434 4440 196 2011 156 1649 224 2264 135 1461
-264 4 373 4122 61 798 159 1675 230 2318 147 1568
-265 4 244 2713 7 305 162 1700 162 1708 47 670
-266 4 223 2543 31 527 45 653 189 1947 108 1222
-267 4 378 3399 76 930 137 1483 244 2446 168 1757
-268 4 303 2972 129 1403 25 473 245 2452 100 1143
-269 4 304 3503 23 452 210 2135 68 862 196 2014
-270 4 310 3586 66 840 50 697 190 1958 183 1891
-271 4 360 3710 202 2067 188 1934 156 1652 46 657
-272 4 322 3216 64 822 93 1085 121 1337 242 2427
-273 4 447 4721 249 2484 250 2495 117 1295 79 958
-274 4 225 2710 148 1578 140 1504 56 746 28 496
-275 4 282 3212 47 673 10 334 171 1781 224 2263
-276 4 314 3381 13 364 88 1041 182 1884 227 2289
-277 4 389 3564 136 1470 172 1792 118 1312 180 1870
-278 4 236 1853 120 1329 119 1316 129 1408 21 434
-279 4 469 4488 190 1954 151 1608 238 2384 183 1891
-280 4 313 3469 14 369 193 1985 220 2230 79 958
-281 4 289 3416 20 429 128 1398 135 1460 199 2036
-282 4 285 2926 115 1283 93 1080 150 1596 92 1073
-283 4 266 2715 87 1027 209 2125 107 1209 32 532
-284 4 418 4005 248 2475 142 1525 181 1879 116 1290
-285 4 275 3171 199 2040 178 1846 21 439 53 719
-286 4 297 3119 245 2450 169 1769 14 370 47 669
-287 4 220 2558 61 799 160 1684 32 531 99 1135
-288 4 283 3061 206 2103 91 1068 144 1540 10 340
-289 4 213 2340 1 258 112 1257 161 1697 65 834
-290 4 227 2542 77 937 62 804 200 2049 17 397
-291 4 364 3533 179 1854 139 1498 82 982 170 1772
-292 4 490 5041 245 2451 243 2430 41 618 230 2315
-293 4 181 2427 37 577 90 1060 117 1300 53 719
-294 4 312 3094 70 876 185 1907 244 2441 6 298
-295 4 399 3907 168 1757 145 1551 237 2381 95 1100
-296 4 178 1893 114 1274 47 669 112 1255 20 427
-297 4 438 3963 116 1287 159 1680 236 2371 206 2101
-298 4 263 2839 176 1834 75 923 34 548 132 1433
-299 4 302 2946 162 1700 186 1916 93 1079 60 789
-300 4 246 2585 64 825 137 1482 185 1909 4 286
-301 4 224 2467 164 1721 14 372 123 1352 62 800
-302 4 385 3925 58 766 219 2216 165 1731 176 1830
-303 4 315 3350 43 631 188 1934 47 670 227 2288
-304 4 515 4615 237 2377 233 2345 211 2144 142 1525
-305 4 275 2898 220 2228 152 1613 5 291 76 932
-306 4 444 4293 226 2277 249 2490 200 2048 41 617
-307 4 220 1763 26 480 3 271 89 1049 244 2438
-308 4 439 4841 244 2445 240 2406 154 1631 39 599
-309 4 359 3309 176 1830 123 1351 203 2076 93 1087
-310 4 367 4012 235 2360 4 285 158 1666 188 1934
-311 4 302 3382 58 771 135 1464 204 2078 106 1198
-312 4 445 4430 212 2152 161 1694 220 2222 103 1174
-313 4 341 3796 82 983 157 1655 241 2412 88 1036
-314 4 333 3418 37 581 69 870 240 2409 181 1872
-315 4 354 3658 68 855 161 1696 229 2303 107 1209
-316 4 220 1726 238 2391 92 1072 10 334 15 381
-317 4 308 3445 195 2004 131 1426 100 1149 76 927
-318 4 195 1976 64 826 30 514 177 1838 45 655
-319 4 219 2238 217 2203 9 325 11 341 124 1359
-320 4 297 2888 40 602 149 1587 213 2160 61 796
-321 4 368 3435 220 2228 117 1297 173 1805 92 1075
-322 4 417 3615 235 2363 98 1132 105 1193 230 2316
-323 4 402 3610 136 1468 125 1374 198 2026 210 2139
-324 4 276 3092 46 660 166 1738 100 1143 122 1345
-325 4 168 2194 22 440 50 692 103 1176 85 1007
-326 4 372 3347 87 1033 69 869 234 2348 230 2313
-327 4 224 2718 139 1493 121 1338 82 988 13 364
-328 4 320 3376 182 1884 6 299 137 1482 203 2069
-329 4 247 2729 102 1164 139 1493 114 1270 54 729
-330 4 132 1872 49 683 13 361 65 835 81 975
-331 4 304 3271 45 654 143 1530 130 1416 154 1634
-332 4 379 4091 246 2459 222 2243 94 1090 38 591
-333 4 349 3617 172 1798 55 738 201 2051 109 1229
-334 4 277 2791 35 564 200 2049 95 1102 109 1226
-335 4 266 3001 35 559 125 1369 178 1848 84 1001
-336 4 273 3084 158 1669 184 1899 35 564 53 723
-337 4 454 4544 191 1966 246 2459 115 1278 202 2064
-338 4 387 3875 201 2058 181 1871 166 1738 64 822
-339 4 143 1827 58 766 63 813 104 1183 3 269
-340 4 157 2084 100 1145 78 948 4 283 67 848
-341 4 450 4367 220 2229 238 2388 204 2079 51 702
-342 4 322 3187 172 1791 76 933 26 476 222 2243
-343 4 306 2933 94 1092 97 1117 140 1510 171 1786
-344 4 261 2992 51 703 58 765 143 1530 152 1610
-345 4 229 2650 137 1476 71 888 107 1211 39 596
-346 4 507 4918 187 1926 250 2495 116 1291 241 2412
-347 4 251 2478 5 295 93 1079 217 2196 102 1165
-348 4 354 3642 123 1354 189 1944 95 1102 146 1563
-349 4 182 1851 3 274 96 1109 182 1884 12 350
-350 4 165 2198 8 322 29 510 101 1158 125 1375
-351 4 413 3713 229 2305 186 1924 120 1324 113 1259
-352 4 309 3050 53 726 88 1036 128 1394 234 2352
-353 4 260 2904 156 1646 45 652 112 1256 93 1087
-354 4 438 3971 227 2290 141 1516 236 2367 79 956
-355 4 359 3555 55 737 175 1823 193 1983 176 1831
-356 4 429 4224 225 2270 99 1137 190 1958 154 1636
-357 4 271 2877 21 435 135 1459 123 1351 149 1591
-358 4 147 1947 33 543 51 702 100 1150 45 654
-359 4 338 3469 103 1172 97 1115 118 1306 245 2451
-360 4 268 2959 192 1971 38 589 18 404 180 1863
-361 4 370 3920 64 818 231 2327 113 1265 193 1984
-362 4 336 3479 231 2323 235 2361 54 731 6 303
-363 4 336 3405 64 826 36 568 250 2494 177 1835
-364 4 339 3763 219 2218 207 2112 40 607 92 1075
-365 4 231 2531 11 348 216 2190 41 615 108 1217
-366 4 271 3160 117 1295 151 1602 152 1616 2 261
-367 4 448 4518 201 2056 232 2337 150 1599 162 1707
-368 4 324 3634 13 363 107 1209 221 2238 191 1965
-369 4 315 3334 213 2159 107 1207 101 1157 92 1076
-370 4 151 1535 68 862 2 265 164 1719 12 350
-371 4 330 3644 18 405 147 1568 206 2102 152 1611
-372 4 225 2404 79 958 129 1409 85 1015 73 902
-373 4 295 3280 159 1673 204 2086 3 271 112 1256
-374 4 324 3612 119 1317 200 2043 135 1463 62 800
-375 4 233 2790 151 1606 94 1090 71 881 65 832
-376 4 224 1933 100 1144 225 2270 31 528 6 300
-377 4 396 3640 198 2029 127 1388 153 1620 160 1690
-378 4 291 3008 124 1363 227 2288 39 597 93 1081
-379 4 409 3958 198 2024 179 1853 66 840 195 2000
-380 4 220 2548 10 339 82 982 111 1247 155 1641
-381 4 291 2847 82 982 25 473 243 2435 105 1193
-382 4 261 3074 166 1741 93 1081 17 397 139 1495
-383 4 392 4365 176 1826 182 1884 226 2283 31 523
-384 4 366 3433 207 2107 97 1120 67 853 217 2195
-385 4 288 3111 16 389 241 2418 212 2151 2 263
-386 4 375 3800 141 1518 226 2283 126 1376 128 1399
-387 4 308 3189 232 2336 186 1916 80 970 12 352
-388 4 345 3538 248 2479 109 1231 53 719 160 1684
-389 4 284 2670 224 2263 145 1547 68 857 13 364
-390 4 367 3887 40 608 145 1550 175 1818 243 2436
-391 4 374 3616 210 2139 140 1504 54 735 211 2146
-392 4 277 3094 182 1887 3 272 87 1025 167 1747
-393 4 311 2987 40 608 38 586 248 2474 163 1715
-394 4 281 2953 94 1089 33 539 241 2413 74 910
-395 4 213 2201 46 664 27 491 54 736 211 2149
-396 4 340 3560 192 1972 24 464 240 2406 86 1022
-397 4 301 2935 3 273 119 1315 218 2204 127 1389
-398 4 269 2664 150 1593 131 1424 47 669 92 1072
-399 4 150 1833 21 439 21 432 114 1275 81 974
-400 4 122 1559 35 562 113 1259 45 651 2 265
-401 4 375 3512 44 641 179 1858 229 2309 158 1672
-402 4 369 3865 140 1504 228 2300 133 1439 107 1212
-403 4 309 3256 119 1317 179 1855 18 411 180 1862
-404 4 197 2305 55 739 134 1451 109 1224 13 364
-405 4 383 3832 112 1256 201 2052 134 1452 163 1715
-406 4 190 2280 3 271 136 1474 41 614 127 1386
-407 4 276 2855 166 1743 102 1165 178 1849 14 372
-408 4 276 2686 37 579 72 890 216 2192 108 1214
-409 4 211 1711 220 2230 62 807 15 382 32 530
-410 4 206 2323 19 418 87 1030 42 625 175 1817
-411 4 481 4638 98 1128 223 2252 202 2062 246 2462
-412 4 371 3864 19 416 240 2407 162 1707 164 1719
-413 4 293 3115 50 697 8 322 217 2197 203 2070
-414 4 325 3159 53 726 248 2482 55 739 162 1706
-415 4 338 3158 90 1058 191 1965 203 2074 76 928
-416 4 371 3843 65 827 100 1142 184 1905 234 2356
-417 4 423 4177 241 2414 185 1910 235 2358 30 519
-418 4 251 3017 152 1615 10 333 210 2139 23 456
-419 4 332 3418 26 481 172 1797 177 1841 152 1612
-420 4 302 3470 18 410 168 1760 104 1182 201 2057
-421 4 410 3873 102 1164 175 1824 239 2394 141 1515
-422 4 366 3602 209 2124 203 2071 123 1350 59 773
-423 4 320 3361 211 2148 61 795 104 1181 121 1334
-424 4 293 3019 161 1695 74 909 20 425 202 2062
-425 4 223 1943 57 757 233 2343 50 700 27 487
-426 4 354 3456 160 1689 90 1058 139 1501 184 1899
-427 4 200 2568 86 1018 70 876 44 642 116 1289
-428 4 406 3746 167 1752 206 2103 211 2148 70 879
-429 4 370 3624 167 1753 167 1751 108 1218 147 1568
-430 4 351 3472 65 832 1 257 234 2349 246 2457
-431 4 409 3596 83 990 211 2143 204 2085 142 1522
-432 4 276 2864 9 325 141 1519 216 2188 91 1061
-433 4 285 2995 138 1485 208 2116 3 273 114 1275
-434 4 359 3541 145 1553 96 1110 142 1522 188 1939
-435 4 380 3816 31 521 136 1467 219 2215 220 2228
-436 4 495 4418 234 2352 178 1849 210 2140 204 2082
-437 4 194 2198 51 704 36 571 137 1477 80 967
-438 4 268 2882 147 1565 101 1154 79 959 107 1208
-439 4 399 4083 204 2079 5 287 250 2500 169 1771
-440 4 172 1864 36 568 52 713 143 1530 41 611
-441 4 412 3970 78 952 193 1984 220 2225 181 1878
-442 4 389 3553 186 1920 168 1760 171 1781 117 1297
-443 4 315 3688 126 1384 90 1057 204 2080 97 1120
-444 4 401 3988 187 1929 99 1133 177 1837 199 2038
-445 4 307 3177 1 252 215 2179 137 1475 130 1415
-446 4 335 3530 124 1358 236 2373 120 1327 72 898
-447 4 331 3582 33 544 150 1594 180 1868 174 1815
-448 4 178 1211 15 377 223 2252 32 535 10 333
-449 4 287 3000 102 1165 22 447 183 1889 137 1477
-450 4 220 2670 132 1438 35 565 45 648 140 1505
-451 4 398 4283 155 1644 98 1128 138 1484 238 2391
-452 4 263 2721 216 2194 63 810 143 1530 5 293
-453 4 232 2356 85 1009 94 1091 106 1201 83 995
-454 4 431 3849 215 2181 150 1594 174 1811 173 1799
-455 4 208 2004 13 359 199 2039 78 950 38 586
-456 4 239 2697 47 665 85 1007 221 2239 16 391
-457 4 220 1814 63 814 222 2245 24 459 40 604
-458 4 125 1437 37 575 27 487 74 916 62 804
-459 4 364 3830 247 2465 212 2158 97 1120 51 702
-460 4 194 1327 247 2466 24 458 28 502 17 395
-461 4 323 3661 45 650 163 1717 102 1160 215 2183
-462 4 315 3020 77 935 156 1649 100 1143 186 1924
-463 4 259 2795 44 638 111 1243 220 2222 39 598
-464 4 205 2161 72 892 84 1002 1 251 167 1749
-465 4 362 3807 120 1324 127 1387 112 1251 239 2393
-466 4 248 2665 85 1015 126 1378 69 871 121 1336
-467 4 214 2362 124 1362 90 1060 38 590 91 1061
-468 4 373 4000 215 2180 84 999 55 744 249 2491
-469 4 401 4127 207 2113 133 1439 186 1917 124 1359
-470 4 331 3737 230 2315 5 294 112 1255 203 2074
-471 4 419 4279 211 2148 191 1967 163 1709 94 1096
-472 4 392 3618 174 1814 147 1567 179 1856 143 1536
-473 4 134 1702 75 919 95 1100 1 254 39 600
-474 4 402 4109 91 1068 143 1530 214 2170 178 1847
-475 4 283 2959 95 1099 46 659 230 2318 91 1068
-476 4 381 4097 136 1470 244 2441 179 1855 44 646
-477 4 504 4666 111 1242 227 2287 234 2354 235 2358
-478 4 140 1709 35 558 21 438 56 747 114 1276
-479 4 148 2023 86 1020 31 524 31 528 80 965
-480 4 364 3545 156 1650 179 1858 105 1192 153 1626
-481 4 411 3876 157 1661 168 1758 125 1367 222 2248
-482 4 361 3852 188 1940 145 1553 213 2162 41 617
-483 4 384 3581 118 1311 169 1767 224 2265 124 1358
-484 4 380 4037 31 523 104 1182 226 2281 224 2259
-485 4 281 2670 248 2479 75 920 131 1421 6 302
-486 4 185 2053 90 1055 58 771 87 1027 62 801
-487 4 366 3542 60 785 130 1414 194 1989 211 2149
-488 4 386 4200 164 1723 120 1325 91 1062 226 2281
-489 4 369 3591 151 1609 54 734 191 1969 199 2036
-490 4 320 3558 18 407 206 2097 77 942 224 2261
-491 4 199 2612 40 603 122 1345 36 567 109 1231
-492 4 336 3230 109 1225 54 731 186 1916 175 1823
-493 4 211 2024 118 1305 118 1305 62 804 46 663
-494 4 322 3492 147 1565 222 2247 19 414 150 1598
-495 4 318 3039 109 1226 160 1682 76 933 163 1713
-496 4 359 3413 222 2247 101 1157 84 1006 180 1864
-497 4 341 3434 227 2285 160 1685 60 782 81 971
-498 4 337 3436 246 2461 107 1206 73 899 134 1454
-499 4 298 2806 76 933 161 1699 190 1955 70 872
-500 4 344 3736 23 450 64 818 207 2109 246 2459
