-1 10 279 1542 36 3 43 1129 202 94 149 2084 28 646 54 737 147 300 151 605 16 1420 214 1142
-2 10 113 3 226 2376 155 2443 142 73 23 70 194 1367 129 1649 118 1826 50 1214 153 223 101 1357
-3 10 1241 3850 200 1755 127 741 173 80 165 2339 130 834 33 75 213 1676 43 1428 137 875 48 1503
-4 10 844 12811 160 1975 42 2341 15 2081 208 174 89 733 164 1851 41 2193 133 586 50 1686 86 744
-5 10 891 18854 138 2358 158 2384 239 533 147 2155 134 2081 50 538 238 1067 148 167 87 178 68 1623
-6 10 740 725 177 1751 62 215 241 1193 152 1857 114 1954 188 1727 77 1769 204 115 112 1858 38 345
-7 10 809 12650 174 1950 117 2167 181 1346 83 495 155 875 227 789 44 1920 27 824 35 1178 143 761
-8 10 626 20408 205 1850 26 2373 167 118 81 2453 95 1988 55 250 161 979 66 2331 126 782 232 2316
-9 10 185 1155 110 1680 160 2359 242 518 51 1437 201 1923 194 1826 17 2098 57 1543 121 254 194 1931
-10 10 942 5044 222 1931 227 240 217 1597 103 1382 46 650 103 401 157 405 189 670 96 2217 198 1990
-11 10 416 2164 17 247 119 469 226 1394 196 1585 173 1188 218 997 193 329 184 1925 147 157 96 2370
-12 10 212 4215 32 1593 114 659 199 707 109 1688 11 2224 162 1320 230 580 159 1615 220 810 14 1649
-13 10 605 10187 144 1441 203 1643 61 857 29 1496 126 2157 245 1877 161 2132 147 771 175 2064 118 937
-14 10 910 2694 86 701 213 418 145 2332 49 2474 177 662 130 994 126 2425 245 1143 248 462 228 2187
-15 10 184 7556 106 461 58 564 75 1158 56 1084 236 545 195 1019 62 2356 19 2271 80 1657 230 2147
-16 10 87 1560 20 751 97 1751 25 458 178 1277 71 2062 95 1577 135 2102 115 2312 89 25 17 2017
-17 10 731 1419 140 829 91 1333 56 1120 158 393 74 1321 51 2453 72 1125 198 209 31 1961 42 1225
-18 10 556 8400 206 176 120 129 203 2053 101 1168 114 2143 212 295 248 1776 101 2033 154 1110 64 592
-19 10 435 13281 75 1014 61 2317 223 2367 168 1245 78 432 16 562 96 375 30 1271 202 2173 82 1244
-20 10 1224 9570 198 1100 176 2003 97 1796 22 685 30 1107 248 750 144 274 66 1510 101 585 220 943
-21 10 127 1334 97 2403 156 1153 125 105 165 18 232 606 68 823 87 1692 228 738 65 2483 85 792
-22 10 270 16914 1 2362 142 1605 80 2331 43 355 71 1450 230 2128 14 721 205 231 15 84 64 2438
-23 10 315 20439 98 1496 4 690 48 1864 201 2238 250 810 2 1968 108 2244 95 650 53 1580 25 2408
-24 10 708 13924 165 17 83 1071 194 789 81 2453 214 1 52 2320 135 1222 18 373 134 1764 196 2097
-25 10 1013 19569 87 166 241 1505 30 1933 140 377 158 2239 219 1180 97 694 209 1179 126 553 81 1912
-26 10 1036 12116 49 351 162 2166 244 1480 221 436 148 1119 38 2209 164 2260 119 754 239 939 250 1487
-27 10 101 296 121 1645 21 1682 192 1475 41 2391 47 569 63 1310 43 1235 241 1183 39 1050 42 1100
-28 10 72 396 127 1485 73 525 97 2279 108 1051 192 299 204 904 195 2301 175 1582 224 1998 43 2245
-29 10 979 816 213 1971 104 1018 25 939 174 1097 225 1808 99 375 184 2065 134 2192 41 2396 29 2259
-30 10 1009 20799 1 1876 200 1040 217 2330 19 2287 80 594 178 138 104 2348 234 2100 149 97 50 834
-31 10 1047 12340 79 1719 217 26 215 9 94 582 75 741 41 1946 50 2257 197 420 50 1641 113 1955
-32 10 133 5564 42 985 59 1027 23 1029 75 147 198 1021 104 2388 48 1410 4 1994 245 700 189 351
-33 10 1217 17177 108 682 157 2172 199 2273 129 1162 188 746 185 894 136 2417 88 1532 9 1149 216 789
-34 10 1028 8294 144 91 34 1414 234 1001 215 2176 172 1154 224 1541 51 455 113 48 179 1316 158 1234
-35 10 687 12404 113 227 155 1305 103 682 232 1324 30 1920 61 83 181 261 132 468 195 1419 11 2442
-36 10 158 1273 128 2270 239 352 156 359 127 911 128 2328 80 186 149 439 33 1872 89 710 54 1314
-37 10 726 10116 10 2171 118 2122 166 2313 205 1141 185 2083 229 354 196 1735 127 652 58 799 115 767
-38 10 300 7918 221 2260 9 1317 229 908 58 161 190 1424 237 2030 180 589 66 1090 33 1662 93 2264
-39 10 1045 1304 140 141 96 10 118 107 219 939 91 1265 117 1515 108 462 193 1255 67 48 40 1646
-40 10 500 4424 213 166 62 291 210 2432 66 1047 217 2039 237 1429 225 1529 31 307 116 613 135 1211
-41 10 207 5589 15 1683 78 414 70 1424 249 1718 60 392 219 1856 248 1638 238 1498 20 1630 133 1733
-42 10 619 1139 107 1235 184 179 212 647 179 2288 203 2204 93 733 242 571 242 1325 225 1487 116 201
-43 10 529 15560 163 1718 20 1689 14 1593 1 806 108 1377 6 638 130 1892 90 49 194 47 205 1733
-44 10 774 14708 177 1600 242 16 164 2424 63 295 67 1518 24 1884 248 205 92 1433 248 937 235 1620
-45 10 481 10050 3 1289 25 2247 72 1837 115 2313 19 80 155 1210 236 701 184 2173 179 1222 191 60
-46 10 865 7701 181 1467 75 1019 145 2229 192 334 133 786 179 2447 33 1940 28 1575 156 965 158 2326
-47 10 864 16241 186 334 118 2186 227 1311 31 1237 82 1928 33 2036 244 1342 124 337 102 1486 10 248
-48 10 247 475 78 1981 30 2145 60 976 133 799 231 2069 189 1704 138 1063 234 741 42 2413 100 921
-49 10 160 6007 250 34 96 2097 113 821 120 1402 136 2421 135 1378 72 350 5 1349 217 1979 61 2480
-50 10 787 31414 76 1119 217 2429 29 2091 21 1163 161 840 21 2050 128 2271 98 2333 39 2497 207 1959
-51 10 192 4549 221 2445 113 910 93 221 216 1905 31 1116 98 38 200 545 10 2354 192 2176 42 639
-52 10 1117 8029 233 1141 6 1336 125 1682 189 43 99 721 159 966 180 1148 87 995 54 2142 4 1913
-53 10 307 2119 103 1141 225 2477 145 1183 45 1960 179 2310 36 2273 41 1642 209 157 212 843 223 1685
-54 10 70 207 105 731 39 1239 50 1259 198 1800 82 747 165 1593 23 2248 21 873 86 1014 110 1075
-55 10 431 17416 177 2128 33 1695 238 140 14 2285 117 1843 50 2271 121 293 237 1325 218 195 232 1635
-56 10 965 15370 229 2237 28 2098 96 1005 210 2124 167 1135 35 1268 209 2299 242 312 89 433 130 16
-57 10 408 2939 145 253 56 1840 76 2158 21 2391 134 345 229 1758 113 861 40 554 121 1063 19 372
-58 10 1173 16826 114 2301 32 1256 84 1928 137 893 131 1509 144 745 135 1737 79 1764 157 2370 248 974
-59 10 732 11801 27 2139 115 1819 68 1255 122 1204 127 913 197 185 244 291 170 1606 46 1838 201 1249
-60 10 1196 7449 146 953 90 1173 160 1190 242 750 106 1492 188 469 6 1749 84 2365 154 285 248 972
-61 10 0 0 36 683 214 563 29 289 181 275 202 1614 207 928 249 1097 169 1289 141 1885 152 77
-62 10 285 7905 40 1481 9 1387 198 2065 165 1736 87 804 145 1491 250 1916 2 954 232 1878 146 1950
-63 10 695 22770 13 1002 3 1589 39 1762 230 629 196 1554 224 1345 55 609 159 2298 147 1224 7 1611
-64 10 948 11382 47 2278 31 448 189 1080 12 756 137 2439 168 239 129 248 245 992 42 225 210 680
-65 10 1229 18582 62 656 50 1898 183 1762 202 1871 156 453 45 635 93 1208 242 979 249 2494 117 786
-66 10 533 2919 148 1394 56 274 39 470 10 1702 224 1290 13 879 182 2265 87 1356 172 1180 180 2125
-67 10 397 13424 119 1287 21 490 190 1508 238 1823 79 132 193 2200 79 986 20 1275 135 1984 2 1148
-68 10 80 308 150 914 167 863 209 1065 32 641 248 1417 181 1156 45 1989 178 210 53 614 245 1688
-69 10 48 5772 47 1330 61 1594 32 983 130 2058 91 1434 10 1367 1 1118 161 648 147 763 62 1999
-70 10 551 14146 189 1782 139 813 170 1978 245 2422 41 2294 229 364 90 1167 53 518 70 1841 244 53
-71 10 759 1346 168 1446 237 944 93 1138 47 1117 20 492 116 1589 236 2056 55 1760 75 331 132 1570
-72 10 800 7282 186 921 60 266 64 1369 185 40 151 1634 14 1225 62 960 58 2184 165 1756 124 423
-73 10 398 5864 47 2264 117 2363 233 2104 142 1330 220 1514 5 757 43 2252 249 1998 41 1040 26 23
-74 10 743 10888 244 436 244 2395 154 388 241 1756 123 2029 93 172 235 39 158 1871 138 579 135 2031
-75 10 632 18150 14 2114 161 2191 103 2001 82 1561 241 874 11 368 69 2399 181 1578 68 1606 229 1066
-76 10 160 798 238 914 10 146 103 1948 131 999 76 729 64 293 177 450 92 2170 9 101 124 512
-77 10 881 20976 149 2122 61 2179 220 1163 173 916 57 2348 98 1048 230 1276 136 1249 198 2099 10 456
-78 10 579 11026 100 1216 185 211 50 1029 85 2209 87 687 234 2293 1 1381 121 820 13 1597 182 55
-79 10 177 1986 203 376 102 1381 114 532 33 481 13 650 81 1688 45 1422 130 1538 229 2455 222 934
-80 10 728 5246 158 1720 55 2001 109 2458 35 1999 95 1085 160 344 125 1776 84 1559 158 1832 35 526
-81 10 891 17425 191 2454 115 2015 15 2009 181 1653 64 1625 58 626 104 21 140 995 78 37 67 1545
-82 10 404 4975 238 2033 51 1590 172 759 26 2215 245 936 97 1400 171 536 51 573 143 1511 232 1363
-83 10 1021 6244 107 384 236 1862 250 1156 241 1937 5 921 217 1016 13 1226 189 946 146 2060 3 954
-84 10 326 12056 12 1181 8 289 101 1250 146 2283 186 1194 113 1853 53 873 128 2336 86 1551 45 1118
-85 10 713 16808 204 2266 141 2352 79 2102 55 1747 193 1757 8 2245 99 1898 154 2135 21 1343 123 1490
-86 10 1339 14911 33 502 100 449 210 1024 97 1173 245 154 192 377 18 1792 135 631 231 1128 193 830
-87 10 710 13610 235 534 6 2000 64 353 250 1761 193 2187 207 396 92 496 11 2156 41 1075 83 1161
-88 10 854 18319 152 12 213 2007 232 1499 162 122 13 1066 221 1906 48 2121 107 1007 92 825 68 16
-89 10 259 10456 12 852 18 1464 206 1512 163 786 129 849 73 803 159 2040 3 1118 99 1186 200 1348
-90 10 95 841 148 1507 94 701 65 698 100 2244 31 55 95 1976 127 1522 160 1083 124 2265 39 924
-91 10 1030 10948 198 1781 66 1945 207 99 82 1107 155 844 82 248 243 1048 206 1657 93 163 139 1537
-92 10 842 25771 182 2259 31 1867 207 967 67 2161 116 154 241 2112 2 698 141 2259 126 1277 25 2317
-93 10 305 5068 80 113 24 2476 109 521 160 282 224 1441 68 126 154 398 145 1742 243 485 210 1393
-94 10 1161 14387 211 478 182 25 87 1664 157 398 38 2471 163 1900 94 321 241 733 176 460 27 540
-95 10 674 4154 166 1913 24 2395 86 1351 3 1183 218 1266 224 1493 131 465 92 1948 21 202 114 804
-96 10 265 1976 35 1121 45 16 129 434 179 2287 158 754 140 2278 133 1069 46 1185 179 179 180 1158
-97 10 324 10851 134 1083 13 1712 112 2002 134 1628 138 23 136 404 127 1018 166 1017 178 136 3 365
-98 10 807 10824 216 1071 187 2200 62 146 32 2122 19 867 42 1741 200 975 223 2013 246 1343 19 2397
-99 10 1247 12920 164 1685 50 80 217 2023 74 529 248 543 162 1466 90 1905 203 754 24 641 100 1839
-100 10 478 1022 186 2405 185 2342 30 644 152 92 210 229 178 257 172 1767 152 1564 18 1677 104 2008
-101 10 343 3472 102 1749 239 1406 119 2082 203 1222 59 839 211 605 104 1204 213 1605 74 195 202 1994
-102 10 890 1408 233 500 27 498 160 898 139 1832 100 854 70 435 116 1655 167 2059 211 699 111 1670
-103 10 13 1257 108 1464 145 647 1 2332 246 2221 83 2104 204 1414 192 83 141 2153 91 307 138 2074
-104 10 441 8852 114 891 145 955 142 1876 146 301 136 2183 220 1399 234 1777 210 2036 3 505 36 1363
-105 10 389 8711 194 1462 101 788 107 965 204 42 250 1690 175 353 52 1423 41 1772 78 1927 220 1809
-106 10 650 12523 186 1678 171 1164 38 1260 90 2033 97 521 187 981 177 1986 30 2 215 1361 130 1890
-107 10 190 4984 236 1196 72 375 33 1493 180 1739 88 141 223 316 10 1690 102 219 183 1363 237 1320
-108 10 938 4990 45 1394 129 1548 98 1371 238 1647 216 622 143 48 91 843 94 1056 83 1559 215 1493
-109 10 200 1520 173 315 13 1988 78 374 180 461 85 2210 16 2433 63 2217 24 393 155 361 27 739
-110 10 228 7725 129 2461 212 966 51 8 247 231 28 161 79 445 163 1011 215 821 77 1554 100 1860
-111 10 573 7047 44 1104 220 387 128 713 84 1 167 1674 120 1263 112 2381 38 850 126 690 121 966
-112 10 884 16505 90 377 91 1334 215 832 55 2490 98 2070 133 1852 124 897 230 49 112 2026 10 2109
-113 10 1215 16968 163 940 178 1738 147 1784 143 542 75 944 1 388 199 909 143 2133 178 2136 95 454
-114 10 400 4657 91 700 136 2435 179 439 162 1102 227 2338 235 1246 35 209 56 1140 108 856 31 309
-115 10 146 4199 249 1555 179 1047 153 727 157 1675 125 2220 63 1878 145 2124 41 808 118 1685 224 1231
-116 10 799 14410 31 1035 226 2232 249 2477 75 1301 6 623 90 578 87 612 116 595 130 1933 211 753
-117 10 329 6150 120 902 226 2145 151 538 191 1984 108 174 206 769 224 512 40 1217 36 1090 241 1083
-118 10 425 4487 186 1748 205 1173 118 615 46 773 147 2219 19 1498 2 1084 160 759 163 1360 222 1008
-119 10 1247 15252 180 622 227 1594 60 801 231 2457 107 721 134 98 76 1610 190 691 1 222 64 2065
-120 10 866 16861 185 1948 40 1075 14 446 244 1886 173 1921 95 1777 120 1065 206 2145 66 990 184 1606
-121 10 443 468 94 665 143 2146 41 875 237 988 58 205 195 76 233 883 223 75 31 311 31 898
-122 10 269 4269 237 719 248 2017 59 1111 250 2269 60 1340 182 1770 161 43 20 1661 28 104 240 407
-123 10 582 10594 131 578 220 1468 167 2128 71 2485 245 574 216 1903 163 642 205 1056 45 554 91 613
-124 10 816 3447 34 1111 3 1422 140 1187 67 1050 121 1618 152 290 141 1285 234 687 7 2226 158 1449
-125 10 799 2770 5 669 122 1854 98 1054 174 823 227 1647 194 1625 96 1379 46 1541 184 459 37 1111
-126 10 1292 12642 127 2310 226 778 171 889 116 972 239 312 115 1492 50 1356 90 2194 195 560 118 1109
-127 10 287 8685 134 2316 148 1733 3 1366 55 393 119 1441 137 841 46 721 31 185 39 1478 85 252
-128 10 1136 14265 190 306 208 779 58 1255 25 832 109 534 39 764 114 2024 212 1712 210 563 213 1216
-129 10 944 8751 31 245 103 1081 13 1957 166 1571 69 1057 155 85 169 335 229 2255 38 898 183 210
-130 10 530 12997 236 1976 161 2038 232 175 108 366 70 2206 8 943 24 306 148 584 170 463 234 2005
-131 10 1478 18514 244 2295 185 410 93 1575 199 1585 115 2285 158 22 187 1930 172 162 250 1620 192 1122
-132 10 550 10443 169 1484 44 663 215 248 35 1891 123 2358 248 935 36 1002 125 877 25 2089 154 208
-133 10 118 1877 249 2009 225 1198 89 825 98 1808 181 386 178 136 237 1896 208 1956 126 581 26 2002
-134 10 427 3637 33 2428 109 736 107 1488 84 2161 66 507 240 1209 45 678 119 883 227 1208 15 1559
-135 10 746 18713 241 413 79 247 202 2036 38 1549 26 1994 75 1994 3 1890 139 2488 16 2164 34 736
-136 10 98 2315 23 1101 67 529 159 2492 228 2373 17 144 26 2063 219 221 213 1274 238 2301 245 208
-137 10 371 13962 225 796 191 926 187 285 12 1651 140 2389 204 467 67 61 64 2226 157 1664 49 1393
-138 10 59 1019 135 1301 159 11 180 366 122 856 223 149 191 879 82 1027 99 2049 60 1725 34 1615
-139 10 698 3112 97 2334 85 265 58 626 174 1668 216 844 146 936 217 869 144 1055 245 2001 13 1857
-140 10 1062 17449 243 2401 208 1757 103 1341 50 1280 79 339 14 698 59 701 186 18 243 1503 198 2382
-141 10 408 1330 106 749 70 1796 168 2131 209 1641 222 386 95 1393 238 1675 146 365 73 405 127 2265
-142 10 960 8659 160 184 34 1133 10 1924 236 2182 162 1933 242 2139 126 1127 122 1373 149 913 5 1339
-143 10 198 1096 244 260 245 2351 148 1676 19 1645 99 605 191 539 204 2405 118 463 61 982 8 686
-144 10 802 8459 18 99 71 525 29 1367 178 394 150 2411 216 1603 126 605 2 1012 122 326 245 1884
-145 10 346 11987 215 585 59 1965 203 1973 53 523 85 2033 4 1349 54 739 114 2189 130 2331 24 2224
-146 10 215 2600 155 2336 105 335 236 1765 226 96 149 470 177 1570 229 444 96 1007 37 1938 197 387
-147 10 1183 12055 206 737 154 1997 135 1341 122 318 10 332 143 1222 227 818 177 985 46 166 88 1409
-148 10 601 12393 155 308 175 463 155 717 39 2366 162 1746 249 1684 157 2019 152 1444 190 1200 223 240
-149 10 1395 17751 174 1808 233 1149 203 1417 148 2091 105 199 158 1116 90 1421 221 1592 195 1021 197 1532
-150 10 315 2095 142 1727 31 2263 52 1278 204 2271 102 1992 33 2257 137 1751 62 1299 142 1079 4 1265
-151 10 247 5645 180 2384 132 56 111 2228 197 293 184 843 196 2422 121 696 138 899 178 1309 75 746
-152 10 120 9799 11 2330 96 2346 127 2022 193 2422 1 1391 166 411 26 1739 37 1900 108 1964 57 108
-153 10 607 822 96 518 111 197 162 306 221 1814 4 996 101 2039 140 1363 78 2203 101 244 65 1163
-154 10 295 3593 120 1537 195 334 115 967 59 774 115 1502 164 1000 58 1750 108 289 50 1528 106 1394
-155 10 709 24083 115 1394 206 382 212 881 239 1 156 2400 113 200 21 2184 65 1461 17 2264 101 1689
-156 10 374 5665 201 1152 32 1975 71 753 101 238 35 2376 6 208 162 476 130 1726 226 2164 192 1806
-157 10 686 18663 80 400 29 2279 8 1149 175 2180 183 541 86 1225 103 1610 58 692 166 1711 119 1586
-158 10 438 4033 178 1866 43 820 107 1638 63 1215 96 883 239 611 70 2395 72 1178 80 1970 160 172
-159 10 799 2000 201 1186 186 1734 62 6 150 1900 31 1963 127 773 154 577 238 1820 133 919 30 1671
-160 10 1029 20301 48 2446 244 2164 11 2098 143 2261 248 1737 72 1933 199 2000 228 776 36 1171 166 322
-161 10 698 6348 159 137 36 1988 190 1825 29 441 198 215 250 202 29 657 11 766 90 2071 69 146
-162 10 798 4149 168 1517 239 1942 2 1235 45 596 247 1972 103 559 115 917 29 595 88 6 32 110
-163 10 278 10772 7 647 10 157 196 1509 235 1444 71 2499 13 992 217 764 145 1083 167 1213 107 1482
-164 10 348 4965 192 2409 178 770 12 304 72 1991 202 2320 175 1520 170 2055 187 389 203 1948 80 543
-165 10 985 5768 130 1375 41 511 126 110 163 1725 63 1375 68 620 9 1426 51 408 195 788 189 1000
-166 10 304 15169 249 1096 244 1734 23 2287 192 811 96 2146 229 2143 183 482 13 1650 239 693 80 2095
-167 10 193 9664 3 1912 86 199 51 1413 182 2059 112 1416 77 1284 88 1892 190 476 156 924 154 838
-168 10 1455 14378 195 1014 226 2255 175 2433 73 2050 190 1814 112 1783 246 233 233 589 132 2004 150 507
-169 10 849 10267 169 822 230 1951 159 2279 28 365 170 275 117 2020 71 2415 200 142 179 2183 131 2037
-170 10 1018 17239 220 2417 174 2393 159 257 114 1689 54 2141 19 396 224 811 22 2455 230 187 235 1082
-171 10 936 12933 150 206 165 1594 161 1343 127 273 128 2153 180 1245 219 1078 27 1426 217 1266 217 2359
-172 10 960 18615 73 942 133 2042 134 442 191 1390 145 1826 201 1137 184 387 15 1914 201 616 128 9
-173 10 31 4013 192 422 170 119 8 2078 228 2376 64 117 42 15 207 206 116 1049 157 1844 40 2095
-174 10 225 2314 187 2247 147 498 65 1609 70 1140 106 192 134 925 26 1800 213 519 64 1035 101 937
-175 10 620 3312 119 1360 162 1879 156 885 51 414 79 2012 155 343 109 169 122 2281 66 280 208 597
-176 10 563 4268 14 134 240 599 60 400 167 801 237 233 119 458 177 541 226 528 34 1513 212 741
-177 10 539 13012 227 2070 237 1506 73 369 215 383 201 1155 75 2247 150 1654 27 2034 207 1781 226 1777
-178 10 952 18185 15 575 158 2343 174 911 200 385 197 2237 219 1333 22 1495 121 1963 211 365 142 1875
-179 10 612 13631 108 1101 221 509 241 1025 47 376 200 2173 115 2120 184 1487 118 1683 187 2424 20 1103
-180 10 1093 22468 48 1425 35 552 236 1018 137 983 153 2319 72 1746 74 1763 244 2209 69 2177 108 2179
-181 10 523 1111 3 10 235 996 81 1537 238 2404 212 586 158 1553 48 1667 193 2024 186 2431 37 985
-182 10 1063 17804 249 944 180 498 128 2272 65 683 98 1659 17 161 166 2445 143 290 229 2448 179 57
-183 10 700 3293 188 463 201 2115 59 550 239 1995 3 1332 225 378 153 679 203 1291 175 593 93 1118
-184 10 866 14528 201 1630 221 50 236 2249 141 1997 16 1533 41 795 46 118 39 2175 234 1519 82 1276
-185 10 729 7969 76 128 66 339 72 2285 22 804 147 1493 187 1160 236 678 200 1278 112 1588 57 449
-186 10 536 1876 177 2089 122 1178 150 1661 13 1922 19 2395 210 1488 58 418 168 1052 79 395 242 1059
-187 10 509 12286 250 1327 103 83 66 583 25 704 196 1930 55 1891 115 1443 250 756 87 1951 234 2041
-188 10 654 18925 124 1469 68 2234 5 2194 202 2036 101 2322 152 1833 43 211 132 942 226 1396 171 2202
-189 10 784 4372 120 2296 26 1915 175 1951 12 1495 199 454 69 1928 66 695 130 1866 63 2255 22 1525
-190 10 91 8985 101 1778 90 1754 20 883 31 2036 136 2470 75 187 86 1710 185 130 172 2111 15 2153
-191 10 180 4362 154 251 134 636 75 2190 199 1159 119 1620 205 1114 167 264 159 195 159 2432 57 634
-192 10 1339 27318 20 1190 62 2265 156 2055 164 1731 90 2120 239 1155 207 1771 202 1004 247 132 136 1799
-193 10 1029 2233 224 1651 165 1827 42 1052 58 2027 126 1576 153 1374 11 311 238 5 48 327 218 1832
-194 10 881 23588 73 52 228 2130 74 1534 95 386 99 1550 3 1248 109 1523 93 1873 110 1810 46 1568
-195 10 884 14780 205 666 143 2436 174 626 250 931 134 1138 12 2310 31 1256 46 249 124 862 14 2015
-196 10 223 3702 206 296 215 1120 41 1610 192 1546 245 999 182 688 118 1700 155 2086 98 2344 59 575
-197 10 613 15622 94 814 99 1214 12 1389 135 2002 93 1895 9 2300 20 198 28 2235 80 2084 133 163
-198 10 955 4145 25 2256 190 445 207 1709 218 2413 83 761 43 1417 80 254 232 2342 6 122 221 902
-199 10 1084 4406 160 1628 67 1220 240 384 19 1256 74 420 208 358 92 568 213 446 62 1640 75 922
-200 10 361 4928 71 486 75 1243 47 1456 198 2117 143 1620 204 464 21 418 50 985 228 720 92 1398
-201 10 780 3879 230 289 154 1386 22 1527 25 1242 197 851 172 2107 89 1109 33 2135 24 170 70 1766
-202 10 47 2835 32 2258 218 645 113 221 130 853 72 1061 75 1020 81 2099 93 1227 29 826 165 1734
-203 10 647 3426 89 1926 100 325 17 1931 225 2316 226 349 17 420 154 2136 35 1394 127 896 156 297
-204 10 176 3927 230 2150 163 912 190 2000 129 902 222 210 245 2380 55 128 186 173 28 237 139 2367
-205 10 551 4275 72 893 102 2346 162 634 206 590 19 1997 236 1881 145 1371 179 543 135 1376 195 117
-206 10 782 5625 242 1559 92 900 158 973 236 1590 94 1423 45 661 110 1178 192 1627 222 844 28 330
-207 10 1193 17979 159 1894 205 1441 234 23 22 1597 113 1338 23 223 74 236 52 374 108 1405 209 1631
-208 10 248 6887 189 1309 173 443 211 212 53 168 48 871 54 1192 215 360 213 400 230 320 40 2125
-209 10 838 11465 131 641 37 292 204 540 45 1061 69 216 202 946 102 591 97 632 159 2296 20 745
-210 10 521 13579 177 1389 244 1449 66 2078 36 1705 30 2021 154 221 95 1787 196 2490 95 1146 140 151
-211 10 5 0 51 643 54 1451 203 2160 226 1188 151 467 195 776 196 1930 161 200 142 1554 23 1081
-212 10 114 1078 16 198 119 419 31 2002 151 1113 222 169 217 522 8 1065 152 1587 43 2195 155 1903
-213 10 832 10064 146 1297 132 2362 173 25 18 517 87 539 207 860 18 898 163 2042 59 1486 143 1435
-214 10 841 4137 235 574 161 478 233 2254 133 2145 47 1324 59 211 204 2391 173 1862 210 546 10 1050
-215 10 956 18779 119 873 146 333 53 2327 94 1160 250 658 210 684 247 225 20 1829 241 2137 192 1379
-216 10 992 12650 113 1531 106 682 202 973 31 1151 166 2315 161 964 87 1607 224 2048 162 1724 169 525
-217 10 668 15079 137 252 85 1760 63 656 246 519 116 238 83 1194 34 999 34 934 146 1885 91 1961
-218 10 245 4007 234 769 216 1701 92 987 242 2427 145 1265 33 187 214 2417 113 1572 29 602 70 13
-219 10 51 3183 213 2115 66 1711 230 348 117 723 25 2301 187 127 236 250 34 238 132 2466 163 1640
-220 10 4 1140 45 811 90 207 86 1008 229 1980 78 2445 232 962 4 1200 102 882 182 279 21 826
-221 10 251 9528 43 265 72 1383 98 746 42 1521 193 1672 119 1166 149 2392 74 1703 59 862 30 781
-222 10 1313 9565 250 288 147 2219 54 1966 196 251 208 1824 114 668 93 470 143 2193 135 1349 212 1056
-223 10 40 3509 153 1383 112 859 74 587 90 645 179 960 237 817 189 1020 55 1276 165 1664 8 2283
-224 10 951 3025 142 2336 247 456 125 1097 108 439 190 2452 224 629 122 1381 45 2431 11 1030 61 165
-225 10 439 16527 66 810 211 617 131 2423 128 816 198 2182 96 2478 129 2039 43 2465 26 1339 53 1759
-226 10 1398 23608 183 1137 33 1006 248 2474 220 1042 157 2038 111 1084 38 1742 153 2356 51 757 237 2457
-227 10 58 598 130 364 15 40 43 470 244 509 133 2213 81 1330 193 1434 79 1680 191 1172 87 2049
-228 10 29 597 12 1709 119 1542 67 1370 98 349 116 1456 4 2286 173 980 161 359 71 61 2 784
-229 10 841 10730 200 1917 173 2196 202 1903 238 209 37 796 145 1414 228 1578 18 1994 19 1348 36 2445
-230 10 502 18823 43 1262 100 59 198 2105 5 2002 145 796 70 836 71 1211 181 2228 196 736 21 2330
-231 10 713 5691 146 2395 34 294 38 1787 191 92 242 1092 167 1717 219 243 57 1234 9 1664 26 849
-232 10 497 1964 139 1542 144 1553 200 585 183 2361 200 644 150 1893 123 94 7 2092 203 134 77 1145
-233 10 530 11673 88 1000 100 754 164 1788 8 1140 129 236 176 1992 13 277 143 2290 131 150 51 2465
-234 10 48 1975 149 2371 95 1693 68 1971 63 205 164 2296 79 491 245 1702 155 1083 3 2178 217 1802
-235 10 188 4334 60 1127 131 1187 29 2436 214 1709 99 1674 24 2021 214 128 51 1934 201 913 62 1830
-236 10 1082 18175 17 591 148 791 136 1899 214 1546 35 1376 184 2411 167 276 81 1460 162 945 27 400
-237 10 714 6504 53 1802 155 1877 29 1376 62 2278 162 665 49 1222 12 1776 215 1173 209 1070 225 214
-238 10 268 6275 37 2085 223 2427 177 722 102 1320 45 1289 57 206 241 1049 16 2222 165 1631 242 2306
-239 10 186 7655 208 2280 25 1505 55 1036 17 2402 240 1875 230 710 153 1211 150 2392 111 1762 208 1229
-240 10 1058 1235 16 1282 71 1478 209 2479 249 311 81 807 25 2396 112 2039 218 2093 60 1204 217 548
-241 10 481 16202 120 1706 131 1378 190 59 189 1176 77 109 55 1139 51 1201 23 1534 144 889 100 2150
-242 10 1210 17375 170 1261 161 2253 125 1488 229 1165 110 328 140 1726 81 1632 126 1291 238 2376 217 2383
-243 10 973 10745 249 702 233 2410 248 483 16 408 166 126 128 1010 8 1003 9 2320 152 2203 249 357
-244 10 160 11790 53 1022 19 382 27 1857 37 335 12 107 239 1919 12 2459 75 1614 56 407 120 515
-245 10 61 953 65 2337 216 1542 33 1859 101 260 19 200 230 2463 40 738 147 804 28 186 231 1577
-246 10 1016 16740 72 212 58 2491 46 1501 223 155 105 2227 169 1152 241 598 203 1359 125 2340 172 1914
-247 10 661 14075 206 723 229 2296 12 2412 128 1238 212 817 196 2230 98 665 92 2027 36 1933 102 892
-248 10 41 4867 68 44 164 237 96 1894 90 2150 141 2412 123 401 186 1193 24 1124 122 31 5 1651
-249 10 809 6870 247 1291 59 994 137 2126 236 692 153 1993 163 786 68 2395 123 296 86 395 222 2320
-250 10 170 337 171 383 226 1372 157 1757 22 760 208 1698 121 1058 245 928 133 673 202 2374 89 2265
-251 10 100 3795 192 129 108 754 139 66 39 1766 193 991 123 2052 185 2481 28 141 174 130 3 971
-252 10 285 2331 84 1927 155 1563 228 1728 40 1487 209 113 242 56 6 1608 131 786 145 1832 171 598
-253 10 120 5020 242 359 91 2238 190 1350 227 693 29 1437 74 2128 10 802 101 669 41 457 119 925
-254 10 180 10499 58 2152 238 655 85 1767 1 2343 3 1284 70 1961 136 304 19 1373 47 659 237 1310
-255 10 1021 24608 174 2254 200 2349 37 204 173 2436 97 2105 243 1204 158 2087 39 2437 51 392 73 961
-256 10 1064 14287 104 75 82 276 180 442 69 1909 112 976 46 572 248 960 133 1806 62 2251 101 1681
-257 10 1089 5031 61 1272 145 597 233 121 117 1648 12 1411 224 54 133 943 101 1881 178 1609 133 1039
-258 10 563 5089 173 1170 240 277 12 356 198 364 114 918 189 2236 106 1564 55 1168 148 2104 191 659
-259 10 842 1866 180 383 194 1932 126 679 161 425 199 1555 128 817 182 2102 201 2414 166 73 47 195
-260 10 395 5602 139 1472 50 512 93 361 219 1706 28 430 237 1247 206 2476 171 301 158 1777 43 253
-261 10 46 2880 226 1029 18 1550 28 1322 186 1858 221 984 149 690 44 1913 214 1920 248 347 194 1549
-262 10 323 11192 84 1288 140 1305 13 397 243 448 83 586 81 834 134 2375 29 948 6 206 36 1274
-263 10 922 16206 73 1822 38 359 177 1129 230 171 123 263 156 1220 38 923 148 1914 171 268 245 903
-264 10 302 11384 132 200 231 1408 61 2055 99 2086 134 799 33 2140 249 1630 132 753 95 1247 111 2142
-265 10 817 17745 147 1271 228 1567 51 87 11 1918 156 1614 22 1871 118 2 29 1890 206 2497 123 2482
-266 10 998 22623 2 1331 217 348 36 900 45 448 97 321 89 1446 208 2322 149 2298 123 1694 63 2480
-267 10 372 8183 143 2026 58 1442 122 1887 40 1318 149 1802 200 846 35 1630 228 1079 206 2209 238 2002
-268 10 85 1208 123 184 76 500 52 1442 210 112 132 1516 222 930 223 1585 220 353 48 1827 45 1960
-269 10 324 9143 129 676 212 171 4 141 46 1684 189 907 94 970 123 1250 154 1252 96 1310 68 2448
-270 10 302 11988 56 984 241 922 62 2061 235 1240 218 332 116 2400 82 1036 49 1818 221 1299 114 892
-271 10 239 5332 154 1798 36 464 84 1099 172 390 113 979 72 2226 129 1907 110 778 58 2285 16 50
-272 10 343 5387 239 1936 64 1087 242 1441 11 2239 71 406 209 1615 147 1245 155 1378 168 1074 63 2485
-273 10 288 4614 194 1195 87 2017 50 594 60 1711 19 350 98 469 92 1293 37 62 159 438 195 1410
-274 10 685 5944 105 855 125 1222 227 259 42 2116 60 588 137 563 34 1488 140 274 51 834 114 1055
-275 10 1076 6587 34 176 246 2196 117 911 148 819 176 614 82 1844 64 1571 88 1852 218 521 176 2393
-276 10 1183 12745 199 1676 42 1005 136 207 183 196 180 1234 89 1146 196 124 250 292 111 322 23 1596
-277 10 1308 4245 69 1344 240 1763 244 134 182 2352 4 1583 196 1701 244 1430 24 1607 230 945 140 459
-278 10 408 7599 151 1943 172 423 41 251 89 463 15 1752 201 2110 150 2412 207 763 193 1633 217 2108
-279 10 1154 22674 125 1921 79 1519 109 1010 236 1798 202 63 64 1168 160 736 136 778 78 1214 56 2010
-280 10 45 300 211 2475 81 2126 133 124 184 308 164 1403 207 1387 6 775 56 515 231 160 150 50
-281 10 812 27535 144 2498 80 1022 116 2059 43 1166 232 2417 145 957 46 854 17 1680 70 1124 23 1093
-282 10 944 20915 30 1562 40 851 4 1875 232 768 41 1550 66 1564 124 2296 127 2375 68 1411 237 1368
-283 10 564 4570 102 2067 43 2120 35 868 209 563 115 980 114 1266 217 1781 133 1336 237 1220 80 738
-284 10 588 11255 25 1998 24 506 143 660 82 1746 68 401 150 934 203 2334 140 11 8 1485 10 1479
-285 10 732 9673 248 279 183 1642 74 2464 142 1248 119 391 177 2447 81 1836 39 697 14 1665 145 1423
-286 10 92 2889 124 56 35 134 134 2240 138 950 95 1769 135 217 205 1613 45 1960 88 2371 30 913
-287 10 53 4499 42 1714 19 432 232 1791 48 2319 42 1533 36 534 117 1124 79 2497 189 1332 43 173
-288 10 673 15681 233 2041 72 125 21 1440 143 590 107 131 81 2003 250 658 92 98 31 1707 121 86
-289 10 958 9048 85 1458 1 593 191 1190 30 2452 17 156 66 255 149 524 185 384 217 1241 74 1905
-290 10 781 20122 195 2171 197 1008 114 1512 123 1049 240 1980 29 351 171 1047 7 1432 145 975 18 1647
-291 10 787 3874 174 1286 71 1619 236 888 155 750 121 1940 125 620 25 2134 97 116 51 2144 218 366
-292 10 210 12419 96 2026 11 1801 168 390 24 95 198 241 45 635 237 668 120 895 47 2356 244 760
-293 10 479 11156 193 2069 66 1773 53 234 202 2227 210 1446 184 226 205 287 57 1090 101 1054 223 2371
-294 10 988 13392 97 2226 18 510 189 1192 125 354 67 1600 57 1144 113 832 224 1641 10 1911 142 1057
-295 10 1152 9410 10 1637 219 136 134 1293 115 595 204 108 193 2282 226 517 136 1981 167 2279 130 556
-296 10 1378 4289 21 1037 234 1734 223 1622 104 200 19 1893 243 136 212 1253 218 1155 225 1420 137 1527
-297 10 216 1423 127 1582 44 873 140 1078 145 500 41 11 101 1087 165 2198 54 37 98 1203 209 2463
-298 10 607 4108 129 1249 201 942 52 1122 131 274 125 740 20 1740 167 401 68 1595 35 2258 123 310
-299 10 648 5261 175 2298 88 597 169 670 108 1885 143 103 115 453 1 1716 34 384 51 1248 143 255
-300 10 1248 12172 126 1816 191 803 207 2405 168 465 190 2458 32 91 159 2330 136 1095 43 1778 248 609
-301 10 430 3549 202 249 159 595 58 2401 114 641 158 1001 166 409 44 2004 55 82 113 2223 183 1356
-302 10 14 0 68 1194 210 55 97 393 81 2005 150 699 33 1617 30 3 112 1923 220 1363 70 2499
-303 10 590 12294 139 88 42 722 130 940 220 156 225 1428 151 2290 141 1503 93 905 21 155 178 473
-304 10 49 377 167 212 218 624 199 1236 180 1116 236 603 187 1280 130 2321 2 867 114 1724 191 1694
-305 10 162 8542 214 1464 139 2481 94 856 43 2162 10 109 15 254 1 2230 123 447 161 28 224 529
-306 10 773 11536 129 1252 49 1507 55 1390 39 1095 18 1438 60 893 243 2414 174 1976 86 2432 76 1737
-307 10 444 4659 38 35 87 1298 91 1588 57 424 204 2089 240 1670 13 2132 3 78 235 705 45 2351
-308 10 604 12017 123 242 85 293 190 1148 137 496 87 105 119 255 68 189 57 2439 75 1220 34 781
-309 10 218 994 244 2154 108 1440 245 98 185 2378 71 931 57 74 44 1491 67 2238 19 1944 70 1024
-310 10 89 8201 153 2047 70 2412 44 1038 3 2103 139 1205 123 1529 225 924 221 882 219 1196 132 328
-311 10 1519 8168 187 797 166 2056 203 1315 17 2483 236 687 249 77 226 1537 217 495 64 1305 44 2163
-312 10 840 19941 126 1625 117 1952 115 1707 142 2167 36 913 77 1153 57 2427 65 1232 1 1869 197 888
-313 10 330 16427 35 1903 82 1693 62 1903 93 1344 39 2118 34 387 132 2193 206 1588 39 660 225 948
-314 10 1119 22194 242 1787 127 1194 142 893 121 1306 105 1805 226 1887 9 2442 176 759 36 662 28 950
-315 10 819 2871 177 1775 225 1335 152 1034 38 73 103 1157 206 1979 141 1252 78 1657 224 2110 120 590
-316 10 1159 2209 224 508 102 1487 99 2417 177 1910 219 1287 25 2107 196 252 63 2077 230 1718 198 832
-317 10 163 2816 22 146 117 2342 241 1958 147 1949 51 2326 59 2220 90 1821 142 2491 95 488 211 482
-318 10 951 7109 204 1717 202 2124 34 32 69 1161 126 1568 221 528 131 1434 34 1075 68 91 249 1230
-319 10 823 14349 233 2330 192 1000 163 200 25 1073 26 571 12 603 175 1718 153 706 159 1799 30 1444
-320 10 248 1085 143 52 30 774 244 860 211 1999 23 1163 9 1174 187 1972 67 886 179 2499 201 366
-321 10 328 2338 52 1332 56 299 99 2039 69 3 20 2048 240 1590 166 807 230 1971 84 11 58 677
-322 10 778 9929 215 131 95 586 102 1986 184 549 144 1987 236 378 4 1190 87 498 50 149 67 53
-323 10 284 8343 176 2307 33 350 58 1912 6 2410 245 1610 34 1105 75 1126 203 1722 15 1269 178 2039
-324 10 734 7393 2 1032 132 247 213 1675 110 1889 58 2167 96 2489 220 1169 24 1628 231 1023 106 2312
-325 10 450 8343 160 820 126 560 99 1492 166 425 180 1124 2 298 116 1116 220 1800 11 352 108 526
-326 10 960 11046 142 1724 183 255 76 1937 235 2460 125 2463 154 1709 77 1176 18 2246 168 212 153 2070
-327 10 805 17199 95 2318 67 568 239 1563 3 2483 113 1787 64 278 232 1339 182 2439 19 2072 120 971
-328 10 917 13652 159 448 211 2297 4 2165 205 1212 128 2176 22 967 15 291 179 505 248 2398 19 1165
-329 10 300 12006 200 1678 230 662 18 1671 78 407 100 1935 158 617 16 1929 208 1340 41 1145 42 53
-330 10 1313 9356 202 1564 146 806 67 760 239 500 178 2498 205 377 62 680 158 904 25 2103 236 240
-331 10 772 15856 172 860 194 392 240 2056 148 2292 226 857 90 585 166 131 224 2422 122 1024 154 1803
-332 10 393 5529 77 1753 193 347 34 1420 15 1110 160 1571 223 1294 200 1271 79 1385 172 621 83 1970
-333 10 193 126 18 2112 218 537 130 1926 137 2248 46 2116 134 600 225 1667 136 1471 124 2123 33 1899
-334 10 22 0 142 68 113 1275 37 436 234 563 129 1309 214 806 222 142 99 2455 168 2297 32 267
-335 10 523 12043 146 64 166 958 221 43 27 2413 79 580 48 2277 187 705 137 850 88 968 168 615
-336 10 1165 1650 183 2049 15 913 201 385 223 646 43 1645 203 1056 41 243 198 500 190 560 70 616
-337 10 781 9771 234 1402 198 1989 151 175 65 1571 6 559 198 943 55 2281 156 285 83 931 227 1038
-338 10 921 10720 43 1130 1 2123 21 1113 191 1771 49 1501 9 2251 176 1621 75 2438 224 2218 152 427
-339 10 1035 10474 214 1518 140 1488 142 1595 132 1684 18 1743 139 878 82 2499 8 849 100 1381 151 1779
-340 10 602 10324 240 513 213 497 80 607 109 2326 210 40 16 1023 18 1587 84 916 52 1820 53 1402
-341 10 284 4422 40 462 41 1785 72 619 64 426 142 488 36 187 6 2324 196 1345 31 2360 35 2203
-342 10 338 7458 191 469 52 1744 155 1861 33 269 237 491 30 180 25 2109 36 2093 227 1364 83 1932
-343 10 1436 15233 196 2308 143 1601 161 1535 213 1329 177 1537 141 496 76 58 48 458 135 1038 229 2214
-344 10 222 2018 109 1410 16 376 29 1393 82 2489 39 825 101 2463 84 1871 39 1349 138 2067 165 1819
-345 10 418 6169 133 2459 164 573 209 1646 54 2398 5 2474 156 314 5 1513 225 2226 51 26 222 1809
-346 10 454 8517 71 1995 165 417 17 463 232 2393 170 280 71 255 154 606 51 1731 97 1944 250 2349
-347 10 367 2619 103 929 150 201 129 1090 188 2168 176 1883 186 1788 86 879 1 2412 5 619 103 1031
-348 10 367 14409 28 1914 103 2152 55 1126 46 219 88 985 6 847 69 321 135 1107 235 1188 245 835
-349 10 514 4564 199 2150 248 106 200 209 146 2128 56 14 45 22 73 1000 55 933 33 1729 145 2001
-350 10 617 5710 206 1250 64 370 19 185 211 1599 250 692 70 1200 230 1681 122 230 17 54 93 1867
-351 10 84 4782 137 352 235 1746 130 334 16 300 61 940 160 2214 95 2076 22 2091 4 446 78 1557
-352 10 611 1921 136 2365 76 1316 248 1970 210 357 23 325 51 1901 126 1477 32 1206 22 2248 38 498
-353 10 1114 3403 121 1563 188 2247 115 1709 221 862 62 1536 52 2185 158 1509 204 759 6 872 195 1430
-354 10 967 17930 167 461 11 1961 118 544 35 698 159 20 25 1880 33 633 70 2236 153 1106 250 1915
-355 10 60 309 103 68 81 1746 45 929 98 2394 129 1275 224 526 152 490 110 1767 174 313 229 1342
-356 10 635 6956 184 145 69 1934 112 1560 153 1311 195 815 231 743 17 1292 204 194 89 190 98 770
-357 10 452 12363 19 392 104 1546 216 1391 116 1899 95 1837 131 2443 39 408 119 1232 94 443 103 904
-358 10 532 13100 117 1099 47 1630 11 585 36 369 53 687 168 2143 244 1439 53 1452 95 246 224 1609
-359 10 99 547 244 323 153 1656 11 1445 134 1486 243 2412 188 197 65 1645 114 2011 62 2463 125 238
-360 10 120 2210 31 173 83 719 232 581 112 2305 216 942 213 1154 18 286 24 621 135 1042 105 1658
-361 10 1219 1192 173 1704 98 755 110 1908 196 1262 69 2233 244 730 187 983 19 1030 239 1502 16 250
-362 10 416 21526 13 387 58 1465 7 820 7 1197 9 2019 41 1319 49 2464 12 1253 209 2372 132 1141
-363 10 1795 14521 14 1230 226 316 206 915 234 46 223 1967 245 677 181 659 230 42 175 630 92 2402
-364 10 942 9769 19 1579 173 1059 226 1319 66 349 4 1107 191 1132 245 2049 54 1887 53 1383 69 1368
-365 10 83 2641 16 694 234 1776 208 1042 86 1942 37 2133 176 518 94 785 51 917 91 1495 55 1920
-366 10 475 7772 149 633 64 1252 216 1809 225 2043 91 1149 204 678 132 1340 140 2003 26 2137 18 693
-367 10 1066 20633 111 2269 22 1783 176 1617 125 1587 54 1029 54 1901 230 512 206 467 32 586 168 754
-368 10 781 23520 125 1525 3 1967 79 1776 44 197 43 2155 112 1997 142 1915 66 1380 123 836 114 1016
-369 10 1054 2244 167 187 219 1743 75 2115 2 848 169 221 124 635 65 1168 4 2045 234 302 146 440
-370 10 425 16199 209 1499 177 2500 39 1554 162 298 36 875 65 462 80 1933 130 329 18 857 161 355
-371 10 891 15876 148 1395 209 1956 37 105 134 1097 113 2234 231 796 19 1641 131 2327 109 525 200 1078
-372 10 700 6440 248 1536 149 1386 37 1342 209 1295 195 2418 110 100 154 437 107 1357 150 893 55 614
-373 10 745 13783 150 2081 145 469 124 1822 21 2111 182 673 31 347 165 508 234 236 51 752 16 184
-374 10 516 16098 74 1970 9 90 98 796 128 1853 44 1894 180 1460 4 1537 17 1032 13 2347 112 1589
-375 10 1069 10463 96 611 109 2146 128 1862 79 1003 58 1003 204 1339 113 2085 204 904 195 1738 110 548
-376 10 645 4821 163 1773 58 707 121 1836 132 661 193 2395 96 345 112 1198 194 2418 52 2070 190 2078
-377 10 137 1085 159 1239 92 2104 218 1475 94 2294 137 153 149 1834 124 1418 176 190 102 1259 208 2109
-378 10 271 6692 216 896 39 1609 10 2398 124 1518 188 290 50 943 7 1813 13 305 233 1976 157 2398
-379 10 592 6490 70 1734 52 2244 56 943 147 1506 138 1155 46 846 36 609 4 1151 84 504 10 759
-380 10 490 5405 34 927 151 434 27 2455 131 1084 247 561 115 996 104 534 207 1028 144 200 19 669
-381 10 1056 4859 69 626 148 1960 135 168 226 949 227 623 215 627 230 2260 133 1807 220 2403 106 176
-382 10 594 13394 131 1457 78 1458 222 1609 19 1170 199 436 107 357 117 1532 241 1143 32 119 194 414
-383 10 622 16179 134 2120 34 558 1 513 72 932 99 750 179 1687 92 2300 172 293 250 758 58 989
-384 10 1050 24664 92 2051 215 561 161 940 42 1523 118 1174 52 708 242 363 91 2467 41 2336 221 1270
-385 10 815 15826 118 1757 89 1866 129 1136 204 1529 30 645 2 1217 202 1267 153 1727 203 2018 60 1458
-386 10 872 12340 107 1565 30 775 122 2084 24 862 195 398 140 2327 106 2216 201 160 96 1411 43 761
-387 10 222 2189 217 162 191 1265 186 2041 183 1735 79 1190 9 854 162 179 183 66 245 1832 141 2320
-388 10 329 1887 105 1767 155 1941 176 2034 118 81 191 54 107 2084 88 1547 71 225 113 1617 197 2468
-389 10 749 1478 188 929 111 2016 129 996 175 1419 148 2306 94 1573 16 278 50 1698 136 1581 70 1788
-390 10 25 0 29 573 125 1060 117 882 77 555 92 530 219 2358 232 2244 53 1229 116 1188 41 2232
-391 10 446 4339 185 1395 163 539 190 2051 112 1353 73 881 130 758 27 1372 236 1209 106 847 115 360
-392 10 1017 3934 28 1972 15 1081 195 267 155 476 101 421 107 2012 114 2369 200 1231 158 1788 38 1770
-393 10 543 2224 144 1249 86 1038 167 135 50 1228 121 772 128 2353 193 2466 44 2281 89 171 107 508
-394 10 675 9300 241 1978 231 2351 156 763 84 2213 88 562 120 1783 207 1134 249 1901 234 2460 142 2132
-395 10 968 22175 14 2381 55 745 134 1706 203 275 64 1580 138 1134 37 891 143 1757 176 1648 70 1919
-396 10 323 9941 173 2053 125 1475 28 368 107 753 207 38 65 1639 54 1659 206 2248 138 1734 139 379
-397 10 818 6680 110 1765 64 1691 142 1221 44 1506 140 961 117 303 185 798 182 186 103 2330 241 177
-398 10 359 9326 205 1506 85 995 221 1424 230 1142 63 809 114 2141 81 587 56 2135 43 2099 16 2007
-399 10 826 11884 76 1392 87 1647 117 93 201 2394 133 2371 7 2451 25 1 210 1109 12 2424 164 1292
-400 10 633 22436 111 1000 95 2208 199 171 127 1263 10 2418 90 133 60 1911 54 1973 135 2200 73 2261
-401 10 645 7994 224 2047 146 2419 23 2068 149 1468 136 609 147 1869 18 358 88 653 242 1866 46 254
-402 10 151 3506 88 1536 159 1223 173 2344 139 113 68 2216 223 127 173 2256 6 288 198 2299 141 2032
-403 10 1179 20511 43 436 49 2326 181 1698 153 335 249 901 182 2247 224 2078 148 816 22 1868 164 1001
-404 10 1047 10215 64 2295 20 1695 216 322 214 1692 140 82 28 2044 31 2289 183 270 187 1999 39 689
-405 10 1355 12132 190 121 236 103 171 1086 153 1242 139 90 162 2424 71 1098 137 711 112 1599 16 64
-406 10 394 1776 198 532 167 2408 6 1006 176 459 21 2074 126 669 48 1528 11 442 57 1993 91 1122
-407 10 1132 6187 65 490 204 297 195 491 175 2231 225 1144 138 1381 21 2323 170 81 8 1449 229 1792
-408 10 312 1730 35 2445 50 1748 125 927 32 1088 233 2434 173 1147 153 986 60 1072 235 1250 27 429
-409 10 302 6014 179 859 86 1362 160 1464 8 1031 4 2041 135 3 43 895 202 15 213 1052 218 1632
-410 10 871 22262 238 1247 174 2064 28 1686 162 1880 65 1471 114 295 4 9 70 2178 74 15 180 1651
-411 10 1154 6443 213 2393 234 1971 6 104 215 1717 15 1402 59 125 115 49 231 1565 236 1595 139 610
-412 10 419 7228 226 2093 68 527 179 1884 247 1085 249 251 172 1421 107 2241 52 159 2 644 70 1339
-413 10 1065 2207 149 718 245 866 139 439 213 635 230 241 248 2458 167 163 164 2219 151 1370 48 2472
-414 10 1032 4114 183 195 238 497 97 2103 210 1709 4 606 116 107 105 307 36 5 26 819 173 1682
-415 10 768 11258 30 443 64 938 16 2219 215 1567 83 851 27 1082 223 758 173 962 238 1217 128 1263
-416 10 729 8528 243 1690 78 891 234 870 178 2447 17 607 246 244 166 1717 231 1016 44 2474 85 2317
-417 10 37 0 152 1425 228 1564 83 1321 61 2248 185 545 226 208 101 1484 169 1541 70 2007 80 837
-418 10 902 14322 166 711 162 1293 59 864 148 990 77 1098 69 1950 210 609 99 1146 134 350 242 809
-419 10 130 3260 90 576 129 397 94 434 8 2272 126 539 47 234 8 32 172 2026 30 1475 101 217
-420 10 908 18967 240 539 192 529 154 960 120 2438 228 969 80 375 195 891 120 1845 25 1570 103 1932
-421 10 124 1849 110 374 220 93 54 942 108 263 93 2395 91 1857 249 1447 47 797 67 180 113 157
-422 10 506 23346 225 473 210 780 2 2121 137 1939 145 526 45 1866 49 2080 100 2262 103 842 126 1877
-423 10 1 0 187 1720 140 2185 143 1957 93 800 227 1136 52 2139 67 630 3 1781 5 1535 125 2214
-424 10 106 4484 26 285 147 1539 1 1030 142 671 187 2333 229 89 119 1385 63 722 73 1581 1 1966
-425 10 606 12067 116 1641 153 1303 155 2015 192 1730 63 2028 29 2407 44 2257 108 959 179 1322 121 1546
-426 10 613 510 159 1089 204 297 134 1040 139 548 209 1496 126 2071 52 659 187 141 115 1230 88 169
-427 10 305 4067 203 103 169 2271 37 696 202 1155 128 74 172 1295 178 420 148 575 110 818 162 227
-428 10 583 167 205 331 131 2166 44 1291 16 540 183 1077 37 1239 72 2046 42 830 102 2326 112 1342
-429 10 659 14390 122 1979 149 1507 240 598 185 1807 129 942 181 2460 238 906 193 1605 77 659 146 1288
-430 10 842 5662 190 1093 179 1708 1 1694 130 156 165 2454 199 136 34 1214 230 886 113 2471 65 1055
-431 10 168 3952 33 1980 139 810 83 1701 40 26 101 2483 12 2039 145 173 250 616 6 869 58 2280
-432 10 1093 7507 194 2374 227 793 226 1708 128 362 47 290 129 1819 1 1559 188 2286 161 805 247 1373
-433 10 641 6760 66 2066 226 1282 13 1681 45 716 49 1132 168 1587 127 1281 54 1184 108 79 192 188
-434 10 1245 14624 239 1906 94 1602 1 992 201 2463 233 808 193 1726 177 737 119 1115 229 1005 240 340
-435 10 1054 29983 189 2036 51 1860 121 1850 105 1428 203 2074 29 1261 5 1895 3 1912 249 2160 126 790
-436 10 1188 6072 70 626 236 2100 169 1038 152 651 231 2206 242 1120 179 247 202 593 84 1858 217 1809
-437 10 94 1751 208 1150 171 2074 144 888 51 2111 191 2184 126 733 39 1289 145 1889 92 976 144 503
-438 10 644 12976 137 138 153 2456 167 69 87 163 171 1606 106 1415 244 1665 199 10 87 403 208 1056
-439 10 193 4186 12 2104 187 1565 107 1543 16 1334 36 281 45 302 150 1281 155 780 67 2136 175 1642
-440 10 649 5308 22 1494 202 1583 211 2142 150 2272 86 680 213 24 48 894 87 416 75 80 249 1794
-441 10 969 2197 123 208 38 101 199 4 107 1437 103 1947 12 69 131 1649 62 2079 55 1313 143 2458
-442 10 914 83 131 537 189 565 38 1011 157 2406 37 1308 218 570 35 1307 165 1542 53 2006 148 1496
-443 10 561 15269 201 221 246 1711 50 1514 55 2046 100 1614 86 896 126 458 125 949 39 481 151 1477
-444 10 500 14362 141 226 39 309 56 1229 52 284 20 804 8 2202 44 2186 216 2249 43 1333 16 2068
-445 10 316 7239 219 873 96 1229 33 20 80 1868 137 192 250 2099 52 297 58 1481 70 1063 226 1248
-446 10 687 6725 104 1365 180 825 65 97 95 508 92 2240 243 2246 117 2188 131 2094 19 979 92 1156
-447 10 1304 21085 161 421 104 681 240 1576 87 1423 83 1990 247 1125 155 1221 246 463 40 907 128 1967
-448 10 915 4079 186 1088 183 784 186 33 207 2362 98 923 72 1354 26 1076 34 1230 48 1979 115 2008
-449 10 740 3144 134 606 118 2391 139 2495 35 2294 189 1389 220 223 80 593 214 1224 80 1247 174 1264
-450 10 525 4553 172 1305 157 161 191 109 156 1662 7 1784 160 1642 49 807 117 2152 96 433 228 1588
-451 10 218 6514 103 813 73 911 228 1557 141 1407 216 1349 38 1607 60 1762 68 2250 113 1296 234 519
-452 10 253 11302 61 645 90 1988 67 2160 63 1386 191 2479 96 2008 243 2163 229 1986 228 57 26 32
-453 10 49 2792 189 1736 231 976 176 1875 37 109 56 1702 1 1531 68 859 173 209 250 1047 188 2440
-454 10 662 1136 132 4 103 273 15 482 64 1180 130 1080 104 936 27 772 248 2044 25 2212 23 1840
-455 10 532 4812 58 1521 58 85 99 2315 239 1508 212 494 123 1656 188 2401 99 1974 192 58 185 1564
-456 10 564 17525 141 2056 187 944 50 2043 150 1264 32 22 192 2140 49 940 57 2091 242 2040 33 1444
-457 10 533 1557 153 1771 137 1321 60 1680 178 1604 105 334 50 1543 136 1686 105 388 90 1778 215 503
-458 10 793 1160 56 1403 126 970 130 2387 77 1219 204 1584 12 636 71 1807 161 238 221 616 133 958
-459 10 630 712 217 1762 156 2434 176 1054 75 1091 71 1408 8 1714 65 582 243 2303 31 1299 158 2083
-460 10 919 5781 22 1802 240 1487 142 1952 22 1280 223 1998 15 185 18 1727 191 63 229 596 210 1001
-461 10 952 23321 13 1397 21 15 133 2041 69 396 212 2349 154 1095 64 2230 155 1914 181 34 233 1615
-462 10 427 6452 48 1307 30 1518 107 2219 148 1985 159 1668 11 189 16 381 85 2035 88 798 3 1246
-463 10 709 10368 58 2471 115 2183 16 2448 116 513 69 1598 74 2261 138 60 206 1770 196 139 208 1675
-464 10 697 9216 235 1772 129 403 198 565 95 518 234 94 184 1626 161 1108 80 1088 57 1213 66 2004
-465 10 458 262 11 1384 131 315 7 917 195 1929 29 1688 249 2045 48 1563 127 1482 166 953 199 1881
-466 10 451 4400 77 617 92 2083 114 1170 147 70 76 44 130 333 142 2064 2 2038 210 36 235 2343
-467 10 463 2040 123 1900 211 978 85 1206 236 2233 148 159 84 323 139 1617 127 23 201 965 214 2100
-468 10 373 8989 197 550 73 905 77 1255 200 240 150 2461 117 1063 83 1938 3 374 223 534 157 1026
-469 10 144 4125 18 260 161 263 187 1574 204 2485 246 1688 112 2317 152 424 116 593 144 2244 180 539
-470 10 280 17941 85 487 33 2267 249 1536 94 1843 180 1616 56 2190 9 1451 103 1240 83 2272 65 1417
-471 10 887 18042 212 535 240 499 170 1798 143 439 193 1910 83 2152 12 783 99 427 81 164 62 1349
-472 10 436 4811 4 602 187 736 36 1324 235 692 58 470 40 1397 131 1659 100 1688 163 1945 168 1459
-473 10 780 85 119 1104 196 1865 188 1799 16 666 195 15 216 39 72 739 239 975 11 179 110 1930
-474 10 232 7729 78 70 124 1178 175 744 39 1830 73 2490 164 946 1 473 217 1440 189 1522 11 46
-475 10 1171 8674 137 1104 1 1674 160 1531 32 1838 111 1504 228 193 249 804 188 1022 133 87 48 440
-476 10 310 12231 202 936 127 1955 19 1174 243 841 144 1524 2 424 18 1739 33 122 71 580 218 857
-477 10 778 9540 71 1321 164 1040 133 2475 48 934 182 827 185 2399 33 2455 1 1185 88 799 221 1473
-478 10 487 4262 60 1338 197 1700 234 535 104 2129 7 1409 172 1268 130 464 244 32 124 2052 70 819
-479 10 506 2510 199 1727 178 1205 17 1271 121 1067 197 1598 164 1257 142 1945 203 1422 238 636 203 97
-480 10 1016 11098 246 545 119 2436 206 181 177 806 58 1924 212 188 111 489 1 1088 105 729 10 767
-481 10 523 1341 76 1929 239 887 212 1346 2 985 240 2442 158 715 160 3 126 886 220 1309 191 1523
-482 10 1081 29013 182 2203 71 2486 124 2069 249 117 7 1422 138 2129 227 493 5 1262 98 1609 203 1393
-483 10 12 0 96 1384 127 936 232 1543 112 1057 115 1911 186 1755 161 1937 158 2331 170 2372 26 1921
-484 10 526 10353 105 879 137 700 78 758 100 302 55 1462 192 1638 177 1335 138 2436 60 1554 186 855
-485 10 286 131 236 1763 146 2397 38 2366 141 1280 35 2119 89 1836 80 2411 14 1407 75 1257 177 2311
-486 10 863 6089 90 40 108 2069 20 1996 245 820 84 447 25 699 11 1027 84 28 114 941 213 1172
-487 10 908 7428 237 1634 46 891 46 511 236 517 181 493 114 1803 143 1480 167 2354 165 110 238 402
-488 10 398 12886 29 1343 30 2415 219 1177 87 1190 55 1190 101 936 181 2193 185 648 206 1167 194 50
-489 10 292 5032 86 660 211 2240 17 1406 77 2411 246 844 61 680 146 575 68 2009 61 1475 245 231
-490 10 387 3517 217 320 21 1188 162 2053 176 254 202 541 228 1130 109 129 241 1842 164 2198 72 392
-491 10 996 29883 72 990 217 134 167 1780 48 2440 68 2413 163 1863 60 878 111 2328 23 767 97 1771
-492 10 270 12430 28 2053 175 30 11 814 209 1021 50 698 161 2084 227 307 94 1666 48 2042 234 2310
-493 10 380 0 116 2128 39 1431 54 691 109 1813 149 1292 102 1523 174 1061 18 2304 193 99 169 1689
-494 10 921 5188 85 2263 36 1670 164 550 81 1450 40 773 128 174 223 1272 204 1940 116 2169 210 2119
-495 10 1172 25309 7 1184 109 1756 24 1724 132 1926 218 239 216 1933 168 172 35 2217 226 1277 138 1386
-496 10 584 11513 50 1645 147 995 85 859 162 262 149 2102 141 2023 205 1915 242 168 5 2044 45 1930
-497 10 976 12865 56 2255 81 310 151 367 1 455 206 2084 41 1929 189 2215 19 1090 183 865 86 1902
-498 10 864 1500 247 1745 136 329 114 1813 108 822 76 1664 186 2171 194 1270 197 25 80 967 137 2249
-499 10 56 477 204 2436 81 771 157 1940 112 2033 56 1601 96 1032 42 1263 104 1426 128 1388 104 2249
-500 10 136 4119 10 1757 241 1615 211 873 249 768 132 158 84 2112 170 1069 153 609 79 430 191 1801
