1 10 6515 1 1 1 1 0 1 0 1 1 1 
2 10 7842 1 1 1 0 1 1 1 0 1 1 
3 10 9119 0 1 0 1 1 1 1 1 1 1 
4 10 8050 1 0 1 0 1 1 0 1 1 1 
5 10 7726 1 0 1 1 0 1 0 1 1 1 
6 10 9269 1 1 1 0 1 1 1 0 0 1 
7 10 9119 0 1 1 0 1 1 1 1 1 1 
8 10 9394 1 1 1 0 1 1 1 0 1 0 
9 10 9776 1 1 1 1 1 0 1 1 0 0 
10 10 7501 1 1 1 1 1 0 1 0 1 1 
11 10 10069 1 1 0 1 0 1 0 0 1 1 
12 10 9567 1 0 1 1 1 1 1 0 0 1 
13 10 7461 1 1 1 1 0 1 1 0 1 1 
14 10 9128 1 0 1 0 0 1 1 1 1 1 
15 10 8953 0 0 1 1 1 0 1 1 1 1 
16 10 10810 1 0 0 1 1 1 1 0 1 1 
17 10 9464 1 0 1 0 1 1 1 1 0 1 
18 10 9952 1 1 0 1 1 1 0 0 1 1 
19 10 8495 1 1 0 1 1 0 1 1 1 0 
20 10 8770 1 1 1 1 1 1 0 1 0 0 
21 10 9542 0 1 1 1 0 1 0 1 1 1 
22 10 8302 0 1 1 1 1 1 1 0 1 0 
23 10 8879 1 0 1 0 1 1 0 1 1 1 
24 10 9894 1 0 0 1 1 1 0 1 1 1 
25 10 9352 1 0 1 1 1 0 0 1 1 1 
26 10 9607 0 1 1 1 1 0 1 0 1 1 
27 10 10466 1 1 0 0 1 0 1 1 1 0 
28 10 7881 1 0 1 1 0 1 1 0 1 1 
29 10 8537 1 0 1 1 1 0 1 1 1 1 
30 10 8735 1 1 1 0 1 1 1 1 0 0 
31 10 7292 0 1 1 1 1 0 0 1 1 1 
32 10 8207 1 0 1 1 1 1 0 0 1 1 
33 10 8373 1 0 1 1 0 1 0 1 1 1 
34 10 10350 0 1 1 1 0 1 0 1 1 1 
35 10 9058 1 1 1 1 1 1 1 0 1 0 
36 10 6607 1 1 1 1 1 0 1 1 1 0 
37 10 8876 1 0 1 1 1 0 0 1 1 1 
38 10 7591 1 1 1 1 0 1 0 0 1 1 
39 10 8900 0 0 1 1 1 0 1 1 1 1 
40 10 8204 1 1 1 1 1 0 1 1 0 1 
41 10 7689 1 1 1 1 0 1 0 1 1 1 
42 10 7866 0 1 1 1 0 1 1 1 1 1 
43 10 8754 1 1 1 1 1 1 0 1 0 0 
44 10 9088 1 1 0 1 1 1 1 1 0 1 
45 10 7900 1 1 0 1 1 1 1 0 1 0 
46 10 8476 1 1 1 1 0 0 0 1 1 1 
47 10 10141 0 1 1 1 1 1 1 1 0 0 
48 10 8048 1 0 1 0 1 0 1 1 1 1 
49 10 10749 1 1 1 0 1 1 0 1 0 1 
50 10 9609 0 1 0 1 1 1 0 1 1 1 
51 10 8264 1 0 1 0 1 1 1 1 1 1 
52 10 6396 1 1 0 1 1 1 1 0 0 1 
53 10 10433 1 1 1 0 1 0 1 0 1 1 
54 10 9217 1 1 1 1 1 0 0 0 1 1 
55 10 10307 0 1 0 1 1 1 1 1 1 0 
56 10 10624 1 1 1 1 1 1 0 1 0 0 
56 10 10624 1 1 1 0 1 1 1 1 0 0 
57 10 9654 0 1 1 1 1 1 1 0 1 0 
58 10 7907 1 1 1 1 1 0 0 0 1 1 
59 10 8195 1 1 1 1 1 0 0 1 1 1 
60 10 7136 1 0 1 0 1 1 1 1 1 0 
61 10 9051 1 1 1 1 0 1 0 1 1 0 
62 10 9673 1 1 1 1 0 1 0 1 0 1 
63 10 9274 0 1 0 1 1 0 1 1 1 1 
64 10 9739 0 1 1 1 0 1 1 1 1 0 
65 10 7994 1 1 1 1 1 0 0 1 0 1 
66 10 7795 1 1 1 1 1 0 1 0 0 1 
67 10 8917 1 1 1 1 0 1 0 0 1 1 
68 10 8205 1 0 0 1 1 1 1 0 1 1 
69 10 6682 1 1 1 1 1 1 0 1 1 0 
70 10 11897 0 1 0 1 1 1 0 1 1 1 
71 10 7981 0 0 1 1 1 1 1 0 1 1 
72 10 9418 0 1 1 1 1 0 1 1 0 1 
73 10 7108 1 1 1 1 0 1 0 1 1 1 
74 10 8225 1 1 1 0 1 1 0 1 1 0 
75 10 7856 1 1 1 0 1 1 1 1 1 0 
76 10 9638 1 1 1 1 0 0 1 0 1 1 
77 10 7082 1 1 1 0 1 0 1 1 0 1 
78 10 10215 1 1 1 1 1 1 0 0 0 1 
79 10 8877 0 1 1 1 0 0 1 1 1 1 
80 10 10785 1 1 1 1 0 1 0 1 1 0 
81 10 6890 1 1 1 0 1 0 1 1 1 1 
82 10 7765 1 1 1 1 0 1 1 0 1 1 
83 10 9221 1 1 1 0 1 1 0 1 1 1 
84 10 9852 1 1 1 1 1 0 0 1 1 0 
84 10 9852 1 1 0 1 1 0 1 1 1 0 
85 10 7419 1 0 0 0 1 1 1 1 1 1 
86 10 9904 1 0 1 0 1 1 1 1 1 0 
87 10 9282 1 1 1 0 1 0 1 0 1 1 
88 10 9417 1 1 1 1 0 1 1 0 0 1 
89 10 9673 1 1 1 1 1 1 0 0 1 0 
90 10 7400 0 1 1 1 1 1 1 1 0 0 
91 10 10212 0 1 1 0 1 0 1 1 1 1 
92 10 8563 1 0 1 1 0 1 1 0 1 1 
93 10 8253 0 1 1 1 1 0 0 1 1 1 
94 10 9964 0 1 1 1 0 1 1 1 1 0 
95 10 9121 1 1 0 1 1 1 0 0 1 1 
95 10 9121 1 1 1 0 0 1 0 1 1 1 
96 10 10711 1 0 0 1 0 1 1 1 1 1 
97 10 8505 1 0 1 1 1 1 1 1 1 0 
98 10 8293 0 1 0 1 1 1 1 0 1 1 
99 10 7318 1 1 0 0 1 1 0 1 1 1 
100 10 10019 1 0 1 0 1 0 1 1 1 1 
101 10 9839 1 0 1 0 0 1 1 1 1 1 
102 10 7929 1 1 1 1 1 0 1 0 1 0 
103 10 7616 0 0 0 1 1 1 1 1 1 1 
104 10 8936 1 1 0 1 1 0 1 1 1 1 
105 10 9514 1 0 0 1 1 1 0 1 1 1 
106 10 10356 1 1 1 0 1 1 0 0 1 1 
107 10 8921 1 1 0 0 1 1 1 1 0 1 
108 10 8910 1 1 1 1 0 1 1 1 1 0 
109 10 6379 1 1 1 0 0 0 1 1 1 1 
110 10 8146 1 0 1 0 1 1 0 1 1 1 
111 10 10929 0 1 1 1 1 1 1 0 1 0 
112 10 8747 0 1 1 1 1 1 0 1 1 0 
113 10 9316 0 0 1 0 1 1 1 1 1 1 
114 10 8706 1 1 0 0 1 1 1 1 1 0 
115 10 9014 0 1 1 0 1 1 1 1 1 0 
116 10 9756 1 1 1 1 0 0 1 1 1 0 
117 10 7710 1 0 1 1 1 1 1 1 1 0 
118 10 9504 1 1 1 0 0 1 0 1 1 1 
119 10 8222 0 1 0 1 1 1 1 1 1 1 
120 10 9736 1 1 1 1 1 1 1 0 0 0 
121 10 7385 1 0 1 1 0 1 1 1 1 1 
122 10 8499 1 0 0 1 1 1 1 1 1 1 
123 10 9322 0 1 1 1 0 0 1 1 0 1 
124 10 8823 1 0 1 1 1 1 0 0 1 0 
125 10 7797 0 0 1 1 1 0 1 1 1 1 
126 10 9666 1 1 0 1 1 1 0 1 0 1 
127 10 8676 1 1 1 1 0 1 0 1 1 1 
128 10 8013 0 1 1 1 1 1 0 1 1 1 
129 10 9170 1 0 0 1 1 1 1 0 1 1 
130 10 7540 1 1 1 1 1 1 0 0 1 1 
131 10 7456 1 0 1 1 0 1 1 0 1 1 
132 10 8541 1 1 1 1 1 0 0 1 0 1 
133 10 10433 1 0 0 1 1 1 1 0 1 1 
134 10 8919 1 1 1 1 0 1 1 1 1 0 
135 10 7976 0 1 1 1 1 1 1 0 1 0 
136 10 7762 0 1 1 1 1 0 1 0 1 1 
137 10 7462 0 1 1 1 1 1 0 1 0 1 
138 10 10620 0 0 1 1 1 1 0 1 1 1 
139 10 9633 0 1 1 1 1 1 1 0 1 0 
140 10 8630 1 0 1 1 1 1 1 0 0 1 
141 10 9049 0 1 1 1 1 1 1 0 0 1 
142 10 9838 1 1 1 1 0 1 0 0 1 1 
143 10 8922 0 1 1 1 1 0 1 1 1 1 
144 10 7962 1 0 1 1 1 1 0 0 1 1 
145 10 6482 1 1 1 1 1 1 0 1 1 0 
146 10 9531 0 1 0 1 1 0 1 1 1 1 
147 10 9040 1 1 0 1 1 1 0 1 1 0 
148 10 7793 0 1 0 1 1 1 0 1 1 1 
149 10 8099 0 1 1 1 1 1 0 1 1 1 
150 10 5883 1 1 0 0 1 1 1 1 1 1 
151 10 10053 1 1 0 1 1 0 1 1 1 0 
152 10 8705 1 1 1 1 1 0 1 0 0 1 
153 10 9935 0 1 1 1 0 1 1 1 0 1 
154 10 8286 0 1 1 0 1 1 1 1 1 0 
155 10 8789 1 1 0 1 1 0 1 0 1 1 
156 10 8803 1 1 1 1 0 0 1 1 0 1 
157 10 9678 0 1 1 0 1 1 1 1 1 0 
158 10 8871 1 1 1 1 0 0 1 1 1 0 
159 10 6920 0 0 1 1 1 1 1 1 1 1 
160 10 9879 1 0 1 1 0 1 1 1 1 0 
161 10 9976 0 1 1 1 0 0 1 1 1 1 
162 10 9936 0 1 1 1 1 1 1 0 0 1 
163 10 7752 1 1 1 1 1 0 1 0 1 0 
164 10 8759 0 1 1 1 1 1 1 1 0 1 
165 10 9633 1 1 0 1 1 1 1 1 0 1 
166 10 7771 1 0 1 1 1 1 0 1 1 1 
167 10 8807 0 1 1 1 0 1 0 1 1 1 
168 10 8202 0 1 1 0 1 1 1 1 1 1 
169 10 7623 1 1 1 1 0 1 1 1 0 0 
170 10 8363 1 1 0 1 0 1 0 1 1 1 
171 10 6947 1 1 0 1 1 1 0 0 1 1 
172 10 8876 1 0 1 0 1 1 1 1 1 0 
173 10 7873 1 1 0 1 1 1 0 1 1 1 
174 10 9645 1 1 1 1 1 1 1 0 0 0 
175 10 9246 1 1 0 1 0 1 1 1 0 1 
176 10 8832 1 1 1 1 1 0 0 1 1 1 
177 10 7514 1 1 1 1 0 1 1 1 0 1 
178 10 8994 1 0 1 0 1 0 1 1 1 1 
179 10 9299 1 1 0 1 0 1 1 1 1 0 
180 10 8627 1 1 1 1 1 1 0 0 0 1 
181 10 8682 1 0 0 1 1 1 1 1 1 0 
182 10 6210 1 1 1 0 1 0 1 1 1 1 
183 10 9376 0 1 1 1 0 1 0 1 1 1 
184 10 8688 1 0 1 0 1 1 1 1 0 1 
185 10 7146 1 1 0 1 1 1 0 0 1 1 
186 10 8031 1 1 0 1 1 1 1 1 0 0 
187 10 9988 0 1 0 1 1 1 1 0 1 1 
188 10 9102 0 0 1 1 1 1 0 1 1 1 
189 10 8940 1 1 1 0 1 1 1 0 1 0 
190 10 9342 1 0 0 1 1 0 1 1 1 1 
191 10 8756 1 0 1 0 0 1 1 1 1 1 
192 10 10231 0 0 1 1 1 0 1 1 1 1 
193 10 9227 0 1 0 1 1 1 1 1 1 0 
194 10 7035 1 1 1 0 1 0 1 0 1 1 
195 10 10334 1 1 0 0 1 1 1 1 1 0 
196 10 10342 1 1 1 0 1 1 1 0 1 0 
197 10 8255 1 0 1 1 1 1 1 1 0 0 
198 10 11161 1 0 1 1 1 0 1 1 1 0 
199 10 7669 0 1 1 1 1 1 0 1 1 1 
200 10 8417 1 0 1 0 1 1 1 1 1 1 
201 10 9689 1 1 1 0 1 0 0 1 1 1 
202 10 8290 1 1 1 1 1 1 0 0 0 1 
203 10 8738 0 1 0 0 1 1 1 1 1 1 
204 10 7599 1 1 1 0 1 1 0 1 1 1 
205 10 9365 0 0 1 1 1 0 1 1 1 1 
206 10 7997 0 1 1 1 1 1 1 1 1 0 
207 10 7712 1 1 1 1 1 0 1 0 0 1 
208 10 7439 0 1 1 1 1 1 1 0 0 1 
209 10 7713 1 1 0 0 1 1 1 1 1 1 
210 10 8315 1 1 1 0 0 1 1 0 1 1 
211 10 7522 1 1 0 1 1 1 1 0 1 0 
212 10 8040 1 0 0 1 0 1 1 1 1 1 
213 10 9190 1 1 0 1 1 1 1 1 0 0 
213 10 9190 1 0 0 1 1 1 0 1 1 1 
214 10 9171 1 0 0 1 1 1 1 1 0 1 
215 10 7960 1 0 1 1 0 1 0 1 1 1 
216 10 9443 1 1 0 1 1 1 1 0 1 0 
217 10 10385 0 1 1 0 1 0 1 1 1 1 
218 10 7927 1 1 1 1 1 1 1 0 1 0 
219 10 9962 1 1 0 1 1 0 1 1 1 0 
220 10 9471 1 0 1 1 0 1 1 1 1 0 
221 10 7108 0 1 1 1 1 1 1 1 1 0 
222 10 10342 1 0 0 1 1 1 1 1 0 1 
223 10 8417 0 1 1 1 1 0 0 1 1 1 
224 10 9210 1 0 1 1 0 1 1 1 0 1 
224 10 9210 1 0 1 1 0 1 1 0 1 1 
225 10 8052 1 1 1 1 0 1 0 1 1 0 
226 10 9937 1 1 0 0 1 1 1 1 1 0 
227 10 6403 1 1 1 1 1 0 0 1 1 1 
228 10 10138 1 0 0 1 1 0 1 1 1 1 
229 10 10026 1 1 1 0 1 0 0 1 1 1 
230 10 8264 1 1 1 0 1 1 1 0 0 1 
231 10 6805 0 1 1 0 1 1 1 1 1 0 
232 10 10876 1 1 0 0 1 1 1 1 1 0 
233 10 6974 0 0 1 1 1 1 1 1 1 1 
234 10 11164 1 1 1 0 0 1 1 1 1 0 
235 10 6937 0 1 0 1 1 1 1 1 1 1 
236 10 7607 1 0 0 1 1 0 1 1 1 1 
237 10 8648 1 0 1 1 0 1 1 1 0 1 
238 10 10069 1 1 1 0 1 0 1 1 0 1 
239 10 9101 1 0 1 1 1 1 1 0 0 1 
240 10 8341 0 1 1 1 0 1 1 1 0 1 
241 10 10411 0 0 1 1 1 1 1 0 1 1 
242 10 6405 0 1 1 1 1 0 1 1 0 1 
243 10 7075 1 1 1 1 0 0 1 1 0 1 
244 10 8026 1 1 1 1 1 1 1 0 0 1 
245 10 8019 1 1 1 0 1 1 1 1 1 0 
246 10 8282 1 1 1 1 0 1 1 0 0 1 
247 10 10265 0 1 1 0 0 1 1 1 1 1 
248 10 6972 1 0 1 0 1 1 1 1 1 1 
249 10 10647 1 1 1 0 0 1 1 1 0 1 
250 10 10450 0 1 1 1 1 0 1 1 1 0 
251 10 8777 1 1 1 1 1 0 1 0 0 1 
252 10 7829 1 1 1 1 0 0 1 0 1 1 
253 10 10072 0 0 1 1 0 1 1 1 1 1 
254 10 8666 1 0 1 0 1 1 0 1 1 1 
255 10 9212 1 1 1 1 1 1 0 1 0 0 
256 10 8417 1 1 1 1 0 1 1 1 1 0 
257 10 8217 0 1 1 0 1 1 1 1 1 0 
258 10 8672 1 0 0 1 1 1 1 1 1 0 
259 10 9157 1 0 1 1 1 1 1 1 0 0 
260 10 10524 1 0 0 1 0 1 1 1 1 1 
261 10 8006 0 1 1 1 1 0 1 1 1 1 
262 10 8771 1 0 1 1 1 1 0 1 0 1 
263 10 7764 1 1 0 1 1 0 1 1 1 0 
264 10 6917 1 1 0 1 1 0 0 1 1 1 
265 10 10094 1 1 0 1 0 1 1 1 0 1 
266 10 10658 1 1 0 1 0 1 0 1 1 1 
267 10 6755 1 1 1 0 1 1 0 1 1 0 
268 10 11079 1 0 0 1 1 1 0 1 1 1 
269 10 8612 0 1 1 1 0 1 1 1 1 1 
270 10 9000 0 1 1 1 1 1 0 1 0 1 
271 10 9576 0 1 0 1 0 1 1 1 1 1 
272 10 10200 0 0 1 1 1 1 1 1 0 1 
273 10 7904 0 1 1 0 1 1 1 1 1 1 
274 10 7099 0 1 0 1 1 1 1 1 1 0 
275 10 8989 1 1 1 1 1 1 1 0 0 1 
276 10 7718 1 1 0 1 0 0 1 1 1 1 
277 10 9402 1 1 1 0 1 1 0 0 1 1 
278 10 9355 1 1 0 1 0 0 1 1 1 1 
279 10 7656 1 1 1 1 0 0 1 1 1 1 
280 10 8046 0 1 0 0 1 1 1 1 1 1 
281 10 8026 1 1 1 1 0 0 0 1 1 1 
282 10 10874 1 1 1 0 0 1 1 1 1 0 
283 10 10347 1 0 1 1 1 1 1 1 0 0 
284 10 9365 0 0 0 1 1 1 1 1 1 1 
285 10 10028 1 1 0 0 0 1 1 1 1 1 
286 10 10181 1 0 1 0 1 1 1 1 1 0 
287 10 8769 1 1 1 1 1 0 1 1 1 0 
288 10 9233 1 0 1 1 1 1 1 0 1 0 
289 10 9347 1 1 1 1 0 1 0 1 1 1 
290 10 7655 1 0 1 1 1 0 1 1 0 1 
291 10 6834 1 1 1 1 1 1 0 1 0 1 
292 10 8293 1 0 0 1 0 1 1 1 1 1 
293 10 8004 0 1 0 1 1 1 1 1 1 0 
294 10 7681 1 1 1 0 1 1 1 1 0 0 
295 10 9629 1 0 0 1 0 1 1 1 1 1 
296 10 8201 0 1 0 1 1 1 1 1 0 1 
297 10 6561 0 1 1 1 1 1 1 1 0 0 
298 10 9826 1 1 1 1 1 0 0 0 1 1 
299 10 8509 1 0 1 1 1 1 0 0 1 1 
300 10 9348 1 1 0 0 1 1 0 0 1 1 
301 10 8182 1 1 0 1 1 1 1 0 1 1 
302 10 8849 0 1 1 1 1 1 1 0 1 0 
303 10 7922 1 1 1 0 1 0 1 1 1 1 
304 10 9813 1 1 1 1 1 0 1 1 0 0 
305 10 11972 0 1 1 0 1 0 1 0 1 1 
306 10 8202 1 1 1 0 0 1 1 1 0 1 
307 10 6043 1 0 1 1 0 1 1 1 1 1 
308 10 9028 0 1 1 0 1 0 1 1 1 1 
309 10 7395 1 0 0 1 1 1 1 1 1 1 
310 10 7121 1 1 0 1 1 1 1 1 0 1 
311 10 8801 1 1 1 0 0 1 1 1 0 1 
312 10 8911 1 1 1 0 1 1 1 1 1 0 
313 10 10716 0 1 1 1 0 1 1 0 1 1 
314 10 7098 0 1 1 1 1 0 1 1 0 1 
315 10 7423 1 1 1 0 1 1 1 1 0 1 
316 10 11074 0 0 1 1 1 1 1 1 1 0 
317 10 8509 1 1 1 1 1 0 0 1 0 1 
318 10 8486 0 0 1 1 1 0 1 1 1 1 
319 10 8650 1 0 0 1 1 0 1 1 1 1 
320 10 12268 1 1 1 0 1 0 0 1 1 1 
321 10 9331 1 0 1 1 1 0 1 1 1 0 
322 10 8930 0 1 1 1 0 1 1 1 0 1 
323 10 11777 1 1 1 0 1 1 1 0 1 0 
324 10 7939 1 1 1 1 1 0 1 1 0 1 
325 10 10316 0 1 1 1 1 1 0 1 1 0 
326 10 9024 0 0 1 1 1 1 1 0 1 1 
327 10 10231 0 1 0 1 1 1 1 1 0 1 
328 10 9802 0 1 1 1 0 0 1 1 1 1 
329 10 7671 1 1 1 1 0 1 0 1 1 1 
330 10 7468 0 1 1 1 1 1 1 0 1 1 
331 10 8217 1 0 1 1 1 1 1 1 0 0 
332 10 7364 1 1 1 1 1 0 0 1 1 1 
333 10 7616 1 1 1 1 1 0 0 0 1 1 
334 10 8120 0 1 1 1 1 1 0 1 0 1 
335 10 7325 1 0 1 1 1 1 1 0 1 0 
336 10 8105 1 1 1 1 1 1 1 0 0 0 
337 10 10038 0 1 0 1 1 1 1 1 1 0 
338 10 10631 0 1 1 1 0 1 1 0 1 1 
339 10 10709 1 1 1 0 1 0 1 1 0 1 
340 10 9209 1 1 1 1 0 1 1 0 1 0 
341 10 9993 1 1 1 1 1 1 0 1 0 0 
342 10 8790 0 0 1 1 0 1 1 1 1 1 
343 10 9357 1 0 1 1 0 0 1 1 1 1 
344 10 10124 0 1 1 1 0 1 1 0 1 0 
345 10 10416 1 0 0 1 1 1 1 0 1 1 
346 10 9795 0 1 0 1 1 0 1 1 1 1 
347 10 8312 1 1 0 1 1 1 1 0 0 1 
348 10 10194 1 0 0 1 0 1 1 1 1 1 
349 10 9660 0 1 1 1 1 1 1 0 0 1 
350 10 9798 1 1 0 1 0 1 0 1 1 1 
351 10 7844 1 1 0 1 1 1 1 1 1 0 
352 10 6819 1 0 1 1 1 1 1 1 0 1 
353 10 9983 1 0 1 1 0 1 0 1 1 1 
354 10 9047 1 1 0 1 1 1 1 0 1 0 
355 10 9155 0 0 1 0 1 1 1 1 1 1 
356 10 7711 1 0 0 1 1 1 1 1 1 1 
357 10 10297 1 1 0 1 0 1 1 1 0 1 
358 10 10355 0 1 1 0 1 0 1 1 1 1 
359 10 9318 1 1 1 0 1 1 1 0 0 1 
360 10 9165 0 1 0 1 1 1 1 1 0 1 
361 10 8809 1 1 0 1 1 1 1 1 0 0 
362 10 7951 1 0 1 1 1 1 1 0 1 1 
363 10 8352 1 1 1 1 0 1 0 1 1 0 
363 10 8352 1 1 1 1 0 1 0 0 1 1 
364 10 9532 1 1 1 0 1 1 1 0 1 0 
365 10 7147 1 1 1 0 0 1 0 1 1 1 
366 10 11742 1 1 1 1 1 0 0 1 1 0 
367 10 10624 1 0 1 1 0 0 1 1 1 1 
368 10 8264 1 1 0 1 1 0 0 1 1 1 
369 10 8948 1 1 0 0 1 0 1 1 1 1 
370 10 7652 1 1 1 0 1 1 1 0 0 1 
371 10 10561 1 1 0 1 0 1 1 1 0 1 
372 10 7116 1 0 1 1 0 1 1 1 1 1 
373 10 9498 1 0 1 1 1 1 0 1 1 0 
374 10 10341 0 1 1 1 1 0 1 0 1 1 
375 10 7152 1 1 0 0 1 1 1 1 1 0 
376 10 7870 1 1 0 1 0 1 1 1 0 1 
376 10 7870 1 1 0 0 1 1 1 1 0 1 
377 10 10715 0 1 1 0 1 1 1 0 1 1 
378 10 7916 1 0 1 0 0 1 1 1 1 1 
379 10 7855 0 1 1 1 0 1 1 1 1 1 
380 10 7586 1 1 1 0 1 1 1 1 1 0 
381 10 9161 1 1 0 1 1 0 0 1 1 1 
382 10 7449 1 1 0 1 0 1 1 0 1 1 
383 10 8828 1 1 1 1 1 1 0 0 1 0 
383 10 8828 1 1 1 1 1 0 0 1 0 1 
384 10 8323 1 1 0 1 1 1 0 1 1 1 
385 10 6645 1 0 1 1 0 1 0 1 1 1 
386 10 7481 1 1 1 0 0 0 1 1 1 1 
387 10 8884 1 0 1 1 1 1 1 1 0 0 
388 10 9631 1 0 1 1 1 1 1 0 0 1 
389 10 9307 1 1 0 0 1 0 1 1 1 1 
390 10 7778 1 1 1 0 1 1 1 1 0 1 
391 10 9764 0 1 1 1 1 0 1 0 1 1 
392 10 9156 1 0 1 1 1 1 1 1 0 0 
393 10 8969 1 0 1 1 1 1 1 0 1 0 
394 10 8428 1 1 1 1 1 0 1 0 1 1 
395 10 6056 1 0 1 1 1 1 1 1 1 0 
396 10 8582 1 0 0 1 1 1 1 1 0 1 
397 10 7896 1 1 0 1 1 1 1 0 0 1 
398 10 6013 1 0 1 1 1 0 1 1 1 1 
399 10 8055 0 0 0 1 1 1 1 1 1 1 
400 10 9780 1 1 1 0 1 0 1 0 1 1 
401 10 8316 1 1 0 0 1 1 1 1 1 0 
402 10 9590 1 1 1 0 1 0 0 1 1 1 
403 10 7238 0 0 1 1 1 1 1 1 1 0 
404 10 8019 1 0 1 0 1 1 0 1 1 1 
405 10 9202 1 0 1 1 1 0 0 1 1 1 
406 10 6963 1 0 1 1 1 1 1 0 1 1 
407 10 9915 1 0 1 0 1 1 1 0 1 1 
408 10 10249 1 0 1 1 1 0 1 1 0 1 
409 10 7719 0 0 1 1 1 1 1 1 1 0 
410 10 9573 0 1 1 0 1 1 1 1 1 1 
411 10 10475 1 0 0 1 1 1 1 1 1 0 
412 10 10136 1 0 1 1 1 1 1 1 0 0 
413 10 8274 0 1 1 1 0 1 0 1 1 1 
414 10 6321 1 0 1 0 1 1 1 1 0 1 
415 10 10926 1 1 1 1 1 0 1 1 0 0 
416 10 8129 1 1 1 1 0 0 1 1 1 1 
417 10 7994 1 1 1 1 0 0 0 1 1 1 
418 10 9304 0 1 1 1 1 1 1 1 0 1 
419 10 7458 1 1 1 1 1 1 0 0 1 1 
420 10 6870 1 1 1 0 1 1 0 1 1 0 
421 10 7368 1 1 1 0 1 0 1 1 1 0 
422 10 8166 1 0 0 1 1 1 1 1 1 1 
423 10 9304 1 1 0 1 0 1 1 1 1 0 
424 10 9802 1 1 1 1 1 0 0 1 0 1 
425 10 7959 1 1 1 1 1 1 0 1 0 1 
426 10 8961 0 1 1 0 0 1 1 1 1 1 
427 10 8927 1 1 1 1 1 0 1 0 0 1 
428 10 7332 1 0 1 1 1 1 0 1 1 1 
429 10 10887 1 0 1 1 0 0 1 1 1 1 
430 10 8681 0 1 1 1 0 1 1 1 1 1 
431 10 10572 1 1 1 0 0 1 1 1 0 1 
432 10 7646 0 1 1 1 0 0 1 1 1 1 
433 10 9955 1 1 1 0 1 1 1 0 1 0 
434 10 7768 1 0 1 1 1 0 1 0 1 1 
435 10 7458 1 1 1 1 1 0 0 0 1 1 
436 10 9866 1 1 1 1 1 0 1 1 0 0 
437 10 7996 0 1 1 1 0 1 1 0 1 1 
438 10 9034 0 1 0 1 1 1 0 1 1 1 
439 10 8429 1 1 1 1 1 0 0 1 1 1 
440 10 8712 1 1 0 1 1 1 1 1 1 0 
441 10 7898 1 0 0 1 1 1 1 1 1 1 
442 10 10386 1 0 1 1 1 1 0 0 1 1 
443 10 7687 0 1 1 1 0 1 1 1 1 1 
444 10 7849 1 0 1 1 1 1 0 1 1 0 
445 10 8344 0 1 0 1 1 1 1 0 1 1 
446 10 8604 1 0 1 1 1 1 1 0 1 1 
447 10 8671 0 1 1 1 1 1 0 1 1 0 
448 10 9726 1 1 1 0 1 1 0 1 1 0 
449 10 7506 1 1 0 1 1 1 1 1 0 0 
450 10 9898 1 1 1 0 1 1 0 0 1 1 
451 10 8690 1 0 1 1 1 1 1 1 0 0 
452 10 8612 1 0 0 1 1 1 1 1 0 1 
453 10 10593 1 1 1 1 0 1 1 0 0 1 
454 10 7822 1 0 1 1 1 0 0 1 1 1 
455 10 9575 1 1 1 1 0 0 1 0 1 1 
456 10 11512 1 1 0 0 1 1 1 1 0 1 
457 10 9527 1 1 1 1 1 0 1 1 0 0 
458 10 9548 1 1 0 0 1 1 0 1 1 1 
459 10 9078 1 0 1 0 0 1 1 1 1 1 
460 10 6707 1 0 1 1 1 1 0 1 1 0 
461 10 10013 1 1 1 1 0 1 0 0 1 1 
462 10 11672 1 1 1 0 1 1 0 0 1 1 
463 10 9440 0 1 1 1 0 1 1 1 1 1 
464 10 8710 1 1 0 1 0 1 1 1 1 0 
465 10 6010 1 0 1 1 1 1 1 1 1 0 
466 10 7105 1 0 0 1 1 1 1 1 1 1 
467 10 8458 1 0 1 1 0 1 1 1 0 1 
468 10 6366 1 1 0 1 0 0 1 1 1 1 
469 10 10123 0 1 1 1 1 1 1 1 0 0 
470 10 11888 1 1 1 0 1 1 0 0 1 1 
471 10 9391 1 1 1 0 0 1 0 1 1 1 
472 10 7505 0 1 0 1 1 1 1 1 1 1 
473 10 9402 1 0 1 1 0 1 1 0 1 1 
474 10 7459 0 1 1 1 1 0 1 1 1 1 
475 10 9277 0 1 1 1 0 1 1 1 0 1 
476 10 10046 1 0 0 1 1 1 1 1 0 1 
477 10 9994 1 0 1 1 1 1 0 1 1 0 
478 10 7210 1 0 1 1 1 0 1 1 1 1 
479 10 8591 0 1 0 0 1 1 1 1 1 1 
480 10 9207 1 1 0 1 0 1 0 1 1 1 
481 10 7934 1 1 1 1 1 0 1 0 1 0 
482 10 9035 0 0 1 1 1 0 1 1 1 1 
483 10 6324 1 0 1 0 1 1 0 1 1 1 
484 10 8577 1 1 0 1 1 1 1 0 1 1 
485 10 7727 0 1 1 1 0 1 1 1 1 0 
486 10 11173 0 0 1 1 1 1 1 1 0 1 
487 10 8308 1 0 1 1 1 1 0 1 0 1 
488 10 7022 1 0 0 1 1 1 0 1 1 1 
489 10 9551 1 1 1 1 0 1 1 0 0 1 
490 10 7849 1 1 1 0 0 1 0 1 1 1 
491 10 10435 1 0 1 1 1 1 0 1 1 0 
492 10 8077 1 0 0 1 1 1 1 0 1 1 
493 10 9719 1 0 0 0 1 1 1 1 1 1 
494 10 10026 1 1 1 0 1 0 1 0 1 1 
495 10 6388 1 1 1 1 1 0 0 0 1 1 
496 10 10096 1 0 1 1 1 1 0 1 0 1 
497 10 7598 1 1 1 1 0 1 1 1 1 0 
498 10 10420 0 1 1 1 1 1 1 0 1 0 
499 10 7964 0 1 0 1 1 1 1 1 1 0 
500 10 6436 1 1 1 1 1 0 1 0 1 1 
