1 20 1141 36 574 1 253 43 636 113 1266 202 2068 10 334 149 1588 209 2126 28 495 65 831 54 736 74 913 147 1567 30 520 151 1603 61 795 16 386 142 1528 214 2176 115 1278
2 20 1544 226 2278 238 2389 155 1637 245 2448 142 1522 8 316 23 449 7 313 194 1996 137 1480 129 1406 165 1734 118 1307 183 1893 50 700 122 1342 153 1622 23 451 101 1152 136 1471
3 20 1560 200 2050 176 1830 127 1388 75 917 173 1802 8 322 165 1727 234 2355 130 1419 84 1000 33 542 8 317 213 2167 168 1759 43 631 143 1535 137 1483 88 1038 48 675 151 1603
4 20 1563 160 1690 198 2028 42 624 235 2357 15 382 209 2123 208 2115 18 406 89 1045 74 910 164 1722 186 1916 41 615 220 2223 133 1442 59 777 50 693 169 1767 86 1018 75 920
5 20 1718 138 1485 236 2372 158 1664 239 2396 239 2399 54 730 147 1572 216 2190 134 1454 209 2123 50 696 54 735 238 2389 107 1211 148 1581 17 401 87 1026 18 411 68 857 163 1711
6 20 1660 177 1843 176 1826 62 808 22 444 241 2415 120 1324 152 1615 186 1921 114 1271 196 2009 188 1939 173 1805 77 940 177 1842 204 2078 12 354 112 1257 186 1922 38 592 35 560
7 20 1535 174 1808 195 2005 117 1298 217 2201 181 1875 135 1462 83 997 50 695 155 1645 88 1038 227 2285 79 960 44 643 192 1978 27 492 83 991 35 558 118 1310 143 1535 77 935
8 20 1728 205 2091 185 1915 26 478 238 2386 167 1748 12 356 81 974 246 2458 95 1103 199 2039 55 743 25 475 161 1695 98 1131 66 836 234 2348 126 1381 79 954 232 2337 232 2334
9 20 1764 110 1233 168 1762 160 1685 236 2373 242 2423 52 717 51 703 144 1544 201 2051 193 1981 194 1992 183 1893 17 403 210 2138 57 762 155 1639 121 1339 26 479 194 1996 194 1988
10 20 1708 222 2243 194 1988 227 2287 24 466 217 2199 160 1687 103 1170 139 1494 46 664 65 835 103 1177 41 611 157 1663 41 614 189 1947 67 853 96 1108 222 2245 198 2029 199 2041
11 20 1617 17 395 25 473 119 1321 47 673 226 2284 140 1504 196 2013 159 1676 173 1807 119 1319 218 2210 100 1148 193 1980 33 546 184 1900 193 1982 147 1568 16 391 96 1112 237 2383
12 20 1543 32 530 160 1684 114 1271 66 844 199 2041 71 887 109 1227 169 1770 11 348 223 2252 162 1701 132 1438 230 2317 58 772 159 1678 162 1703 220 2223 81 979 14 376 165 1734
13 20 1834 144 1544 145 1547 203 2069 165 1729 61 795 86 1021 29 507 150 1596 126 1378 216 2191 245 2455 188 1939 161 1693 214 2169 147 1568 78 944 175 1820 207 2107 118 1310 94 1093
14 20 1903 86 1017 71 881 213 2161 42 626 145 1552 234 2349 49 687 248 2477 177 1835 67 846 130 1414 100 1144 126 1382 243 2433 245 2454 115 1278 248 2482 47 666 228 2300 219 2218
15 20 1488 106 1201 47 665 58 772 57 758 75 923 116 1292 56 751 109 1226 236 2373 55 740 195 1997 102 1167 62 800 236 2370 19 417 228 2294 80 966 166 1742 230 2313 215 2182
16 20 1379 20 430 76 926 97 1120 176 1826 25 468 46 662 178 1847 128 1399 71 881 207 2106 95 1101 158 1670 135 1463 211 2142 115 1283 232 2331 89 1046 3 273 17 401 202 2065
17 20 1353 140 1508 83 996 91 1061 134 1450 56 751 112 1258 158 1669 40 604 74 912 133 1439 51 706 246 2457 72 897 113 1263 198 2025 21 438 31 528 197 2015 42 625 123 1352
18 20 1653 206 2101 18 408 120 1329 13 366 203 2072 206 2098 101 1153 117 1302 114 1270 215 2179 212 2150 30 516 248 2478 178 1849 101 1155 204 2079 154 1632 111 1249 64 826 60 783
19 20 1451 75 917 102 1163 61 797 232 2336 223 2251 237 2380 168 1756 125 1370 78 952 44 639 16 390 57 756 96 1113 38 588 30 518 128 1394 202 2063 218 2206 82 982 125 1369
20 20 1540 198 2024 110 1240 176 1826 201 2052 97 1115 180 1866 22 448 69 866 30 518 111 1246 248 2477 75 925 144 1538 28 496 66 841 151 1609 101 1152 59 777 220 2227 95 1099
21 20 1448 97 1119 241 2413 156 1649 116 1288 125 1375 11 345 165 1732 2 267 232 2338 61 795 68 854 83 991 87 1032 170 1773 228 2298 74 914 65 830 249 2485 85 1015 80 963
22 20 1379 1 259 237 2376 142 1526 161 1694 80 969 234 2348 43 632 36 570 71 887 145 1555 230 2316 213 2166 14 372 73 899 205 2087 24 458 15 381 9 326 64 819 244 2445
23 20 1532 98 1131 150 1597 4 283 69 871 48 680 187 1928 201 2051 224 2264 250 2500 81 979 2 262 197 2022 108 1216 225 2269 95 1102 65 835 53 720 158 1672 25 470 241 2417
24 20 1562 165 1735 2 265 83 997 108 1214 194 1991 79 960 81 978 246 2458 214 2173 1 251 52 715 232 2338 135 1457 123 1350 18 410 38 586 134 1448 177 1838 196 2007 210 2137
25 20 1633 87 1033 17 400 241 2417 151 1604 30 519 194 1989 140 1503 38 589 158 1672 224 2265 219 2218 118 1312 97 1117 70 875 209 2131 118 1311 126 1377 56 748 81 971 192 1971
26 20 1868 49 685 36 566 162 1702 217 2199 244 2438 148 1582 221 2234 44 642 148 1580 112 1257 38 589 221 2238 164 1719 226 2284 119 1314 76 929 239 2399 94 1096 250 2498 149 1588
27 20 1343 121 1332 165 1731 21 435 169 1764 192 1974 148 1578 41 619 240 2402 47 672 57 762 63 809 131 1429 43 637 124 1362 241 2411 119 1315 39 594 105 1195 42 621 110 1240
28 20 1753 127 1386 149 1587 73 904 53 722 97 1116 228 2301 108 1215 106 1196 192 1977 30 519 204 2083 91 1063 195 2004 231 2321 175 1818 159 1674 224 2266 200 2048 43 629 225 2270
29 20 1819 213 2163 198 2024 104 1183 102 1166 25 475 94 1095 174 1812 110 1237 225 2270 181 1877 99 1134 38 588 184 1906 207 2109 134 1456 220 2223 41 616 240 2406 29 510 226 2283
30 20 1666 1 256 188 1939 200 2044 104 1186 217 2196 233 2347 19 419 229 2308 80 965 60 784 178 1849 14 374 104 1178 235 2364 234 2352 210 2140 149 1588 10 337 50 700 84 1001
31 20 1464 79 961 172 1798 217 2200 3 274 215 2185 1 258 94 1096 59 774 75 918 75 917 41 611 195 2001 50 699 226 2281 197 2021 42 628 50 694 165 1727 113 1261 196 2010
32 20 1271 42 621 99 1137 59 779 103 1175 23 457 103 1176 75 918 15 382 198 2027 103 1169 104 1183 239 2399 48 682 141 1519 4 286 200 2045 245 2452 70 880 189 1946 36 566
33 20 1802 108 1218 69 864 157 1658 218 2205 199 2035 228 2296 129 1405 117 1296 188 1939 75 922 185 1910 90 1055 136 1472 242 2426 88 1034 154 1629 9 323 115 1284 216 2192 79 960
34 20 1630 144 1546 10 332 34 549 142 1523 234 2349 101 1151 215 2178 218 2208 172 1798 116 1289 224 2260 155 1637 51 705 46 660 113 1265 5 293 179 1860 132 1434 158 1666 124 1361
35 20 1401 113 1264 23 455 155 1643 131 1424 103 1175 69 864 232 2330 133 1442 30 515 192 1978 61 792 9 325 181 1879 27 485 132 1430 47 671 195 2002 142 1527 11 345 245 2448
36 20 1371 128 1400 227 2293 239 2397 36 567 156 1648 36 573 127 1385 92 1070 128 1401 233 2345 80 962 19 417 149 1583 44 645 33 540 188 1935 89 1050 71 889 54 735 132 1432
37 20 1770 10 337 218 2204 118 1308 213 2160 166 1736 232 2332 205 2093 115 1277 185 1907 209 2124 229 2304 36 568 196 2012 174 1812 127 1387 66 837 58 768 80 969 115 1280 77 940
38 20 1644 221 2237 226 2284 9 331 132 1436 229 2304 91 1068 58 767 17 395 190 1952 143 1532 237 2379 203 2077 180 1870 59 780 66 840 109 1231 33 542 167 1746 93 1084 227 2288
39 20 1244 140 1504 15 377 96 1106 1 259 118 1310 11 346 219 2220 94 1095 91 1069 127 1389 117 1295 152 1613 108 1214 47 666 193 1983 126 1379 67 851 5 293 40 608 165 1732
40 20 1616 213 2159 17 400 62 806 30 512 210 2135 244 2439 66 836 105 1193 217 2203 204 2085 237 2381 143 1536 225 2270 153 1626 31 525 31 526 116 1294 62 802 135 1464 122 1340
41 20 1660 15 378 169 1765 78 944 42 622 70 879 143 1532 249 2490 172 1796 60 782 40 603 219 2214 186 1920 248 2476 164 1724 238 2387 150 1598 20 424 163 1717 133 1441 174 1809
42 20 1786 107 1213 124 1361 184 1901 18 411 212 2154 65 832 179 1857 229 2310 203 2076 221 2233 93 1086 74 910 242 2426 58 764 242 2421 133 1443 225 2273 149 1588 116 1288 21 431
43 20 1312 163 1717 172 1796 20 428 169 1770 14 376 160 1683 1 256 81 975 108 1220 138 1489 6 304 64 824 130 1416 190 1953 90 1054 5 294 194 1993 5 292 205 2092 174 1810
44 20 1722 177 1842 160 1690 242 2427 2 265 164 1718 243 2431 63 809 30 516 67 853 152 1616 24 460 189 1945 248 2480 21 435 92 1077 144 1540 248 2480 94 1093 235 2362 162 1708
45 20 1548 3 269 129 1410 25 475 225 2272 72 898 184 1903 115 1277 232 2332 19 418 8 322 155 1645 121 1339 236 2373 71 881 184 1904 218 2206 179 1856 123 1350 191 1968 6 304
46 20 1769 181 1873 147 1571 75 925 102 1167 145 1548 223 2257 192 1978 34 551 133 1443 79 957 179 1854 245 2452 33 545 194 1996 28 502 158 1668 156 1652 97 1118 158 1671 233 2343
47 20 1533 186 1917 34 551 118 1304 219 2218 227 2291 132 1430 31 524 124 1364 82 983 193 1985 33 542 204 2082 244 2446 135 1458 124 1360 34 553 102 1163 149 1588 10 332 25 473
48 20 1660 78 950 199 2033 30 517 215 2181 60 783 98 1129 133 1443 80 969 231 2328 207 2112 189 1944 171 1784 138 1491 107 1207 234 2348 75 917 42 626 242 2422 100 1144 93 1079
49 20 1601 250 2492 4 281 96 1106 210 2138 113 1261 83 989 120 1330 141 1512 136 1470 243 2429 135 1465 138 1490 72 897 35 565 5 295 135 1464 217 2201 198 2031 61 793 248 2482
50 20 1839 76 933 112 1257 217 2198 243 2436 29 508 210 2132 21 432 117 1297 161 1693 84 1006 21 439 205 2095 128 1402 228 2294 98 1125 234 2350 39 597 250 2497 207 2113 196 2013
51 20 1492 221 2237 245 2450 113 1263 91 1069 93 1082 23 449 216 2194 191 1964 31 527 112 1255 98 1127 4 284 200 2045 55 740 10 333 236 2369 192 1974 218 2208 42 622 64 825
52 20 1526 233 2347 115 1277 6 303 134 1452 125 1375 169 1763 189 1950 5 289 99 1135 73 899 159 1678 97 1119 180 1869 115 1283 87 1032 100 1145 54 729 215 2178 4 279 192 1972
53 20 1826 103 1174 115 1277 225 2274 248 2479 145 1555 119 1315 45 652 196 2014 179 1861 231 2329 36 566 228 2296 41 618 165 1728 209 2126 16 391 212 2158 85 1009 223 2249 169 1767
54 20 1292 105 1194 74 908 39 601 124 1365 50 693 126 1384 198 2028 180 1870 82 980 75 923 165 1730 160 1684 23 452 225 2274 21 438 88 1035 86 1016 102 1163 110 1238 108 1218
55 20 1735 177 1836 213 2165 33 542 170 1776 238 2389 14 376 14 368 229 2306 117 1300 185 1909 50 696 228 2294 121 1337 30 514 237 2378 133 1442 218 2209 20 426 232 2337 164 1721
56 20 1731 229 2311 224 2263 28 499 210 2139 96 1112 101 1154 210 2136 213 2162 167 1746 114 1271 35 565 127 1391 209 2130 230 2319 242 2422 32 530 89 1048 44 640 130 1419 2 264
57 20 1316 145 1549 26 478 56 748 184 1906 76 929 216 2192 21 437 240 2402 134 1449 35 561 229 2305 176 1832 113 1267 87 1025 40 602 56 749 121 1333 107 1207 19 419 38 585
58 20 1819 114 1268 231 2321 32 537 126 1380 84 1002 193 1985 137 1482 90 1054 131 1424 151 1608 144 1542 75 921 135 1463 174 1813 79 960 177 1838 157 1657 237 2383 248 2474 98 1126
59 20 1614 27 491 214 2175 115 1280 182 1888 68 860 126 1379 122 1344 121 1334 127 1393 92 1071 197 2021 19 416 244 2446 30 512 170 1774 161 1696 46 657 184 1905 201 2055 125 1374
60 20 1649 146 1563 96 1108 90 1058 118 1305 160 1687 119 1321 242 2428 75 925 106 1199 150 1593 188 1938 47 672 6 296 175 1824 84 1001 237 2379 154 1633 29 507 248 2481 98 1125
61 20 1472 36 569 69 865 214 2175 57 757 29 503 29 510 181 1879 28 498 202 2062 162 1703 207 2105 93 1085 249 2485 110 1237 169 1770 129 1410 141 1513 189 1947 152 1613 8 319
62 20 1738 40 602 149 1583 9 331 139 1498 198 2026 207 2109 165 1730 174 1812 87 1027 81 974 145 1554 150 1592 250 2499 192 1974 2 260 96 1109 232 2335 188 1940 146 1561 195 2005
63 20 1543 13 367 101 1152 3 275 159 1680 39 597 177 1836 230 2318 63 816 196 2011 156 1649 224 2264 135 1461 55 737 61 798 159 1675 230 2318 147 1568 123 1352 7 305 162 1700
64 20 1375 47 670 228 2301 31 527 45 653 189 1947 108 1222 12 353 76 930 137 1483 244 2446 168 1757 24 465 129 1403 25 473 245 2452 100 1143 42 628 23 452 210 2135 68 862
65 20 1724 62 807 66 840 50 697 190 1958 183 1891 177 1836 202 2067 188 1934 156 1652 46 657 45 652 64 822 93 1085 121 1337 242 2427 98 1131 249 2484 250 2495 117 1295 79 958
66 20 1502 148 1578 140 1504 56 746 28 496 39 593 47 673 10 334 171 1781 224 2263 129 1411 13 364 88 1041 182 1884 227 2289 87 1027 136 1470 172 1792 118 1312 180 1870 213 2163
67 20 1460 119 1316 129 1408 21 434 49 691 190 1954 151 1608 238 2384 183 1891 79 959 14 369 193 1985 220 2230 79 958 99 1137 20 429 128 1398 135 1460 199 2036 2 268 115 1283
68 20 1546 150 1596 92 1073 167 1750 87 1027 209 2125 107 1209 32 532 65 827 248 2475 142 1525 181 1879 116 1290 45 655 199 2040 178 1846 21 439 53 719 62 802 245 2450 169 1769
69 20 1251 47 669 133 1447 61 799 160 1684 32 531 99 1135 130 1413 206 2103 91 1068 144 1540 10 340 137 1480 1 258 112 1257 161 1697 65 834 147 1565 77 937 62 804 200 2049
70 20 1731 189 1951 179 1854 139 1498 82 982 170 1772 198 2031 245 2451 243 2430 41 618 230 2315 229 2310 37 577 90 1060 117 1300 53 719 52 717 70 876 185 1907 244 2441 6 298
71 20 1534 168 1757 145 1551 237 2381 95 1100 93 1079 114 1274 47 669 112 1255 20 427 50 693 116 1287 159 1680 236 2371 206 2101 55 742 176 1834 75 923 34 548 132 1433 157 1663
72 20 1371 186 1916 93 1079 60 789 27 490 64 825 137 1482 185 1909 4 286 151 1608 164 1721 14 372 123 1352 62 800 96 1114 58 766 219 2216 165 1731 176 1830 124 1360 43 631
73 20 1662 47 670 227 2288 117 1303 237 2377 233 2345 211 2144 142 1525 133 1447 220 2228 152 1613 5 291 76 932 43 632 226 2277 249 2490 200 2048 41 617 104 1186 26 480 3 271
74 20 1825 244 2438 44 642 244 2445 240 2406 154 1631 39 599 241 2418 176 1830 123 1351 203 2076 93 1087 18 405 235 2360 4 285 158 1666 188 1934 138 1485 58 771 135 1464 204 2078
75 20 1719 14 370 212 2152 161 1694 220 2222 103 1174 201 2051 82 983 157 1655 241 2412 88 1036 11 342 37 581 69 870 240 2409 181 1872 158 1670 68 855 161 1696 229 2303 107 1209
76 20 1126 238 2391 92 1072 10 334 15 381 103 1174 195 2004 131 1426 100 1149 76 927 73 906 64 826 30 514 177 1838 45 655 92 1077 217 2203 9 325 11 341 124 1359 52 710
77 20 1785 149 1587 213 2160 61 796 218 2211 220 2228 117 1297 173 1805 92 1075 57 760 235 2363 98 1132 105 1193 230 2316 128 1398 136 1468 125 1374 198 2026 210 2139 10 336 46 660
78 20 1387 100 1143 122 1345 185 1907 22 440 50 692 103 1176 85 1007 221 2238 87 1033 69 869 234 2348 230 2313 1 251 139 1493 121 1338 82 988 13 364 160 1687 182 1884 6 299
79 20 1410 203 2069 38 589 102 1164 139 1493 114 1270 54 729 33 547 49 683 13 361 65 835 81 975 169 1769 45 654 143 1530 130 1416 154 1634 229 2311 246 2459 222 2243 94 1090
80 20 1620 158 1670 172 1798 55 738 201 2051 109 1229 246 2462 35 564 200 2049 95 1102 109 1226 160 1685 35 559 125 1369 178 1848 84 1001 156 1653 158 1669 184 1899 35 564 53 723
81 20 1491 191 1966 246 2459 115 1278 202 2064 15 377 201 2058 181 1871 166 1738 64 822 163 1712 58 766 63 813 104 1183 3 269 140 1503 100 1145 78 948 4 283 67 848 155 1641
82 20 1671 238 2388 204 2079 51 702 159 1681 172 1791 76 933 26 476 222 2243 245 2452 94 1092 97 1117 140 1510 171 1786 54 733 51 703 58 765 143 1530 152 1610 232 2334 137 1476
83 20 1691 107 1211 39 596 236 2367 187 1926 250 2495 116 1291 241 2412 194 1993 5 295 93 1079 217 2196 102 1165 13 361 123 1354 189 1944 95 1102 146 1563 206 2104 3 274 96 1109
84 20 1407 12 350 119 1313 8 322 29 510 101 1158 125 1375 146 1557 229 2305 186 1924 120 1324 113 1259 186 1918 53 726 88 1036 128 1394 234 2352 86 1020 156 1646 45 652 112 1256
85 20 1908 204 2079 227 2290 141 1516 236 2367 79 956 211 2142 55 737 175 1823 193 1983 176 1831 8 322 225 2270 99 1137 190 1958 154 1636 214 2172 21 435 135 1459 123 1351 149 1591
86 20 1463 33 543 51 702 100 1150 45 654 210 2138 103 1172 97 1115 118 1306 245 2451 16 389 192 1971 38 589 18 404 180 1863 135 1460 64 818 231 2327 113 1265 193 1984 83 997
87 20 1511 235 2361 54 731 6 303 200 2050 64 826 36 568 250 2494 177 1835 193 1979 219 2218 207 2112 40 607 92 1075 50 696 11 348 216 2190 41 615 108 1217 83 995 117 1295
88 20 1500 152 1616 2 261 213 2163 201 2056 232 2337 150 1599 162 1707 13 360 13 363 107 1209 221 2238 191 1965 48 677 213 2159 107 1207 101 1157 92 1076 83 993 68 862 2 265
89 20 1384 12 350 86 1017 18 405 147 1568 206 2102 152 1611 163 1714 79 958 129 1409 85 1015 73 902 81 972 159 1673 204 2086 3 271 112 1256 99 1141 119 1317 200 2043 135 1463
90 20 1382 148 1575 151 1606 94 1090 71 881 65 832 70 878 100 1144 225 2270 31 528 6 300 95 1097 198 2029 127 1388 153 1620 160 1690 109 1225 124 1363 227 2288 39 597 93 1081
91 20 1598 198 2024 179 1853 66 840 195 2000 207 2105 10 339 82 982 111 1247 155 1641 85 1010 82 982 25 473 243 2435 105 1193 206 2104 166 1741 93 1081 17 397 139 1495 154 1634
92 20 1751 182 1884 226 2283 31 523 187 1930 207 2107 97 1120 67 853 217 2195 116 1286 16 389 241 2418 212 2151 2 263 70 878 141 1518 226 2283 126 1376 128 1399 25 474 232 2336
93 20 1417 80 970 12 352 24 460 248 2479 109 1231 53 719 160 1684 29 504 224 2263 145 1547 68 857 13 364 154 1633 40 608 145 1550 175 1818 243 2436 49 687 210 2139 140 1504
94 20 1464 211 2146 48 680 182 1887 3 272 87 1025 167 1747 157 1663 40 608 38 586 248 2474 163 1715 190 1960 94 1089 33 539 241 2413 74 910 176 1827 46 664 27 491 54 736
95 20 1506 166 1738 192 1972 24 464 240 2406 86 1022 136 1466 3 273 119 1315 218 2204 127 1389 224 2262 150 1593 131 1424 47 669 92 1072 195 2003 21 439 21 432 114 1275 81 974
96 20 1389 35 562 113 1259 45 651 2 265 129 1410 44 641 179 1858 229 2309 158 1672 76 929 140 1504 228 2300 133 1439 107 1212 46 660 119 1317 179 1855 18 411 180 1862 116 1292
97 20 1280 134 1451 109 1224 13 364 172 1791 112 1256 201 2052 134 1452 163 1715 138 1488 3 271 136 1474 41 614 127 1386 102 1166 166 1743 102 1165 178 1849 14 372 3 276 37 579
98 20 1732 216 2192 108 1214 187 1929 220 2230 62 807 15 382 32 530 213 2160 19 418 87 1030 42 625 175 1817 200 2046 98 1128 223 2252 202 2062 246 2462 135 1459 19 416 240 2407
99 20 1605 164 1719 169 1767 50 697 8 322 217 2197 203 2070 74 911 53 726 248 2482 55 739 162 1706 147 1569 90 1058 191 1965 203 2074 76 928 24 463 65 827 100 1142 184 1905
100 20 1660 186 1922 241 2414 185 1910 235 2358 30 519 65 829 152 1615 10 333 210 2139 23 456 178 1846 26 481 172 1797 177 1841 152 1612 157 1658 18 410 168 1760 104 1182 201 2057
101 20 1723 102 1164 175 1824 239 2394 141 1515 119 1316 209 2124 203 2071 123 1350 59 773 84 1005 211 2148 61 795 104 1181 121 1334 213 2167 161 1695 74 909 20 425 202 2062 200 2045
102 20 1550 233 2343 50 700 27 487 50 698 160 1689 90 1058 139 1501 184 1899 100 1142 86 1018 70 876 44 642 116 1289 166 1740 167 1752 206 2103 211 2148 70 879 111 1241 167 1753
103 20 1702 108 1218 147 1568 145 1547 65 832 1 257 234 2349 246 2457 223 2249 83 990 211 2143 204 2085 142 1522 192 1978 9 325 141 1519 216 2188 91 1061 31 526 138 1485 208 2116
104 20 1675 114 1275 90 1052 145 1553 96 1110 142 1522 188 1939 146 1562 31 521 136 1467 219 2215 220 2228 140 1509 234 2352 178 1849 210 2140 204 2082 3 272 51 704 36 571 137 1477
105 20 1626 194 1993 147 1565 101 1154 79 959 107 1208 97 1118 204 2079 5 287 250 2500 169 1771 175 1819 36 568 52 713 143 1530 41 611 178 1845 78 952 193 1984 220 2225 181 1878
106 20 1633 186 1920 168 1760 171 1781 117 1297 38 584 126 1384 90 1057 204 2080 97 1120 53 719 187 1929 99 1133 177 1837 199 2038 30 515 1 252 215 2179 137 1475 130 1415 189 1951
107 20 1427 236 2373 120 1327 72 898 38 587 33 544 150 1594 180 1868 174 1815 88 1038 15 377 223 2252 32 535 10 333 169 1771 102 1165 22 447 183 1889 137 1477 237 2376 132 1438
108 20 1596 45 648 140 1505 129 1409 155 1644 98 1128 138 1484 238 2391 165 1733 216 2194 63 810 143 1530 5 293 91 1068 85 1009 94 1091 106 1201 83 995 156 1653 215 2181 150 1594
109 20 1204 173 1799 32 534 13 359 199 2039 78 950 38 586 180 1866 47 665 85 1007 221 2239 16 391 244 2439 63 814 222 2245 24 459 40 604 155 1640 37 575 27 487 74 916
110 20 1375 129 1404 247 2465 212 2158 97 1120 51 702 1 257 247 2466 24 458 28 502 17 395 79 957 45 650 163 1717 102 1160 215 2183 83 989 77 935 156 1649 100 1143 186 1924
111 20 1354 44 638 111 1243 220 2222 39 598 128 1400 72 892 84 1002 1 251 167 1749 168 1757 120 1324 127 1387 112 1251 239 2393 38 586 85 1015 126 1378 69 871 121 1336 97 1120
112 20 1637 90 1060 38 590 91 1061 134 1451 215 2180 84 999 55 744 249 2491 98 1125 207 2113 133 1439 186 1917 124 1359 90 1058 230 2315 5 294 112 1255 203 2074 10 332 211 2148
113 20 1629 163 1709 94 1096 178 1845 174 1814 147 1567 179 1856 143 1536 55 738 75 919 95 1100 1 254 39 600 199 2034 91 1068 143 1530 214 2170 178 1847 214 2172 95 1099 46 659
114 20 1441 91 1068 70 880 136 1470 244 2441 179 1855 44 646 162 1705 111 1242 227 2287 234 2354 235 2358 125 1372 35 558 21 438 56 747 114 1276 108 1217 86 1020 31 524 31 528
115 20 1785 249 2491 156 1650 179 1858 105 1192 153 1626 73 904 157 1661 168 1758 125 1367 222 2248 63 814 188 1940 145 1553 213 2162 41 617 81 977 118 1311 169 1767 224 2265 124 1358
116 20 1544 31 523 104 1182 226 2281 224 2259 249 2490 248 2479 75 920 131 1421 6 302 63 811 90 1055 58 771 87 1027 62 801 116 1286 60 785 130 1414 194 1989 211 2149 76 928
117 20 1580 120 1325 91 1062 226 2281 215 2180 151 1609 54 734 191 1969 199 2036 108 1218 18 407 206 2097 77 942 224 2261 52 711 40 603 122 1345 36 567 109 1231 241 2418 109 1225
118 20 1538 186 1916 175 1823 205 2091 118 1305 118 1305 62 804 46 663 78 946 147 1565 222 2247 19 414 150 1598 2 265 109 1226 160 1682 76 933 163 1713 136 1474 222 2247 101 1157
119 20 1534 180 1864 63 810 227 2285 160 1685 60 782 81 971 231 2327 246 2461 107 1206 73 899 134 1454 10 338 76 933 161 1699 190 1955 70 872 1 251 23 450 64 818 207 2109
120 20 1782 185 1909 195 2004 40 610 108 1218 14 373 45 651 244 2444 189 1947 173 1801 193 1979 95 1105 178 1849 120 1324 107 1209 206 2102 215 2180 66 839 99 1141 184 1904 161 1695
121 20 1235 94 1091 67 849 143 1535 215 2182 41 616 88 1038 237 2378 99 1139 58 770 21 435 195 2005 8 318 233 2344 89 1045 223 2250 8 318 31 522 32 530 31 523 90 1058
122 20 1603 237 2383 72 897 248 2478 202 2065 59 774 112 1250 250 2493 227 2292 60 787 134 1456 182 1883 177 1843 161 1694 5 288 20 423 167 1745 28 495 11 343 240 2405 41 617
123 20 1707 131 1425 58 770 220 2230 147 1571 167 1746 213 2165 71 885 249 2486 245 2455 58 767 216 2186 191 1963 163 1713 65 828 205 2089 106 1200 45 647 56 749 91 1067 62 802
124 20 1464 34 550 112 1250 3 273 143 1530 140 1506 119 1319 67 848 105 1195 121 1338 162 1706 152 1612 29 511 141 1511 129 1406 234 2352 69 869 7 312 223 2253 158 1668 145 1554
125 20 1523 5 294 67 852 122 1344 186 1919 98 1130 106 1199 174 1810 83 991 227 2285 165 1732 194 1989 163 1712 96 1109 138 1492 46 661 155 1637 184 1904 46 663 37 575 112 1250
126 20 1707 127 1390 231 2329 226 2279 78 950 171 1784 89 1051 116 1290 98 1125 239 2398 32 531 115 1280 150 1593 50 699 136 1471 90 1058 220 2225 195 2004 56 754 118 1309 111 1248
127 20 1159 134 1452 232 2335 148 1579 174 1810 3 277 137 1480 55 744 40 604 119 1317 145 1547 137 1476 85 1007 46 662 73 899 31 524 19 417 39 595 148 1580 85 1007 26 477
128 20 1527 190 1955 31 525 208 2121 78 951 58 770 126 1380 25 475 84 999 109 1228 54 731 39 598 77 937 114 1268 203 2071 212 2156 172 1790 210 2135 57 757 213 2162 122 1344
129 20 1365 31 527 25 471 103 1169 109 1223 13 366 196 2011 166 1736 158 1664 69 869 106 1202 155 1641 9 326 169 1770 34 551 229 2311 226 2279 38 585 90 1058 183 1891 21 439
130 20 1549 236 2371 198 2029 161 1691 204 2084 232 2337 18 408 108 1218 37 579 70 872 221 2235 8 316 95 1099 24 464 31 525 148 1581 59 775 170 1772 47 667 234 2352 201 2055
131 20 1988 244 2439 230 2316 185 1908 41 619 93 1082 158 1667 199 2041 159 1677 115 1283 229 2306 158 1664 3 270 187 1931 193 1987 172 1791 17 396 250 2494 162 1708 192 1973 113 1260
132 20 1467 169 1769 149 1586 44 645 67 846 215 2181 25 473 35 559 190 1952 123 1355 236 2372 248 2476 94 1092 36 570 101 1151 125 1370 88 1040 25 469 209 2130 154 1634 21 437
133 20 1750 249 2487 201 2058 225 2274 120 1329 89 1044 83 993 98 1130 181 1877 181 1872 39 597 178 1844 14 373 237 2375 190 1957 208 2120 196 2011 126 1380 59 773 26 477 201 2052
134 20 1448 33 544 243 2435 109 1230 74 912 107 1206 149 1589 84 1004 217 2195 66 836 51 707 240 2409 121 1338 45 652 68 860 119 1320 89 1044 227 2291 121 1337 15 381 156 1653
135 20 1550 241 2411 42 622 79 958 25 472 202 2068 204 2082 38 587 155 1644 26 483 200 2045 75 918 200 2044 3 273 189 1951 139 1498 249 2489 16 389 217 2198 34 550 74 912
136 20 1636 23 455 111 1241 67 845 53 726 159 1680 250 2493 228 2294 238 2386 17 398 15 379 26 481 207 2107 219 2221 23 449 213 2161 128 1397 238 2389 231 2321 245 2447 21 437
137 20 1527 225 2272 80 966 191 1963 93 1084 187 1931 29 506 12 351 166 1736 140 1505 239 2400 204 2083 47 670 67 850 7 305 64 823 223 2253 157 1656 167 1748 49 690 140 1504
138 20 1377 135 1464 131 1421 159 1681 2 260 180 1865 37 580 122 1346 86 1021 223 2251 15 384 191 1966 88 1041 82 988 103 1174 99 1135 205 2094 60 783 173 1802 34 551 162 1704
139 20 1653 97 1122 234 2351 85 1014 27 489 58 770 63 813 174 1814 167 1751 216 2192 85 1009 146 1562 94 1093 217 2196 87 1032 144 1545 106 1199 245 2452 201 2051 13 363 186 1922
140 20 1679 243 2430 241 2411 208 2122 176 1831 103 1169 135 1457 50 698 128 1402 79 961 34 555 14 373 70 878 59 775 71 881 186 1918 2 266 243 2435 151 1602 198 2029 239 2394
141 20 1682 106 1204 75 924 70 873 180 1867 168 1756 214 2168 209 2125 165 1727 222 2243 39 597 95 1103 140 1504 238 2386 168 1757 146 1558 37 579 73 900 41 614 127 1392 227 2288
142 20 1709 160 1683 19 416 34 555 114 1269 10 336 193 1982 236 2371 219 2213 162 1708 194 1990 242 2420 214 2176 126 1376 113 1264 122 1341 138 1486 149 1591 92 1072 5 290 134 1455
143 20 1519 244 2446 26 484 245 2452 236 2366 148 1582 168 1759 19 420 165 1730 99 1137 61 794 191 1967 54 735 204 2081 241 2415 118 1308 47 667 61 792 99 1134 8 320 69 867
144 20 1387 18 407 10 339 71 888 53 722 29 511 137 1480 178 1850 40 605 150 1592 242 2420 216 2192 161 1693 126 1380 61 795 2 264 102 1160 122 1343 33 544 245 2448 189 1946
145 20 1569 215 2177 59 776 59 779 197 2019 203 2072 198 2026 53 720 53 721 85 1010 204 2080 4 280 135 1464 54 728 74 915 114 1268 219 2220 130 1420 234 2348 24 465 223 2251
146 20 1604 155 1645 234 2352 105 1194 34 552 236 2366 177 1839 226 2282 10 337 149 1591 47 673 177 1843 157 1663 229 2303 45 650 96 1108 101 1156 37 575 194 1994 197 2023 39 598
147 20 1449 206 2103 74 914 154 1635 200 2047 135 1461 135 1457 122 1344 32 536 10 336 34 549 143 1529 123 1349 227 2286 82 987 177 1841 99 1136 46 657 17 400 88 1035 141 1518
148 20 1779 155 1644 31 528 175 1820 47 666 155 1638 72 895 39 600 237 2380 162 1708 175 1821 249 2491 169 1766 157 1663 202 2067 152 1613 145 1550 190 1958 120 1330 223 2249 24 466
149 20 1962 174 1808 181 1877 233 2342 115 1284 203 2070 142 1525 148 1582 210 2132 105 1191 20 429 158 1664 112 1255 90 1058 143 1529 221 2239 160 1682 195 2001 103 1169 197 2015 154 1629
150 20 1624 142 1521 173 1804 31 529 227 2287 52 717 128 1400 204 2082 228 2294 102 1168 200 2043 33 545 226 2281 137 1475 176 1826 62 804 130 1419 142 1521 108 1221 4 283 127 1389
151 20 1644 180 1864 239 2395 132 1435 6 301 111 1246 223 2255 197 2019 30 514 184 1904 85 1009 196 2007 243 2430 121 1336 70 877 138 1487 90 1060 178 1848 131 1428 75 922 75 921
152 20 1512 11 342 233 2347 96 1108 235 2361 127 1386 203 2070 193 1980 243 2430 1 256 140 1502 166 1742 42 620 26 476 174 1815 37 583 190 1960 108 1219 197 2018 57 759 11 347
153 20 1361 96 1112 52 716 111 1243 20 428 162 1704 31 525 221 2238 182 1883 4 281 100 1147 101 1151 204 2085 140 1506 137 1477 78 949 221 2233 101 1154 25 469 65 835 117 1297
154 20 1350 120 1324 154 1633 195 2005 34 551 115 1282 97 1121 59 774 78 947 115 1279 151 1602 164 1718 100 1150 58 768 175 1825 108 1217 29 510 50 693 153 1625 106 1204 140 1504
155 20 1593 115 1282 140 1505 206 2103 39 594 212 2152 89 1043 239 2399 1 251 156 1650 240 2410 113 1265 20 430 21 435 219 2216 65 829 147 1565 17 400 227 2288 101 1153 169 1770
156 20 1508 201 2054 116 1286 32 537 198 2028 71 887 76 928 101 1153 24 464 35 564 238 2389 6 304 21 437 162 1708 48 678 130 1417 173 1803 226 2280 217 2198 192 1978 181 1876
157 20 1489 80 962 40 610 29 503 228 2302 8 321 115 1284 175 1818 218 2212 183 1891 55 737 86 1019 123 1352 103 1170 161 1699 58 769 70 873 166 1742 172 1790 119 1313 159 1678
158 20 1479 178 1848 187 1929 43 637 82 988 107 1205 164 1725 63 816 122 1343 96 1111 89 1045 239 2401 62 800 70 874 240 2406 72 892 118 1310 80 966 197 2023 160 1689 18 405
159 20 1621 201 2052 119 1317 186 1920 174 1810 62 808 1 255 150 1599 190 1960 31 527 197 2017 127 1386 78 945 154 1633 58 769 238 2387 182 1888 133 1447 92 1077 30 519 168 1754
160 20 1969 48 676 245 2452 244 2440 217 2197 11 341 210 2138 143 1535 227 2285 248 2479 174 1813 72 890 194 1989 199 2037 200 2050 228 2300 78 948 36 574 118 1304 166 1742 33 539
161 20 1209 159 1681 14 373 36 569 199 2040 190 1959 183 1893 29 504 45 647 198 2032 22 444 250 2498 21 432 29 505 66 841 11 346 77 939 90 1058 208 2114 69 865 15 382
162 20 1286 168 1755 152 1616 239 2400 195 1998 2 267 124 1361 45 654 60 786 247 2467 198 2025 103 1174 56 753 115 1283 92 1076 29 503 60 785 88 1035 1 255 32 531 11 349
163 20 1439 7 310 65 833 10 332 16 391 196 2013 151 1608 235 2362 145 1549 71 886 250 2499 13 361 100 1143 217 2196 77 938 145 1550 109 1225 167 1746 122 1342 107 1206 149 1584
164 20 1773 192 1973 241 2418 178 1847 77 943 12 358 31 524 72 896 200 2042 202 2061 232 2338 175 1820 152 1618 170 1775 206 2100 187 1931 39 601 203 2071 195 2003 80 968 55 739
165 20 1277 130 1412 138 1488 41 613 52 710 126 1382 11 349 163 1712 173 1802 63 814 138 1488 68 856 62 808 9 324 143 1533 51 709 41 618 195 1999 79 959 189 1946 100 1150
166 20 1870 249 2491 110 1236 244 2443 174 1810 23 449 229 2308 192 1970 82 980 96 1114 215 2182 229 2310 215 2179 183 1889 49 684 13 363 165 1735 239 2397 70 874 80 967 210 2136
167 20 1427 3 272 192 1971 86 1021 20 429 51 708 142 1522 182 1888 206 2103 112 1258 142 1525 77 941 129 1406 88 1040 190 1953 190 1960 48 679 156 1649 93 1082 154 1630 84 1004
168 20 2058 195 2003 102 1163 226 2278 226 2279 175 1822 244 2440 73 899 205 2095 190 1954 182 1883 112 1252 179 1855 246 2464 24 459 233 2341 59 780 132 1430 201 2053 150 1595 51 706
169 20 1829 169 1763 83 990 230 2317 196 2006 159 1679 228 2301 28 497 37 578 170 1779 28 497 117 1295 202 2068 71 882 242 2424 200 2046 15 378 179 1855 219 2215 131 1425 204 2083
170 20 1803 220 2229 242 2426 174 1816 240 2404 159 1677 26 482 114 1273 169 1770 54 732 215 2177 19 419 40 606 224 2259 82 980 22 440 246 2460 230 2320 19 419 235 2358 109 1224
171 20 1819 150 1593 21 436 165 1730 160 1684 161 1696 135 1458 127 1385 28 495 128 1397 216 2187 180 1866 125 1370 219 2214 108 1220 27 489 143 1534 217 2197 127 1389 217 2200 236 2373
172 20 1573 73 903 95 1098 133 1440 205 2088 134 1454 45 648 191 1966 139 1501 145 1550 183 1894 201 2059 114 1273 184 1905 39 598 15 381 192 1973 201 2057 62 804 128 1395 1 259
173 20 1358 192 1975 43 629 170 1773 12 357 8 320 208 2120 228 2296 238 2388 64 824 12 355 42 627 2 264 207 2111 21 435 116 1288 105 1194 157 1658 185 1910 40 604 210 2135
174 20 1345 187 1930 225 2272 147 1573 50 698 65 831 161 1698 70 874 114 1276 106 1198 20 423 134 1451 93 1083 26 484 180 1870 213 2166 52 717 64 826 104 1182 101 1157 94 1093
175 20 1408 119 1318 136 1474 162 1701 188 1941 156 1654 89 1046 51 701 42 623 79 961 202 2061 155 1640 35 558 109 1228 17 402 122 1340 229 2303 66 837 28 502 208 2115 60 788
176 20 1290 14 368 14 370 240 2410 60 789 60 788 40 610 167 1750 81 971 237 2382 24 459 119 1313 46 662 177 1838 55 737 226 2276 53 725 34 554 152 1612 212 2155 75 917
177 20 1936 227 2289 207 2113 237 2382 151 1606 73 907 37 582 215 2181 39 595 201 2054 116 1289 75 922 225 2273 150 1599 166 1739 27 490 204 2081 207 2109 179 1853 226 2276 178 1850
178 20 1779 15 383 58 767 158 1672 235 2359 174 1813 92 1070 200 2047 39 597 197 2023 224 2263 219 2221 134 1450 22 440 150 1596 121 1336 197 2017 211 2144 37 579 142 1523 188 1938
179 20 1767 108 1219 111 1241 221 2237 51 709 241 2413 103 1172 47 668 38 588 200 2046 218 2206 115 1281 212 2158 184 1899 149 1588 118 1311 169 1764 187 1933 243 2432 20 430 111 1243
180 20 1821 48 681 143 1533 35 561 56 746 236 2369 102 1166 137 1476 99 1135 153 1621 232 2337 72 897 175 1821 74 914 177 1837 244 2442 221 2238 69 866 218 2209 108 1220 218 2211
181 20 1742 3 271 1 259 235 2361 100 1147 81 977 154 1633 238 2386 241 2413 212 2153 59 778 158 1671 156 1648 48 674 167 1750 193 1985 203 2072 186 1920 244 2438 37 582 99 1137
182 20 1657 249 2491 95 1100 180 1867 50 698 128 1397 228 2295 65 828 69 864 98 1125 166 1743 17 395 17 395 166 1739 245 2451 143 1531 29 511 229 2307 245 2454 179 1855 6 301
183 20 1616 188 1934 47 667 201 2051 212 2154 59 780 55 745 239 2393 200 2045 3 270 134 1448 225 2271 38 590 153 1624 68 861 203 2070 130 1412 175 1824 60 784 93 1087 112 1256
184 20 1646 201 2057 163 1717 221 2234 5 295 236 2366 225 2275 141 1513 200 2047 16 390 154 1630 41 612 80 966 46 664 12 356 39 601 218 2208 234 2351 152 1617 82 988 128 1398
185 20 1386 76 931 13 366 66 844 34 555 72 892 229 2307 22 443 81 974 147 1569 150 1594 187 1931 116 1294 236 2366 68 860 200 2047 128 1400 112 1250 159 1679 57 756 45 654
186 20 1621 177 1838 209 2130 122 1348 118 1310 150 1599 167 1745 13 359 193 1979 19 415 240 2406 210 2134 149 1589 58 765 42 626 168 1755 106 1197 79 960 40 605 242 2423 106 1203
187 20 1643 250 2494 133 1445 103 1176 9 325 66 842 59 774 25 472 71 884 196 2013 193 1987 55 745 190 1952 115 1278 145 1549 250 2493 76 931 87 1027 196 2006 234 2349 205 2087
188 20 1826 124 1360 147 1572 68 860 224 2261 5 289 220 2224 202 2061 204 2082 101 1151 233 2340 152 1614 184 1900 43 637 22 440 132 1432 95 1098 226 2284 140 1507 171 1788 221 2232
189 20 1627 120 1323 230 2316 26 482 192 1974 175 1824 196 2006 12 352 150 1596 199 2041 46 659 69 864 193 1986 66 839 70 875 130 1414 187 1930 63 814 226 2280 22 448 153 1623
190 20 1473 101 1158 178 1850 90 1058 176 1828 20 425 89 1045 31 528 204 2082 136 1474 247 2473 75 921 19 418 86 1019 171 1789 185 1911 13 367 172 1796 212 2150 15 384 216 2188
191 20 1504 154 1629 26 476 134 1453 64 822 75 920 219 2221 199 2036 116 1293 119 1315 162 1708 205 2088 112 1253 167 1751 27 487 159 1677 20 426 159 1674 244 2439 57 760 64 821
192 20 1964 20 423 119 1321 62 805 227 2288 156 1654 206 2099 164 1726 174 1808 90 1057 212 2158 239 2395 116 1290 207 2108 178 1844 202 2065 101 1154 247 2467 14 369 136 1473 180 1869
193 20 1592 224 2263 166 1736 165 1735 183 1894 42 625 106 1197 58 764 203 2074 126 1378 158 1668 153 1626 138 1486 11 343 32 530 238 2384 1 255 48 677 33 544 218 2208 184 1899
194 20 1489 73 903 6 297 228 2299 213 2167 74 910 154 1631 95 1103 39 598 99 1139 155 1645 3 277 125 1374 109 1226 153 1621 93 1084 188 1935 110 1233 181 1879 46 661 157 1661
195 20 1524 205 2093 67 849 143 1537 244 2442 174 1811 63 813 250 2500 94 1088 134 1449 114 1274 12 357 231 2329 31 524 126 1381 46 656 25 475 124 1361 87 1026 14 371 202 2064
196 20 1706 206 2103 30 517 215 2183 112 1258 41 619 161 1699 192 1973 155 1641 245 2452 100 1150 182 1883 69 870 118 1310 170 1780 155 1637 209 2128 98 1131 235 2360 59 775 58 767
197 20 1376 94 1091 82 982 99 1138 122 1343 12 356 139 1500 135 1465 201 2052 93 1086 190 1955 9 324 230 2320 20 428 20 428 28 499 224 2262 80 963 209 2126 133 1439 17 397
198 20 1638 25 473 226 2280 190 1957 45 651 207 2107 171 1788 218 2211 242 2421 83 995 77 935 43 637 142 1525 80 964 26 479 232 2338 235 2358 6 299 13 360 221 2236 91 1062
199 20 1352 160 1686 163 1715 67 851 122 1348 240 2409 39 596 19 421 126 1380 74 916 42 628 208 2122 36 572 92 1076 57 761 213 2163 45 652 62 802 164 1726 75 917 93 1080
200 20 1368 71 889 49 687 75 925 125 1369 47 671 146 1561 198 2028 212 2155 143 1530 162 1708 204 2079 47 667 21 431 42 626 50 693 99 1137 228 2299 72 898 92 1073 140 1508
201 20 1454 230 2313 29 510 154 1629 139 1497 22 448 153 1625 25 467 125 1368 197 2020 86 1016 172 1794 211 2146 89 1045 111 1248 33 543 214 2172 24 464 17 403 70 873 177 1840
202 20 1329 32 532 226 2282 218 2208 65 831 113 1264 23 449 130 1415 86 1018 72 890 107 1205 75 921 102 1168 81 971 210 2139 93 1086 123 1354 29 507 83 994 165 1732 174 1811
203 20 1475 89 1050 193 1983 100 1144 33 542 17 402 194 1988 225 2275 232 2334 226 2282 35 564 17 399 42 628 154 1635 214 2172 35 565 140 1504 127 1386 90 1056 156 1649 30 517
204 20 1656 230 2313 215 2185 163 1713 92 1071 190 1955 200 2050 129 1403 91 1062 222 2246 21 439 245 2449 238 2392 55 737 13 365 186 1921 18 405 28 496 24 464 139 1493 237 2380
205 20 1628 72 898 90 1054 102 1165 235 2361 162 1707 64 821 206 2096 59 781 19 419 200 2048 236 2368 189 1943 145 1554 138 1484 179 1855 55 739 135 1457 138 1489 195 1999 12 356
206 20 1588 242 2422 156 1653 92 1070 90 1060 158 1668 98 1125 236 2372 159 1681 94 1093 143 1531 45 653 67 845 110 1235 118 1310 192 1974 163 1714 222 2244 85 1010 28 501 33 547
207 20 1443 159 1674 190 1955 205 2095 145 1547 234 2349 3 271 22 443 160 1688 113 1260 134 1454 23 451 23 450 74 915 24 462 52 711 38 586 108 1221 141 1515 209 2130 164 1718
208 20 1320 189 1947 131 1428 173 1800 45 649 211 2146 22 440 53 721 17 401 48 674 88 1034 54 731 120 1323 215 2180 36 574 213 2160 40 610 230 2314 32 538 40 607 213 2163
209 20 1194 131 1429 65 827 37 577 30 513 204 2082 54 736 45 648 107 1205 69 865 22 444 202 2064 95 1101 102 1167 60 782 97 1118 64 819 159 1677 230 2316 20 423 75 920
210 20 1665 177 1841 139 1500 244 2446 145 1554 66 844 208 2121 36 568 171 1785 30 512 203 2069 154 1635 23 449 95 1097 179 1859 196 2011 249 2491 95 1102 115 1281 140 1510 16 386
211 20 1530 51 701 65 829 54 734 146 1556 203 2071 216 2194 226 2278 119 1319 151 1608 47 670 195 1999 78 948 196 2009 193 1987 161 1693 20 430 142 1527 156 1649 23 456 109 1223
212 20 1352 16 393 20 428 119 1314 42 627 31 526 201 2052 151 1606 112 1252 222 2246 17 403 217 2198 53 720 8 318 107 1209 152 1612 159 1678 43 633 220 2226 155 1642 191 1963
213 20 1461 146 1557 130 1417 132 1433 237 2376 173 1802 3 273 18 405 52 716 87 1027 54 735 207 2113 86 1024 18 407 90 1058 163 1713 205 2087 59 781 149 1588 143 1534 144 1542
214 20 1731 235 2361 58 767 161 1695 48 681 233 2340 226 2278 133 1445 215 2181 47 665 133 1442 59 776 22 440 204 2083 240 2402 173 1805 187 1926 210 2133 55 741 10 333 105 1195
215 20 1724 119 1316 88 1035 146 1557 34 550 53 722 233 2344 94 1094 116 1294 250 2497 66 842 210 2135 69 865 247 2467 23 452 20 424 183 1896 241 2417 214 2173 192 1970 138 1491
216 20 1764 113 1259 154 1628 106 1197 69 864 202 2061 98 1126 31 523 116 1286 166 1740 232 2333 161 1698 97 1118 87 1028 161 1696 224 2262 205 2093 162 1707 173 1801 169 1769 53 723
217 20 1314 137 1477 26 476 85 1009 176 1834 63 811 66 840 246 2463 52 717 116 1287 24 465 83 989 120 1325 34 552 100 1149 34 550 94 1091 146 1563 189 1947 91 1063 197 2015
218 20 1574 234 2349 77 942 216 2190 171 1781 92 1074 99 1138 242 2426 243 2434 145 1552 127 1389 33 542 19 418 214 2173 242 2426 113 1265 158 1665 29 506 61 792 70 874 2 262
219 20 1563 213 2165 212 2154 66 838 172 1790 230 2316 35 563 117 1301 73 901 25 470 231 2321 187 1930 13 364 236 2371 25 475 34 550 24 464 132 1435 247 2470 163 1715 164 1726
220 20 1279 45 653 82 980 90 1052 21 436 86 1023 101 1157 229 2311 198 2032 78 949 245 2451 232 2334 97 1116 4 281 120 1330 102 1163 89 1044 182 1885 28 501 21 431 83 994
221 20 1311 43 633 27 489 72 896 139 1495 98 1130 75 921 42 620 153 1619 193 1981 168 1755 119 1321 117 1299 149 1585 240 2403 74 913 171 1783 59 781 87 1026 30 518 79 953
222 20 1788 250 2496 29 509 147 1572 222 2247 54 728 197 2020 196 2010 26 476 208 2118 183 1891 114 1270 67 851 93 1082 47 673 143 1535 220 2224 135 1465 135 1464 212 2151 106 1200
223 20 1452 153 1623 139 1495 112 1254 86 1023 74 915 59 778 90 1059 65 831 179 1856 96 1114 237 2382 82 985 189 1950 102 1168 55 740 128 1398 165 1732 167 1748 8 320 229 2305
224 20 1606 142 1523 234 2352 247 2470 46 660 125 1367 110 1238 108 1215 44 645 190 1955 246 2457 224 2262 63 816 122 1345 139 1493 45 647 244 2438 11 347 103 1177 61 799 17 399
225 20 1722 66 842 81 979 211 2142 62 805 131 1424 243 2431 128 1396 82 985 198 2027 219 2214 96 1107 248 2480 129 1410 204 2085 43 631 247 2468 26 481 134 1455 53 720 176 1833
226 20 1976 183 1890 114 1273 33 541 101 1156 248 2477 248 2476 220 2224 105 1188 157 1663 204 2084 111 1246 109 1226 38 589 175 1817 153 1623 236 2370 51 701 76 931 237 2375 246 2462
227 20 1400 130 1415 37 578 15 385 4 286 43 629 47 673 244 2438 51 708 133 1447 222 2242 81 979 133 1447 193 1982 144 1541 79 954 168 1762 191 1966 118 1305 87 1026 205 2094
228 20 1152 12 352 171 1788 119 1320 155 1638 67 853 137 1483 98 1129 35 565 116 1291 146 1560 4 281 229 2307 173 1803 98 1132 161 1697 36 573 71 881 7 305 2 263 79 956
229 20 1822 200 2050 192 1976 173 1800 220 2227 202 2063 191 1963 238 2385 21 438 37 579 80 966 145 1549 142 1523 228 2295 158 1670 18 408 200 2044 19 417 135 1463 36 568 245 2450
230 20 1493 43 633 127 1386 100 1146 6 303 198 2032 211 2145 5 292 201 2052 145 1554 80 966 70 877 84 1002 71 887 122 1340 181 1879 223 2255 196 2006 74 913 21 438 233 2347
231 20 1434 146 1556 240 2405 34 552 30 515 38 586 179 1858 191 1964 10 333 242 2421 110 1232 167 1748 172 1795 219 2214 25 469 57 757 124 1361 9 323 167 1748 26 478 85 1014
232 20 1628 139 1496 155 1638 144 1541 156 1647 200 2048 59 777 183 1896 237 2375 200 2047 65 830 150 1592 190 1954 123 1349 10 335 7 309 210 2133 203 2072 14 370 77 935 115 1281
233 20 1387 88 1039 100 1150 100 1144 76 929 164 1725 179 1859 8 316 114 1276 129 1407 24 463 176 1829 200 2043 13 363 28 499 143 1534 229 2311 131 1422 15 385 51 703 247 2468
234 20 1699 149 1584 238 2384 95 1097 170 1773 68 862 198 2024 63 817 21 434 164 1721 230 2316 79 957 50 692 245 2448 171 1782 155 1638 109 1224 3 274 218 2211 217 2199 181 1872
235 20 1573 60 786 113 1265 131 1421 119 1318 29 506 244 2442 214 2176 171 1788 99 1137 168 1757 24 466 203 2069 214 2171 13 366 51 703 194 1991 201 2053 92 1072 62 800 183 1897
236 20 1516 17 403 60 782 148 1580 80 962 136 1473 190 1959 214 2174 155 1641 35 559 138 1488 184 1906 242 2420 167 1746 28 499 81 977 146 1564 162 1708 95 1101 27 488 40 610
237 20 1589 53 726 181 1872 155 1642 188 1939 29 509 138 1488 62 801 228 2300 162 1704 67 849 49 686 123 1350 12 355 178 1849 215 2180 118 1306 209 2126 107 1213 225 2270 22 443
238 20 1730 37 575 209 2126 223 2255 243 2434 177 1840 73 900 102 1167 132 1438 45 652 129 1410 57 756 21 436 241 2412 105 1194 16 393 223 2250 165 1731 164 1718 242 2427 231 2326
239 20 1845 208 2122 228 2302 25 468 151 1605 55 741 104 1182 17 395 241 2412 240 2404 188 1938 230 2317 71 889 153 1627 122 1340 150 1596 240 2403 111 1244 177 1836 208 2122 123 1356
240 20 1750 16 390 129 1404 71 889 148 1580 209 2124 248 2481 249 2484 32 530 81 976 81 976 25 467 240 2406 112 1255 204 2086 218 2207 210 2134 60 787 121 1334 217 2198 55 743
241 20 1379 120 1328 171 1785 131 1426 138 1490 190 1958 6 303 189 1947 118 1309 77 939 11 349 55 741 114 1275 51 701 121 1331 23 455 154 1631 144 1546 89 1050 100 1143 215 2185
242 20 2036 170 1779 127 1385 161 1691 226 2278 125 1373 149 1589 229 2306 117 1298 110 1235 33 545 140 1502 173 1803 81 979 164 1719 126 1382 130 1412 238 2390 238 2389 217 2199 239 2395
243 20 1624 249 2484 71 882 233 2344 241 2419 248 2474 49 685 16 390 41 617 166 1740 13 363 128 1398 101 1159 8 318 101 1153 9 329 232 2338 152 1613 221 2233 249 2487 36 571
244 20 1050 53 722 103 1170 19 421 39 594 27 493 186 1921 37 578 34 552 12 356 11 346 239 2395 192 1978 12 356 246 2463 75 920 162 1703 56 748 41 617 120 1327 52 714
245 20 1392 65 834 234 2354 216 2194 155 1638 33 540 186 1923 101 1159 26 484 19 421 20 430 230 2315 247 2466 40 602 74 915 147 1573 81 974 28 501 19 418 231 2327 158 1670
246 20 1790 72 892 22 441 58 767 250 2492 46 660 151 1601 223 2253 16 390 105 1195 223 2254 169 1770 116 1287 241 2416 60 788 203 2069 136 1473 125 1370 234 2356 172 1796 192 1972
247 20 1775 206 2100 73 901 229 2307 230 2317 12 355 242 2421 128 1398 124 1365 212 2154 82 986 196 2006 223 2257 98 1126 67 848 92 1072 203 2074 36 567 194 1989 102 1166 90 1053
248 20 1287 68 862 5 289 164 1718 24 464 96 1107 190 1954 90 1052 215 2185 141 1518 242 2421 123 1350 41 611 186 1917 120 1323 24 461 113 1261 122 1346 4 278 5 291 166 1736
249 20 1773 247 2470 130 1412 59 781 100 1145 137 1475 213 2163 236 2370 70 873 153 1627 200 2044 163 1712 79 957 68 854 240 2406 123 1351 30 516 86 1018 40 606 222 2244 232 2338
250 20 1758 171 1783 39 595 226 2276 138 1485 157 1663 176 1832 22 441 76 934 208 2114 170 1778 121 1333 106 1203 245 2449 93 1085 133 1441 68 856 202 2063 238 2386 89 1043 227 2288
251 20 1291 192 1974 13 366 108 1218 76 929 139 1493 7 310 39 601 177 1839 193 1980 100 1142 123 1350 206 2097 185 1915 249 2483 28 494 15 377 174 1813 13 367 3 271 98 1124
252 20 1577 84 998 193 1984 155 1645 157 1657 228 2296 173 1805 40 608 149 1588 209 2129 12 352 242 2427 6 301 6 301 161 1697 131 1427 79 957 145 1554 184 1899 171 1785 60 788
253 20 1351 242 2424 36 573 91 1066 224 2264 190 1958 135 1465 227 2285 70 874 29 508 144 1543 74 914 213 2165 10 340 81 972 101 1154 67 852 41 619 46 661 119 1321 93 1082
254 20 1391 58 765 216 2187 238 2391 66 839 85 1015 177 1841 1 251 235 2359 3 274 129 1405 70 875 197 2015 136 1466 31 524 19 415 138 1486 47 672 66 843 237 2378 131 1429
255 20 1854 174 1816 226 2279 200 2047 235 2364 37 582 21 434 173 1804 244 2442 97 1115 211 2145 243 2432 121 1334 158 1666 209 2129 39 597 244 2443 51 706 40 603 73 906 97 1115
256 20 1447 104 1178 8 318 82 988 28 499 180 1863 45 648 69 864 191 1968 112 1250 98 1129 46 660 58 765 248 2480 96 1114 133 1443 181 1875 62 806 226 2276 101 1155 169 1763
257 20 1538 61 793 128 1395 145 1549 60 788 233 2346 13 359 117 1303 165 1733 12 350 142 1520 224 2260 6 299 133 1447 95 1099 101 1151 189 1943 178 1852 161 1698 133 1444 104 1185
258 20 1556 173 1802 117 1303 240 2403 28 500 12 351 36 570 198 2024 37 577 114 1268 92 1076 189 1946 224 2262 106 1202 157 1657 55 743 117 1302 148 1580 211 2144 191 1969 66 844
259 20 1658 180 1862 39 594 194 1989 194 1988 126 1380 68 861 161 1698 43 633 199 2038 156 1650 128 1399 82 985 182 1886 211 2142 201 2057 242 2423 166 1742 8 316 47 667 20 426
260 20 1476 139 1498 148 1575 50 698 52 711 93 1079 37 575 219 2213 171 1786 28 496 43 637 237 2378 125 1372 206 2097 248 2479 171 1788 31 521 158 1672 178 1850 43 633 26 478
261 20 1712 226 2280 103 1176 18 407 155 1645 28 497 133 1439 186 1922 186 1922 221 2236 99 1135 149 1583 69 871 44 645 192 1972 214 2168 192 1978 248 2478 35 563 194 1993 155 1644
262 20 1125 84 1004 129 1409 140 1510 131 1424 13 366 40 607 243 2432 45 653 83 994 59 777 81 979 84 1000 134 1450 238 2388 29 503 95 1104 6 298 21 435 36 571 128 1396
263 20 1456 73 905 183 1889 38 586 36 573 177 1835 113 1266 230 2312 18 404 123 1355 27 486 156 1652 122 1348 38 587 93 1081 148 1579 192 1972 171 1782 27 491 245 2452 91 1063
264 20 1667 132 1432 20 430 231 2326 141 1517 61 791 206 2099 99 1137 209 2127 134 1448 80 969 33 540 214 2176 249 2489 163 1717 132 1437 76 928 95 1097 125 1372 111 1244 215 2178
265 20 1667 147 1573 128 1394 228 2299 157 1660 51 702 9 328 11 342 192 1976 156 1648 162 1703 22 442 188 1934 118 1307 1 252 29 505 189 1951 206 2102 250 2497 123 1354 249 2484
266 20 1551 2 267 134 1448 217 2203 35 563 36 574 90 1060 45 650 45 654 97 1121 33 539 89 1048 145 1552 208 2116 233 2340 149 1591 230 2318 123 1349 170 1775 63 810 248 2482
267 20 1868 143 1532 203 2073 58 765 145 1548 122 1340 189 1949 40 602 132 1436 149 1586 181 1871 200 2048 85 1011 35 559 163 1717 228 2294 108 1222 206 2102 221 2238 238 2390 201 2052
268 20 1444 123 1356 19 416 76 928 50 700 52 715 145 1548 210 2132 12 351 132 1431 152 1615 222 2246 93 1087 223 2251 159 1676 220 2224 36 568 48 680 183 1894 45 652 196 2014
269 20 1352 129 1405 68 858 212 2154 18 404 4 283 15 377 46 663 169 1765 189 1950 91 1067 94 1090 97 1123 123 1353 125 1375 154 1634 126 1377 96 1110 131 1429 68 857 245 2453
270 20 1647 56 747 99 1136 241 2417 93 1080 62 807 207 2105 235 2363 124 1366 218 2209 34 549 116 1291 240 2410 82 984 104 1182 49 687 182 1886 221 2231 130 1419 114 1275 90 1053
271 20 1313 154 1629 180 1868 36 573 47 668 84 998 110 1239 172 1793 39 601 113 1262 98 1131 72 895 223 2253 129 1408 191 1966 110 1235 78 950 58 769 229 2306 16 388 5 295
272 20 1754 239 2400 194 1992 64 822 109 1228 242 2428 145 1547 11 347 224 2265 71 889 41 616 209 2130 162 1704 147 1571 125 1370 155 1642 138 1490 168 1762 108 1217 63 814 249 2486
273 20 1197 194 1989 120 1325 87 1030 202 2066 50 699 60 785 60 782 172 1790 19 421 35 565 98 1126 47 672 92 1076 130 1413 37 578 7 306 159 1680 44 644 195 1998 141 1519
274 20 1244 105 1191 86 1019 125 1370 123 1350 227 2291 26 483 42 626 212 2155 60 783 59 779 137 1483 57 757 34 550 149 1590 140 1510 28 497 51 709 84 1001 114 1269 106 1200
275 20 1693 34 551 18 408 246 2459 220 2226 117 1297 92 1070 148 1576 82 988 176 1832 62 803 82 980 185 1910 64 818 158 1664 88 1035 186 1917 218 2207 53 719 176 1830 240 2404
276 20 1409 199 2038 168 1759 42 624 101 1154 136 1468 21 437 183 1896 20 427 180 1862 124 1361 89 1048 115 1282 196 2008 13 362 250 2497 30 513 111 1241 33 540 23 456 160 1686
277 20 1867 69 870 135 1460 240 2408 177 1837 244 2444 14 371 182 1883 236 2367 4 286 159 1675 196 2011 171 1781 244 2438 143 1537 24 458 161 1696 230 2320 95 1101 140 1507 46 663
278 20 1736 151 1604 195 1998 172 1797 43 631 41 617 26 476 89 1049 47 666 15 382 176 1827 201 2054 211 2149 150 1594 242 2421 207 2110 77 937 193 1987 164 1719 217 2203 211 2147
279 20 1596 125 1374 193 1979 79 953 152 1617 109 1224 101 1159 236 2367 180 1869 202 2068 7 307 64 821 117 1301 160 1684 74 913 136 1470 78 950 78 950 122 1343 56 751 201 2059
280 20 1418 211 2149 248 2478 81 979 213 2164 133 1439 13 362 184 1900 31 527 164 1720 141 1513 207 2111 139 1499 6 299 78 947 56 746 52 713 231 2325 16 394 150 1595 5 295
281 20 1551 144 1544 250 2498 80 963 103 1170 116 1287 206 2104 43 630 117 1299 232 2333 242 2426 145 1547 96 1111 46 663 86 1019 17 398 168 1762 70 879 113 1262 23 457 110 1234
282 20 1645 30 518 157 1656 40 603 86 1016 4 283 188 1938 232 2334 77 941 41 611 155 1645 66 839 157 1658 124 1362 230 2316 127 1390 238 2388 68 858 142 1520 237 2377 137 1481
283 20 1606 102 1163 207 2110 43 629 212 2158 35 560 87 1031 209 2128 57 757 115 1284 98 1132 114 1270 127 1390 217 2203 179 1853 133 1443 134 1452 237 2379 122 1348 80 963 74 914
284 20 1277 25 474 200 2048 24 464 51 706 143 1534 66 844 82 983 175 1822 68 860 41 611 150 1600 94 1091 203 2070 234 2351 140 1502 2 260 8 315 149 1587 10 338 148 1581
285 20 1660 248 2476 28 501 183 1896 165 1728 74 909 247 2468 142 1528 125 1373 119 1313 40 602 177 1841 245 2452 81 977 184 1903 39 594 70 877 14 374 167 1749 145 1552 143 1531
286 20 1363 124 1365 6 301 35 561 14 371 134 1453 224 2266 138 1486 95 1105 95 1099 177 1842 135 1464 22 445 205 2088 162 1702 45 655 196 2014 88 1039 238 2384 30 518 92 1072
287 20 1324 42 624 172 1793 19 421 44 638 232 2334 180 1862 48 682 232 2337 42 621 154 1630 36 570 54 730 117 1301 113 1262 79 953 250 2497 189 1943 134 1449 43 636 18 406
288 20 1285 233 2344 205 2087 72 891 13 363 21 434 144 1546 143 1529 59 781 107 1212 14 368 81 978 201 2052 250 2497 66 842 92 1070 10 339 31 523 171 1786 121 1336 9 327
289 20 1318 85 1010 146 1562 1 256 60 784 191 1969 119 1321 30 520 246 2457 17 403 16 390 66 844 26 479 149 1583 53 722 185 1915 39 596 217 2203 125 1367 74 912 191 1965
290 20 1617 195 2003 218 2204 197 2017 101 1157 114 1276 152 1611 123 1349 105 1195 240 2404 198 2032 29 508 36 566 171 1789 105 1193 7 313 144 1539 145 1548 98 1128 18 406 165 1732
291 20 1553 174 1808 129 1407 71 884 162 1708 236 2369 89 1049 155 1643 75 925 121 1337 194 1996 125 1375 62 808 25 468 214 2171 97 1119 12 355 51 703 215 2180 218 2209 37 580
292 20 1327 96 1106 203 2074 11 344 181 1871 168 1758 39 601 24 458 10 335 198 2027 25 467 45 649 64 821 237 2380 67 851 120 1327 90 1056 47 666 236 2370 244 2445 76 934
293 20 1709 193 1986 207 2112 66 844 178 1846 53 727 24 461 202 2061 223 2254 210 2139 145 1551 184 1899 23 453 205 2092 29 508 57 760 109 1231 101 1154 106 1199 223 2254 238 2384
294 20 1485 97 1116 223 2254 18 407 51 709 189 1951 120 1322 125 1369 36 568 67 853 160 1690 57 755 115 1280 113 1264 84 999 224 2261 165 1727 10 334 192 1970 142 1527 106 1202
295 20 1707 10 337 164 1724 219 2217 14 372 134 1451 130 1414 115 1283 60 785 204 2079 11 347 193 1986 229 2304 226 2282 52 716 136 1467 199 2033 167 1745 228 2301 130 1416 56 750
296 20 1822 21 434 104 1183 234 2349 174 1811 223 2256 163 1710 104 1182 20 430 19 416 190 1954 243 2432 14 373 212 2152 126 1378 218 2209 116 1290 225 2274 142 1528 137 1482 153 1624
297 20 1360 127 1389 159 1673 44 638 88 1036 140 1508 108 1220 145 1553 50 700 41 615 2 260 101 1151 109 1228 165 1733 220 2229 54 732 4 284 98 1126 121 1333 209 2124 247 2466
298 20 1331 129 1411 125 1374 201 2058 95 1098 52 718 113 1260 131 1425 28 497 125 1368 74 916 20 422 174 1816 167 1753 41 611 68 856 160 1685 35 562 226 2282 123 1350 31 529
299 20 1258 175 1823 230 2318 88 1042 60 787 169 1765 67 853 108 1222 189 1946 143 1537 11 342 115 1281 46 658 1 253 172 1795 34 556 39 596 51 707 125 1373 143 1533 26 479
300 20 1853 126 1379 182 1885 191 1967 81 973 207 2113 241 2414 168 1754 47 668 190 1956 246 2463 32 534 10 332 159 1680 233 2347 136 1466 110 1236 43 635 178 1850 248 2476 61 799
301 20 1452 202 2067 25 474 159 1675 60 786 58 771 241 2411 114 1274 65 827 158 1667 101 1151 166 1737 41 618 44 646 201 2053 55 743 9 324 113 1260 223 2250 183 1889 136 1470
302 20 1351 68 862 120 1325 210 2140 6 299 97 1118 40 603 81 974 201 2054 150 1597 70 879 33 546 162 1706 30 519 1 253 112 1253 193 1980 220 2226 137 1476 70 877 250 2499
303 20 1374 139 1499 9 329 42 623 73 900 130 1412 94 1096 220 2222 16 391 225 2267 143 1535 151 1608 229 2311 141 1517 151 1603 93 1082 91 1065 21 437 16 389 178 1848 48 676
304 20 1682 167 1746 22 441 218 2204 63 811 199 2040 124 1363 180 1863 112 1254 236 2373 61 793 187 1925 128 1402 130 1417 233 2339 2 268 87 1031 114 1273 173 1802 191 1965 170 1774
305 20 1266 214 2168 147 1568 139 1501 249 2483 94 1093 86 1020 43 629 217 2196 10 333 11 348 15 385 26 479 1 252 223 2257 123 1352 45 653 161 1692 3 275 224 2264 53 726
306 20 1634 129 1407 126 1377 49 686 151 1606 55 739 139 1501 39 600 110 1236 18 407 144 1544 60 785 90 1054 243 2432 242 2423 174 1813 198 2028 86 1018 244 2439 76 928 174 1813
307 20 1402 38 587 4 281 87 1033 130 1418 91 1063 159 1679 57 755 43 632 204 2084 209 2130 240 2407 167 1753 13 360 214 2169 3 270 8 320 235 2364 71 885 45 649 236 2366
308 20 1070 123 1354 25 468 85 1011 30 514 190 1960 115 1283 137 1480 50 696 87 1033 11 344 119 1318 26 479 68 854 19 420 57 763 244 2445 75 917 122 1348 34 553 79 953
309 20 1519 244 2444 216 2189 108 1220 144 1546 245 2455 10 338 185 1913 238 2390 71 888 94 1088 57 757 8 317 44 639 150 1592 67 852 224 2264 19 416 195 1999 70 873 103 1171
310 20 1629 153 1619 205 2092 70 877 242 2421 44 642 104 1184 3 274 211 2143 139 1501 121 1334 123 1352 153 1626 225 2271 93 1081 221 2237 89 1044 219 2219 120 1326 132 1431 33 546
311 20 1880 187 1932 80 967 166 1741 206 2101 203 2072 132 1434 17 399 249 2484 236 2369 69 868 249 2491 8 319 226 2279 154 1633 217 2196 50 696 64 825 131 1425 44 641 217 2197
312 20 1633 126 1383 163 1713 117 1302 196 2007 115 1284 171 1786 142 1528 217 2200 36 571 92 1072 77 939 116 1287 57 755 243 2434 65 835 124 1359 1 259 187 1932 197 2016 89 1050
313 20 1497 35 563 191 1963 82 983 170 1774 62 806 191 1963 93 1084 135 1459 39 599 212 2156 34 549 39 598 132 1438 220 2224 206 2097 159 1680 39 595 66 844 225 2268 95 1104
314 20 1670 242 2426 179 1858 127 1391 120 1325 142 1521 90 1054 121 1332 131 1426 105 1188 181 1874 226 2280 189 1948 9 328 245 2447 176 1826 76 933 36 568 67 845 28 500 95 1105
315 20 1735 177 1841 178 1848 225 2274 134 1452 152 1613 104 1180 38 588 8 315 103 1172 116 1291 206 2098 198 2031 141 1514 126 1376 78 946 166 1741 224 2261 211 2149 120 1327 59 781
316 20 1911 224 2266 51 707 102 1163 149 1588 99 1134 242 2426 177 1840 191 1969 219 2213 129 1409 25 468 211 2146 196 2008 26 477 63 817 208 2119 230 2319 172 1796 198 2028 84 999
317 20 1700 22 445 15 382 117 1303 235 2357 241 2412 196 2012 147 1573 195 2004 51 709 233 2344 59 775 222 2248 90 1056 183 1889 142 1527 250 2492 95 1102 49 689 211 2149 49 684
318 20 1550 204 2083 172 1796 202 2060 213 2161 34 553 4 279 69 868 117 1295 126 1378 157 1662 221 2235 53 725 131 1423 144 1541 34 556 108 1218 68 857 10 332 249 2490 123 1357
319 20 1471 233 2345 233 2347 192 1977 100 1150 163 1717 20 430 25 467 108 1216 26 483 58 764 12 356 61 793 175 1825 172 1796 153 1627 71 885 159 1677 180 1869 30 515 145 1550
320 20 1506 143 1536 6 297 30 520 78 947 244 2441 86 1024 211 2141 200 2049 23 454 117 1297 9 328 118 1307 187 1932 198 2025 67 848 89 1048 179 1858 250 2499 201 2052 37 579
321 20 1326 52 717 134 1449 56 746 30 519 99 1140 204 2085 69 867 1 253 20 423 205 2094 240 2406 159 1681 166 1738 81 977 230 2312 198 2024 84 1004 2 260 58 769 68 859
322 20 1226 215 2179 14 368 95 1103 59 777 102 1162 199 2037 184 1903 55 744 144 1540 199 2039 236 2368 38 590 4 281 119 1321 87 1030 50 699 50 696 15 384 67 847 6 298
323 20 1602 176 1831 231 2327 33 544 35 565 58 768 192 1971 6 300 241 2419 245 2455 161 1699 34 555 111 1244 75 918 113 1264 203 2074 173 1800 15 384 127 1392 178 1848 204 2085
324 20 1740 2 261 104 1179 132 1436 25 472 213 2165 168 1758 110 1234 189 1950 58 770 217 2201 96 1112 249 2490 220 2230 117 1302 24 466 163 1716 231 2323 103 1170 106 1199 232 2331
325 20 1264 160 1686 82 988 126 1382 56 754 99 1138 150 1593 166 1742 43 632 180 1865 113 1262 2 263 30 518 116 1292 112 1254 220 2225 180 1870 11 349 36 567 108 1220 53 723
326 20 1883 142 1526 173 1802 183 1890 26 479 76 929 194 1993 235 2359 246 2464 125 1368 247 2467 154 1631 171 1788 77 938 118 1309 18 407 225 2272 168 1757 22 441 153 1627 207 2113
327 20 1729 95 1103 232 2336 67 852 57 761 239 2400 157 1657 3 276 249 2485 113 1262 179 1858 64 821 28 500 232 2337 134 1455 182 1885 244 2445 19 417 208 2115 120 1329 98 1124
328 20 1633 159 1677 45 654 211 2146 230 2317 4 283 217 2199 205 2091 122 1341 128 1397 218 2208 22 445 97 1120 15 385 30 512 179 1857 51 704 248 2476 240 2408 19 416 117 1298
329 20 1374 200 2050 168 1760 230 2316 67 846 18 410 168 1754 78 951 41 617 100 1150 194 1992 158 1664 62 805 16 389 193 1986 208 2119 134 1456 41 613 115 1281 42 627 6 298
330 20 1649 202 2063 157 1658 146 1563 81 976 67 851 76 934 239 2396 50 700 178 1851 250 2498 205 2089 38 589 62 802 68 862 158 1669 91 1064 25 469 211 2142 236 2372 24 466
331 20 1856 172 1798 86 1024 194 1991 40 603 240 2404 206 2100 148 1581 230 2313 226 2277 86 1021 90 1057 59 777 166 1741 14 368 224 2258 243 2430 122 1342 103 1172 154 1636 181 1872
332 20 1549 77 940 176 1828 193 1982 35 563 34 548 142 1528 15 384 111 1249 160 1682 158 1664 223 2251 130 1415 200 2043 128 1394 79 956 139 1497 172 1794 63 809 83 992 197 2023
333 20 1748 18 408 212 2151 218 2209 54 734 130 1413 193 1983 137 1483 225 2273 46 661 212 2154 134 1451 60 790 225 2271 167 1750 136 1474 148 1574 124 1364 213 2161 33 542 190 1959
334 20 1414 142 1523 7 311 113 1265 128 1398 37 583 44 643 234 2354 57 757 129 1408 131 1428 214 2171 81 975 222 2243 15 378 99 1138 246 2459 168 1759 230 2317 32 532 27 490
335 20 1376 146 1564 7 308 166 1737 96 1112 221 2236 5 289 27 492 242 2422 79 955 58 772 48 678 228 2299 187 1925 71 884 137 1480 85 1015 88 1037 97 1122 168 1760 62 803
336 20 1434 183 1896 205 2094 15 378 92 1071 201 2059 39 596 223 2252 65 832 43 630 165 1731 203 2072 106 1200 41 617 25 469 198 2025 50 700 190 1953 56 754 70 872 62 805
337 20 1568 234 2351 141 1512 198 2027 199 2040 151 1609 18 407 65 831 158 1664 6 302 56 753 198 2027 95 1098 55 740 229 2303 156 1648 29 506 83 994 94 1088 227 2288 104 1184
338 20 1691 43 629 113 1267 1 258 213 2161 21 436 112 1252 191 1969 178 1844 49 691 151 1601 9 329 226 2276 176 1827 163 1709 75 920 244 2445 224 2261 222 2246 152 1617 43 635
339 20 1725 214 2174 152 1616 140 1509 149 1589 142 1524 160 1686 132 1435 169 1766 18 407 175 1819 139 1498 88 1040 82 983 250 2499 8 316 85 1014 100 1143 139 1493 151 1602 178 1851
340 20 1351 240 2404 52 712 213 2160 50 697 80 964 61 797 109 1229 233 2343 210 2134 4 286 16 390 103 1171 18 404 159 1678 84 1000 92 1074 52 715 182 1888 53 725 141 1512
341 20 1172 40 605 47 666 41 615 179 1856 72 897 62 808 64 818 43 634 142 1521 49 689 36 570 19 418 6 297 233 2342 196 2009 135 1461 31 522 236 2374 35 559 221 2233
342 20 1432 191 1965 47 672 52 713 175 1820 155 1640 187 1925 33 543 27 492 237 2378 50 692 30 518 18 412 25 474 211 2148 36 569 210 2134 227 2286 137 1478 83 993 194 1989
343 20 1800 196 2007 231 2327 143 1533 161 1691 161 1699 154 1631 213 2162 133 1446 177 1842 154 1634 141 1519 50 697 76 928 6 302 48 682 46 662 135 1458 104 1184 229 2308 222 2242
344 20 1480 109 1224 141 1519 16 389 38 589 29 506 140 1504 82 982 249 2490 39 593 83 993 101 1151 247 2467 84 1002 188 1934 39 593 135 1464 138 1492 207 2111 165 1733 182 1887
345 20 1710 133 1442 246 2463 164 1722 58 765 209 2127 165 1732 54 736 240 2408 5 294 248 2476 156 1649 32 533 5 289 152 1612 225 2269 223 2253 51 705 3 273 222 2241 181 1878
346 20 1560 71 885 200 2046 165 1732 42 625 17 402 47 667 232 2332 240 2404 170 1777 28 502 71 886 26 480 154 1633 61 795 51 707 174 1808 97 1118 195 1999 250 2492 235 2364
347 20 1498 103 1177 93 1086 150 1597 21 431 129 1411 109 1231 188 1939 217 2202 176 1830 189 1945 186 1916 179 1860 86 1018 88 1041 1 257 242 2421 5 293 62 807 103 1173 104 1178
348 20 1288 28 502 192 1973 103 1171 216 2187 55 742 113 1263 46 663 22 447 88 1034 99 1137 6 298 85 1013 69 863 33 539 135 1460 111 1247 235 2362 119 1319 245 2448 84 1001
349 20 1387 199 2038 215 2185 248 2475 11 345 200 2044 21 438 146 1562 213 2165 56 746 2 263 45 647 3 270 73 904 100 1150 55 743 94 1090 33 543 173 1806 145 1550 201 2051
350 20 1371 206 2100 125 1375 64 824 37 583 19 419 19 416 211 2145 160 1689 250 2500 70 873 70 877 120 1330 230 2315 169 1763 122 1342 23 457 17 395 6 299 93 1082 187 1930
351 20 1297 137 1479 36 567 235 2361 175 1822 130 1418 34 551 16 390 30 520 61 792 94 1096 160 1686 222 2242 95 1105 208 2119 22 441 210 2132 4 285 45 651 78 948 156 1652
352 20 1473 136 1472 237 2379 76 930 132 1434 248 2477 197 2023 210 2139 36 572 23 450 33 543 51 706 191 1961 126 1382 148 1580 32 530 121 1335 22 441 225 2273 38 587 50 698
353 20 1793 121 1339 157 1657 188 1940 225 2272 115 1281 171 1788 221 2238 87 1026 62 802 154 1633 52 712 219 2216 158 1664 151 1608 204 2084 76 933 6 297 88 1035 195 2004 143 1537
354 20 1406 167 1753 47 665 11 343 197 2015 118 1311 55 739 35 561 70 878 159 1676 2 268 25 472 188 1942 33 540 64 820 70 880 224 2263 153 1620 111 1246 250 2494 192 1974
355 20 1465 103 1174 7 312 81 978 175 1821 45 649 93 1086 98 1127 240 2405 129 1404 128 1397 224 2258 53 724 152 1615 49 691 110 1233 177 1840 174 1812 32 532 229 2304 135 1458
356 20 1404 184 1899 15 380 69 864 194 1991 112 1250 156 1654 153 1619 132 1430 195 1997 82 984 231 2323 75 919 17 400 130 1412 204 2079 20 425 89 1045 19 421 98 1125 77 943
357 20 1424 19 413 40 603 104 1179 155 1641 216 2186 140 1502 116 1286 190 1959 95 1099 184 1903 131 1421 245 2449 39 595 41 618 119 1313 124 1359 94 1090 45 649 103 1176 91 1064
358 20 1361 117 1300 110 1239 47 670 163 1717 11 344 59 776 36 569 37 582 53 719 69 868 168 1762 215 2179 244 2443 144 1545 53 727 146 1557 95 1098 25 471 224 2260 161 1698
359 20 1649 244 2445 33 541 153 1619 166 1741 11 341 145 1550 134 1448 149 1588 243 2435 242 2421 188 1936 20 427 65 830 165 1730 114 1271 202 2060 62 806 247 2467 125 1368 24 464
360 20 1283 31 528 18 405 83 994 72 897 232 2338 59 773 112 1251 231 2324 216 2190 95 1098 213 2166 116 1289 18 408 29 508 24 460 63 809 135 1463 105 1188 105 1194 166 1742
361 20 1672 173 1802 171 1783 98 1128 76 930 110 1238 191 1967 196 2008 127 1386 69 867 224 2259 244 2439 73 907 187 1925 99 1134 19 418 103 1177 239 2395 151 1602 16 390 25 475
362 20 1268 13 361 39 598 58 772 147 1568 7 309 82 988 7 308 120 1328 9 325 202 2067 41 614 132 1437 49 689 247 2467 12 351 126 1377 209 2131 238 2385 132 1433 115 1277
363 20 1764 14 369 123 1357 226 2282 32 534 206 2100 92 1073 234 2356 5 291 223 2249 197 2021 245 2447 68 860 181 1879 66 843 230 2316 5 287 175 1822 63 817 92 1073 241 2412
364 20 1559 19 420 158 1672 173 1804 106 1203 226 2283 132 1437 66 842 35 564 4 278 111 1246 191 1969 114 1269 245 2450 205 2094 54 734 189 1948 53 719 139 1495 69 867 137 1482
365 20 1434 16 387 70 875 234 2350 178 1848 208 2116 105 1188 86 1019 195 1997 37 578 214 2170 176 1827 52 716 94 1091 79 956 51 702 92 1075 91 1062 150 1595 55 741 192 1978
366 20 1634 149 1585 64 820 64 821 126 1377 216 2189 181 1878 225 2274 205 2089 91 1065 115 1284 204 2079 68 860 132 1434 134 1456 140 1506 201 2053 26 478 214 2173 18 404 70 874
367 20 1570 111 1243 227 2292 22 443 179 1854 176 1832 162 1705 125 1370 159 1678 54 733 103 1176 54 735 191 1961 230 2317 52 711 206 2104 47 670 32 534 59 778 168 1757 76 929
368 20 1506 125 1369 153 1622 3 276 197 2020 79 961 178 1849 44 646 20 427 43 631 216 2190 112 1257 200 2047 142 1528 192 1974 66 841 138 1492 123 1355 84 1003 114 1274 102 1165
369 20 1404 167 1747 19 419 219 2213 175 1818 75 923 212 2154 2 267 85 1013 169 1765 23 449 124 1358 64 822 65 833 117 1301 4 282 205 2090 234 2349 31 522 146 1557 44 646
370 20 1330 209 2125 150 1599 177 1838 250 2500 39 600 156 1649 162 1707 30 518 36 571 88 1037 65 829 47 666 80 965 194 1990 130 1420 33 546 18 411 86 1021 161 1698 36 569
371 20 1679 148 1575 140 1506 209 2129 196 2010 37 577 11 345 134 1452 110 1237 113 1260 224 2260 231 2328 80 966 19 421 165 1727 131 1422 233 2345 109 1231 53 722 200 2045 108 1220
372 20 1596 248 2480 154 1632 149 1590 139 1497 37 577 135 1458 209 2131 130 1415 195 1999 242 2426 110 1239 10 340 154 1629 44 644 107 1213 136 1471 150 1595 90 1054 55 744 62 803
373 20 1293 150 1596 209 2123 145 1549 47 672 124 1361 183 1890 21 437 212 2150 182 1888 68 856 31 521 35 563 165 1733 51 708 234 2351 24 462 51 708 76 927 16 389 19 415
374 20 1365 74 916 197 2023 9 324 9 331 98 1124 80 966 128 1396 186 1918 44 643 190 1955 180 1870 146 1564 4 284 154 1633 17 398 104 1179 13 367 235 2362 112 1255 159 1680
375 20 1683 96 1106 62 800 109 1227 215 2181 128 1401 187 1926 79 954 101 1153 58 766 101 1153 204 2079 134 1455 113 1259 209 2127 204 2085 91 1064 195 1999 174 1814 110 1233 55 743
376 20 1787 163 1709 178 1846 58 772 71 886 121 1335 184 1903 132 1437 67 845 193 1985 240 2406 96 1110 35 560 112 1254 120 1328 194 1992 242 2426 52 711 207 2113 190 1952 208 2120
377 20 1735 159 1680 124 1365 92 1074 211 2144 218 2208 148 1577 94 1092 230 2314 137 1480 16 387 149 1587 184 1901 124 1359 142 1526 176 1833 19 421 102 1160 126 1383 208 2120 211 2148
378 20 1505 216 2189 90 1057 39 596 161 1698 10 334 240 2408 124 1363 152 1616 188 1940 29 511 50 693 95 1098 7 307 182 1882 13 364 31 525 233 2344 198 2028 157 1662 240 2408
379 20 1158 70 875 174 1811 52 714 225 2269 56 746 95 1099 147 1571 151 1605 138 1491 116 1290 46 659 85 1012 36 568 61 798 4 283 116 1286 84 1003 51 704 10 333 76 933
380 20 1286 34 555 93 1084 151 1601 44 641 27 491 246 2459 131 1425 109 1225 247 2470 57 755 115 1278 100 1146 104 1183 54 731 207 2110 103 1175 144 1545 20 430 19 414 67 852
381 20 1811 69 870 63 813 148 1582 196 2014 135 1464 17 401 226 2278 95 1104 227 2292 63 811 215 2180 63 814 230 2317 226 2284 133 1439 181 1876 220 2229 241 2413 106 1198 18 409
382 20 1438 131 1421 146 1562 78 945 146 1562 222 2248 161 1698 19 418 117 1303 199 2037 44 642 107 1205 36 571 117 1300 154 1629 241 2413 115 1279 32 537 12 357 194 1993 42 622
383 20 1372 134 1451 212 2158 34 553 56 753 1 253 52 712 72 892 94 1089 99 1140 75 925 179 1856 169 1768 92 1073 230 2320 172 1798 30 514 250 2493 76 932 58 764 99 1140
384 20 1679 92 1073 206 2096 215 2181 57 755 161 1693 94 1096 42 626 153 1621 118 1309 118 1307 52 715 71 887 242 2424 37 577 91 1067 247 2470 41 611 234 2352 221 2236 127 1393
385 20 1684 118 1307 176 1832 89 1047 187 1929 129 1403 114 1272 204 2082 153 1626 30 515 65 830 2 265 122 1346 202 2066 127 1391 153 1624 173 1804 203 2070 202 2066 60 790 146 1562
386 20 1490 107 1206 157 1659 30 515 78 947 122 1345 209 2126 24 460 87 1026 195 2005 40 608 140 1504 233 2344 106 1198 222 2245 201 2052 16 394 96 1114 142 1520 43 633 77 935
387 20 1678 217 2199 17 396 191 1965 127 1389 186 1917 205 2087 183 1895 174 1811 79 961 119 1321 9 327 86 1019 162 1707 18 411 183 1897 7 309 245 2455 184 1899 141 1516 232 2338
388 20 1658 105 1189 177 1840 155 1639 195 1997 176 1828 204 2081 118 1305 9 323 191 1963 6 299 107 1205 209 2126 88 1040 155 1643 71 881 23 452 113 1267 162 1705 197 2021 247 2471
389 20 1634 188 1936 93 1086 111 1244 202 2064 129 1404 100 1147 175 1817 142 1527 148 1579 231 2326 94 1089 158 1666 16 392 28 500 50 695 170 1778 136 1466 159 1673 70 878 179 1859
390 20 1436 29 508 58 765 125 1373 106 1204 117 1296 89 1044 77 943 56 750 92 1077 53 727 219 2220 236 2372 232 2333 225 2270 53 722 123 1356 116 1293 119 1320 41 618 224 2259
391 20 1490 185 1913 140 1505 163 1715 54 736 190 1953 206 2096 112 1253 136 1468 73 903 89 1043 130 1415 76 932 27 490 138 1485 236 2366 121 1338 106 1199 85 1013 115 1280 36 574
392 20 1585 28 502 198 2024 15 378 109 1223 195 1998 27 490 155 1638 48 678 101 1156 43 629 107 1208 202 2061 114 1275 237 2382 200 2050 124 1358 158 1670 179 1859 38 590 177 1843
393 20 1469 144 1539 125 1374 86 1023 104 1184 167 1750 14 371 50 699 123 1355 121 1339 78 945 128 1398 236 2368 193 1983 247 2469 44 646 229 2303 89 1048 18 404 107 1213 51 708
394 20 2158 241 2415 198 2031 231 2327 236 2366 156 1651 77 937 84 1004 222 2241 88 1042 57 756 120 1330 179 1855 207 2108 114 1270 249 2491 191 1961 234 2352 246 2464 142 1523 214 2169
395 20 1580 14 370 239 2393 55 744 75 920 134 1449 171 1785 203 2070 28 498 64 818 158 1672 138 1492 114 1271 37 582 90 1052 143 1531 176 1831 176 1826 165 1733 70 878 192 1977
396 20 1520 173 1804 206 2098 125 1375 148 1578 28 497 37 581 107 1212 76 928 207 2109 4 284 65 829 164 1725 54 729 166 1743 206 2102 225 2273 138 1484 174 1811 139 1496 38 591
397 20 1531 110 1235 177 1839 64 822 170 1772 142 1527 123 1349 44 641 151 1605 140 1509 97 1115 117 1299 31 522 185 1908 80 969 182 1880 19 417 103 1177 233 2347 241 2412 18 409
398 20 1603 205 2094 151 1606 85 1011 100 1146 221 2236 143 1532 230 2316 115 1278 63 815 81 978 114 1272 215 2177 81 975 59 778 56 753 214 2171 43 637 210 2139 16 386 201 2056
399 20 1636 76 929 140 1502 87 1033 165 1733 117 1297 10 334 201 2055 240 2405 133 1440 238 2384 7 305 246 2456 25 474 1 251 210 2132 111 1248 12 357 243 2431 164 1721 130 1413
400 20 1591 111 1243 100 1150 95 1105 221 2237 199 2040 18 404 127 1391 127 1387 10 340 242 2427 90 1055 14 369 60 784 192 1970 54 731 198 2025 135 1464 220 2230 73 902 227 2285
401 20 1617 224 2264 205 2092 146 1564 242 2427 23 453 207 2112 149 1587 147 1572 136 1474 61 798 147 1571 187 1932 18 411 36 572 88 1040 66 838 242 2424 187 1930 46 664 26 479
402 20 1704 88 1040 154 1633 159 1678 123 1351 173 1801 235 2360 139 1500 12 352 68 859 222 2245 223 2250 13 364 173 1807 226 2281 6 299 29 510 198 2032 230 2319 141 1519 204 2079
403 20 1790 43 633 44 643 49 683 233 2343 181 1879 170 1779 153 1621 34 551 249 2487 91 1061 182 1883 225 2272 224 2266 208 2120 148 1576 82 985 22 447 187 1931 164 1724 101 1151
404 20 1593 64 818 230 2315 20 425 170 1776 216 2191 33 540 214 2168 170 1773 140 1508 9 324 28 497 205 2090 31 529 229 2310 183 1889 27 493 187 1931 200 2049 39 595 69 870
405 20 1457 190 1952 13 359 236 2374 11 343 171 1783 109 1228 153 1619 125 1367 139 1501 9 331 162 1704 243 2432 71 884 110 1238 137 1482 72 890 112 1254 160 1689 16 389 7 307
406 20 1323 198 2024 54 729 167 1751 241 2417 6 303 101 1155 176 1830 46 663 21 439 208 2117 126 1380 67 852 48 678 153 1626 11 345 45 648 57 758 200 2044 91 1064 113 1260
407 20 1665 65 830 49 691 204 2078 30 518 195 2002 50 692 175 1822 224 2258 225 2275 115 1280 138 1486 139 1493 21 438 233 2341 170 1775 9 323 8 317 145 1554 229 2308 180 1863
408 20 1521 35 561 245 2450 50 692 175 1823 125 1373 93 1085 32 537 109 1229 233 2343 244 2441 173 1804 115 1282 153 1626 99 1137 60 785 108 1215 235 2362 125 1375 27 485 43 636
409 20 1401 179 1855 86 1023 86 1018 137 1476 160 1684 147 1568 8 314 104 1178 4 282 205 2087 135 1461 1 253 43 637 90 1056 202 2067 2 263 213 2167 106 1197 218 2209 164 1719
410 20 1510 238 2389 125 1372 174 1815 207 2107 28 494 169 1767 162 1701 188 1942 65 833 148 1574 114 1269 30 516 4 284 1 258 70 873 218 2210 74 916 2 264 180 1864 166 1736
411 20 1676 213 2159 240 2404 234 2350 198 2024 6 299 11 343 215 2185 172 1796 15 383 141 1512 59 775 13 363 115 1279 5 294 231 2324 157 1659 236 2368 160 1686 139 1499 61 799
412 20 1564 226 2279 210 2134 68 857 53 724 179 1856 189 1946 247 2468 109 1227 249 2485 26 476 172 1790 143 1529 107 1208 225 2267 52 714 16 393 2 266 65 830 70 879 134 1455
413 20 1838 149 1585 72 897 245 2449 87 1030 139 1499 44 646 213 2160 64 822 230 2316 25 467 248 2479 246 2462 167 1748 17 397 164 1718 222 2247 151 1609 137 1483 48 681 248 2475
414 20 1283 183 1895 20 425 238 2392 50 697 97 1116 211 2142 210 2133 171 1788 4 286 61 795 116 1291 11 347 105 1190 31 526 36 571 1 255 26 483 82 987 173 1802 169 1764
415 20 1474 30 516 45 648 64 819 94 1095 16 393 222 2247 215 2178 157 1660 83 996 86 1016 27 489 109 1224 223 2253 76 933 173 1804 97 1116 238 2387 122 1345 128 1402 127 1387
416 20 1842 243 2434 169 1771 78 944 90 1052 234 2350 87 1033 178 1852 245 2453 17 403 61 797 246 2456 25 469 166 1742 172 1795 231 2322 102 1164 44 640 248 2477 85 1015 232 2335
417 20 1609 152 1618 143 1532 228 2301 157 1657 83 993 133 1439 61 791 225 2273 185 1908 55 740 226 2281 21 437 101 1152 149 1586 169 1770 155 1637 70 880 201 2057 80 963 84 1004
418 20 1488 166 1741 72 890 162 1706 130 1414 59 773 87 1027 148 1580 99 1141 77 935 110 1238 69 864 195 2005 210 2134 61 798 99 1136 115 1281 134 1452 35 565 242 2424 81 978
419 20 991 90 1053 58 768 129 1409 40 607 94 1089 44 641 8 318 228 2295 126 1380 54 735 47 673 24 461 8 316 4 279 172 1792 203 2074 30 512 148 1578 101 1156 22 446
420 20 1682 240 2407 54 735 192 1974 53 726 154 1633 96 1114 120 1323 244 2444 228 2295 97 1122 80 966 38 588 195 2005 90 1052 120 1323 185 1910 25 470 157 1663 103 1176 194 1989
421 20 1214 110 1235 38 587 220 2228 10 334 54 735 95 1098 108 1217 27 487 93 1082 240 2406 91 1065 186 1921 249 2489 145 1552 47 670 80 968 67 846 18 412 113 1263 16 392
422 20 1631 225 2274 48 676 210 2140 78 952 2 266 213 2159 137 1480 194 1996 145 1553 53 724 45 653 187 1930 49 690 208 2122 100 1148 227 2286 103 1175 85 1008 126 1379 188 1940
423 20 1593 187 1928 172 1798 140 1507 219 2217 143 1535 196 2011 93 1080 80 970 227 2291 114 1273 52 710 214 2175 67 853 63 817 3 271 179 1853 5 288 154 1632 125 1374 222 2243
424 20 1302 26 479 29 507 147 1568 154 1635 1 255 103 1177 142 1520 68 854 187 1931 234 2349 229 2311 9 330 119 1321 139 1497 63 816 73 900 73 907 159 1673 1 256 197 2019
425 20 1806 116 1288 165 1727 153 1624 131 1423 155 1637 202 2064 192 1977 173 1807 63 814 203 2075 29 508 241 2416 44 645 226 2281 108 1218 96 1113 179 1857 133 1440 121 1335 155 1641
426 20 1423 159 1674 109 1230 204 2085 30 517 134 1450 104 1186 139 1499 55 743 209 2125 150 1597 126 1381 208 2114 52 711 66 843 187 1931 15 377 115 1284 123 1357 88 1042 17 402
427 20 1389 203 2069 11 343 169 1763 228 2294 37 578 70 876 202 2061 116 1289 128 1400 8 317 172 1794 130 1416 178 1850 42 628 148 1579 58 767 110 1234 82 986 162 1707 23 455
428 20 1430 205 2089 34 548 131 1423 217 2200 44 638 130 1412 16 394 54 736 183 1890 108 1220 37 578 124 1365 72 893 205 2092 42 628 83 997 102 1168 233 2343 112 1255 135 1458
429 20 1882 122 1342 198 2031 149 1585 151 1606 240 2404 60 789 185 1913 181 1877 129 1411 95 1098 181 1878 246 2464 238 2391 91 1065 193 1982 161 1695 77 936 66 843 146 1563 129 1410
430 20 1642 190 1955 110 1233 179 1855 171 1787 1 257 170 1775 130 1414 16 391 165 1733 246 2459 199 2033 14 373 34 556 122 1342 230 2313 89 1048 113 1267 248 2474 65 835 106 1199
431 20 1321 33 541 198 2032 139 1493 81 979 83 989 171 1781 40 607 3 274 101 1152 249 2485 12 353 204 2085 145 1550 18 406 250 2498 62 805 6 303 87 1032 58 770 228 2302
432 20 1835 194 1988 238 2387 227 2286 80 963 226 2277 171 1787 128 1402 37 576 47 672 29 511 129 1403 182 1887 1 256 156 1653 188 1941 229 2307 161 1691 81 974 247 2469 138 1486
433 20 1370 66 837 207 2110 226 2283 129 1404 13 367 169 1763 45 652 72 895 49 690 114 1269 168 1759 159 1678 127 1386 129 1403 54 728 119 1315 108 1220 8 321 192 1974 19 419
434 20 1908 239 2397 191 1966 94 1088 161 1692 1 252 100 1142 201 2057 247 2466 233 2347 81 977 193 1984 173 1803 177 1835 74 913 119 1320 112 1254 229 2311 101 1154 240 2402 34 556
435 20 1824 189 1943 204 2082 51 704 186 1924 121 1333 185 1915 105 1189 143 1535 203 2076 208 2117 29 509 127 1385 5 294 190 1956 3 273 192 1970 249 2489 216 2194 126 1379 79 961
436 20 1906 70 874 63 813 236 2368 210 2140 169 1766 104 1184 152 1613 66 836 231 2329 221 2236 242 2421 112 1258 179 1855 25 472 202 2067 60 784 84 1004 186 1922 217 2203 181 1878
437 20 1626 208 2122 115 1285 171 1784 208 2117 144 1542 89 1049 51 701 212 2150 191 1961 219 2216 126 1378 74 910 39 593 129 1410 145 1550 189 1950 92 1070 98 1128 144 1542 51 703
438 20 1527 137 1477 14 375 153 1623 246 2460 167 1753 7 313 87 1032 17 397 171 1787 161 1696 106 1198 142 1523 244 2441 167 1748 199 2034 1 259 87 1028 41 613 208 2121 106 1201
439 20 1374 12 353 211 2143 187 1930 157 1659 107 1212 155 1638 16 386 134 1450 36 570 29 503 45 654 31 522 150 1595 129 1403 155 1640 78 952 67 852 214 2172 175 1824 165 1728
440 20 1551 22 443 150 1595 202 2060 159 1675 211 2144 215 2178 150 1599 228 2294 86 1020 68 862 213 2160 3 271 48 682 90 1055 87 1026 42 624 75 919 8 322 249 2486 180 1864
441 20 1366 123 1356 21 437 38 584 11 341 199 2039 1 254 107 1207 144 1543 103 1172 195 2003 12 351 7 312 131 1427 165 1734 62 802 208 2121 55 739 132 1431 143 1536 246 2463
442 20 1566 131 1429 54 733 189 1946 57 758 38 589 102 1160 157 1660 241 2416 37 581 131 1427 218 2206 57 763 35 561 131 1426 165 1733 155 1638 53 719 201 2056 148 1577 150 1597
443 20 1447 201 2058 23 449 246 2457 172 1790 50 698 152 1613 55 740 205 2091 100 1149 162 1703 86 1021 90 1056 126 1377 46 662 125 1374 95 1104 39 596 49 683 151 1606 148 1579
444 20 1233 141 1514 23 453 39 594 31 528 56 748 123 1356 52 716 29 505 20 424 81 973 8 320 221 2232 44 640 219 2217 216 2187 225 2274 43 631 134 1450 16 391 207 2112
445 20 1386 219 2219 88 1036 96 1109 123 1356 33 545 2 268 80 964 187 1932 137 1482 20 423 250 2492 210 2139 52 716 30 517 58 767 149 1583 70 875 107 1207 226 2276 125 1374
446 20 1582 104 1181 137 1478 180 1865 83 993 65 834 10 337 95 1105 51 708 92 1074 224 2266 243 2433 225 2271 117 1297 219 2220 131 1428 210 2134 19 419 98 1131 92 1070 116 1291
447 20 1722 161 1696 43 629 104 1183 69 863 240 2404 158 1668 87 1026 143 1531 83 997 199 2041 247 2469 113 1263 155 1645 123 1349 246 2462 47 666 40 607 91 1066 128 1395 197 2020
448 20 1562 186 1919 109 1229 183 1896 79 956 186 1916 4 279 207 2113 237 2376 98 1124 93 1080 72 895 136 1469 26 483 108 1218 34 553 123 1357 48 681 198 2032 115 1278 201 2057
449 20 1730 134 1454 61 795 118 1308 240 2402 139 1493 250 2495 35 564 230 2315 189 1943 139 1500 220 2228 23 450 80 967 60 784 214 2169 123 1351 80 966 125 1373 174 1813 127 1388
450 20 1550 172 1798 131 1425 157 1657 17 395 191 1963 11 348 156 1654 167 1745 7 310 179 1855 160 1690 165 1728 49 691 81 976 117 1298 216 2187 96 1110 44 640 228 2294 159 1679
451 20 1597 103 1173 82 981 73 905 92 1070 228 2300 156 1651 141 1515 141 1517 216 2192 135 1464 38 587 161 1697 60 790 177 1836 68 862 225 2275 113 1265 130 1417 234 2355 52 717
452 20 1699 61 798 65 831 90 1054 199 2040 67 845 216 2194 63 816 139 1498 191 1962 248 2481 96 1107 201 2058 243 2433 217 2197 229 2303 199 2038 228 2295 6 301 26 479 4 279
453 20 1576 189 1950 174 1812 231 2328 98 1128 176 1833 188 1937 37 578 11 348 56 754 171 1782 1 252 154 1628 68 858 86 1023 173 1800 21 438 250 2493 105 1192 188 1934 244 2446
454 20 1249 132 1435 1 254 103 1177 28 496 15 380 49 684 64 818 118 1312 130 1412 108 1222 104 1178 94 1093 27 486 78 945 248 2479 205 2090 25 470 222 2241 23 455 184 1906
455 20 1741 58 771 153 1619 58 770 9 326 99 1136 232 2333 239 2398 151 1607 212 2155 50 695 123 1357 166 1740 188 1935 241 2411 99 1138 198 2027 192 1970 6 302 185 1910 157 1658
456 20 1647 141 1518 206 2100 187 1930 95 1099 50 696 205 2088 150 1592 127 1388 32 535 3 270 192 1973 214 2176 49 688 94 1096 57 757 210 2132 242 2420 204 2086 33 545 145 1550
457 20 1551 153 1623 178 1844 137 1481 133 1439 60 790 168 1762 178 1848 161 1694 105 1190 34 550 50 699 155 1639 136 1467 169 1768 105 1194 39 599 90 1052 178 1851 215 2184 51 702
458 20 1504 56 754 141 1512 126 1376 97 1123 130 1416 239 2398 77 936 122 1347 204 2081 159 1676 12 350 64 822 71 881 181 1877 161 1693 24 464 221 2232 62 805 133 1447 96 1112
459 20 1740 217 2203 177 1836 156 1646 244 2441 176 1834 106 1199 75 925 110 1232 71 884 141 1517 8 314 172 1793 65 827 59 773 243 2435 231 2323 31 529 130 1419 158 1665 209 2125
460 20 1603 22 446 181 1872 240 2403 149 1588 142 1528 196 2007 22 440 128 1402 223 2257 200 2048 15 380 19 417 18 408 173 1804 191 1965 7 306 229 2309 60 786 210 2140 101 1151
461 20 1627 13 365 140 1508 21 434 2 263 133 1441 205 2087 69 871 40 606 212 2158 235 2364 154 1631 110 1235 64 820 223 2257 155 1640 192 1973 181 1871 4 280 233 2341 162 1704
462 20 1282 48 679 131 1426 30 515 152 1616 107 1212 222 2247 148 1580 199 2037 159 1674 167 1751 11 345 19 420 16 390 39 593 85 1010 204 2081 88 1034 80 968 3 277 125 1372
463 20 1707 58 769 248 2474 115 1278 219 2215 16 391 245 2454 116 1290 52 712 69 866 160 1689 74 909 227 2285 138 1487 6 304 206 2100 177 1843 196 2006 14 375 208 2117 168 1758
464 20 1549 235 2357 178 1845 129 1406 41 613 198 2024 57 759 95 1101 52 716 234 2348 10 335 184 1899 163 1714 161 1692 111 1247 80 970 109 1229 57 756 122 1341 66 837 201 2054
465 20 1600 11 348 139 1496 131 1421 32 534 7 310 92 1076 195 2004 193 1986 29 507 169 1769 249 2484 205 2090 48 679 157 1657 127 1391 149 1584 166 1740 96 1108 199 2038 189 1943
466 20 1427 77 936 62 805 92 1073 209 2125 114 1274 117 1303 147 1570 7 313 76 928 5 290 130 1416 34 550 142 1528 207 2108 2 260 204 2084 210 2139 4 282 235 2363 235 2359
467 20 1673 123 1354 190 1960 211 2148 98 1131 85 1015 121 1335 236 2373 224 2260 148 1582 16 393 84 1000 33 541 139 1498 162 1706 127 1393 3 271 201 2055 97 1118 214 2176 210 2140
468 20 1425 197 2018 55 745 73 903 91 1065 77 937 126 1379 200 2042 24 466 150 1593 247 2465 117 1296 107 1206 83 990 194 1994 3 276 38 587 223 2257 54 730 157 1660 103 1173
469 20 1670 18 405 26 484 161 1694 27 486 187 1932 158 1666 204 2086 249 2487 246 2460 169 1769 112 1256 232 2335 152 1615 43 632 116 1292 60 783 144 1544 225 2270 180 1869 54 735
470 20 1593 85 1009 49 689 33 542 227 2290 249 2487 154 1633 94 1094 185 1909 180 1870 162 1704 56 749 219 2221 9 328 146 1556 103 1177 124 1366 83 993 228 2295 65 834 142 1525
471 20 1461 212 2150 54 731 240 2403 50 699 170 1780 180 1868 143 1537 44 645 193 1981 191 1969 83 991 216 2187 12 354 79 955 99 1135 43 635 81 975 17 398 62 804 135 1464
472 20 1438 4 286 61 791 187 1927 74 912 36 574 133 1442 235 2358 70 873 58 770 47 673 40 607 140 1508 131 1422 166 1743 100 1150 169 1769 163 1712 195 2000 168 1755 146 1563
473 20 1443 119 1317 111 1244 196 2011 187 1928 188 1941 180 1869 16 390 67 849 195 2001 2 264 216 2194 4 285 72 895 74 915 239 2394 98 1127 11 341 18 411 110 1232 193 1987
474 20 1311 78 952 7 313 124 1359 118 1310 175 1819 75 920 39 596 183 1897 73 902 249 2491 164 1723 95 1101 1 255 48 676 217 2199 144 1546 189 1946 153 1620 11 346 5 291
475 20 1492 137 1481 111 1244 1 253 168 1756 160 1684 154 1628 32 535 184 1904 111 1249 151 1604 228 2302 20 424 249 2488 81 974 188 1936 103 1170 133 1445 9 329 48 675 44 646
476 20 1288 202 2068 94 1092 127 1391 196 2009 19 420 118 1307 243 2435 85 1007 144 1546 153 1622 2 260 43 632 18 410 174 1815 33 541 13 359 71 885 58 772 218 2209 86 1022
477 20 1663 71 889 133 1439 164 1718 104 1186 133 1444 248 2478 48 682 94 1091 182 1884 83 994 185 1910 240 2409 33 541 246 2460 1 252 119 1317 88 1038 80 969 221 2238 148 1576
478 20 1558 60 784 134 1455 197 2022 170 1780 234 2354 54 732 104 1178 213 2166 7 307 141 1518 172 1796 127 1391 130 1415 47 667 244 2441 4 279 124 1366 206 2096 70 872 82 987
479 20 1777 199 2033 173 1804 178 1845 121 1334 17 399 128 1394 121 1338 107 1210 197 2022 160 1688 164 1723 126 1381 142 1523 195 2001 203 2071 143 1530 238 2386 64 823 203 2069 10 337
480 20 1386 246 2464 55 741 119 1315 244 2442 206 2102 19 413 177 1839 81 976 58 768 193 1981 212 2151 19 420 111 1244 49 690 1 258 109 1230 105 1191 73 906 10 339 77 940
481 20 1744 76 926 193 1986 239 2396 89 1048 212 2157 135 1461 2 265 99 1137 240 2410 245 2448 158 1665 72 894 160 1684 1 253 126 1376 89 1047 220 2226 131 1428 191 1965 153 1621
482 20 1813 182 1886 221 2233 71 884 249 2487 124 1364 207 2113 249 2486 12 355 7 310 143 1530 138 1491 213 2166 227 2289 50 694 5 294 127 1386 98 1128 161 1698 203 2077 140 1504
483 20 1863 96 1108 139 1496 127 1386 94 1092 232 2330 155 1639 112 1253 106 1201 115 1278 192 1970 186 1920 176 1830 161 1696 194 1994 158 1672 234 2348 170 1776 238 2385 26 480 193 1979
484 20 1506 105 1194 88 1041 137 1475 70 880 78 951 76 932 100 1145 31 522 55 739 147 1566 192 1970 164 1725 177 1838 134 1452 138 1490 244 2442 60 783 156 1648 186 1917 86 1020
485 20 1811 236 2369 177 1837 146 1556 240 2407 38 588 237 2380 141 1517 128 1402 35 558 212 2158 89 1048 184 1903 80 964 242 2420 14 374 141 1517 75 919 126 1381 177 1837 232 2330
486 20 1236 90 1059 4 286 108 1218 207 2112 20 429 200 2047 245 2449 82 988 84 1001 45 652 25 473 70 879 11 342 103 1174 84 1000 3 275 114 1274 95 1097 213 2165 118 1305
487 20 1633 237 2380 164 1720 46 657 90 1052 46 659 52 710 236 2372 52 716 181 1877 50 693 114 1275 181 1872 143 1531 148 1582 167 1746 236 2369 165 1732 11 349 238 2390 41 612
488 20 1551 29 503 135 1459 30 515 242 2424 219 2219 118 1309 87 1025 119 1321 55 742 119 1321 101 1151 94 1092 181 1874 220 2224 185 1912 65 833 206 2104 117 1300 194 1990 5 295
489 20 1514 86 1021 66 844 211 2145 224 2266 17 402 141 1516 77 942 242 2420 246 2456 85 1009 61 791 68 862 146 1562 58 768 68 856 201 2058 61 791 148 1578 245 2449 24 458
490 20 1591 217 2203 32 538 21 433 119 1320 162 1704 206 2098 176 1827 26 479 202 2063 55 737 228 2302 113 1267 109 1230 13 366 241 2415 185 1908 164 1725 220 2229 72 898 40 603
491 20 1664 72 897 99 1141 217 2202 14 370 167 1745 178 1852 48 681 244 2446 68 856 242 2422 163 1716 187 1926 60 783 88 1040 111 1248 233 2345 23 452 77 940 97 1118 178 1844
492 20 1554 28 499 206 2098 175 1817 3 277 11 342 82 982 209 2128 103 1169 50 699 70 878 161 1694 209 2125 227 2293 31 526 94 1096 167 1749 48 682 205 2088 234 2354 231 2329
493 20 1561 116 1289 213 2165 39 596 144 1538 54 736 70 872 109 1224 182 1881 149 1586 130 1413 102 1163 153 1621 174 1816 107 1205 18 404 231 2324 193 1982 10 340 169 1763 169 1771
494 20 1734 85 1013 227 2287 36 571 167 1753 164 1724 55 745 81 975 145 1555 40 609 78 946 128 1394 18 406 223 2256 128 1395 204 2078 194 1996 116 1290 217 2202 210 2140 212 2157
495 20 1718 7 311 119 1316 109 1227 176 1830 24 458 173 1802 132 1432 193 1984 218 2206 24 465 216 2192 194 1990 168 1759 18 405 35 560 222 2246 226 2281 128 1399 138 1492 139 1497
496 20 1640 50 696 165 1730 147 1572 100 1146 85 1015 86 1023 162 1703 27 486 149 1585 211 2142 141 1518 203 2071 205 2093 192 1973 242 2424 17 401 5 291 205 2089 45 651 193 1987
497 20 1532 56 754 226 2279 81 978 31 529 151 1609 37 580 1 259 46 659 206 2104 209 2126 41 611 193 1987 189 1945 222 2244 19 417 109 1231 183 1894 87 1028 86 1017 191 1962
498 20 1752 247 2467 175 1820 136 1466 33 546 114 1272 182 1882 108 1219 83 990 76 928 167 1747 186 1922 218 2204 194 1990 127 1393 197 2015 3 272 80 967 97 1120 137 1483 225 2274
499 20 1628 204 2081 244 2443 81 977 78 944 157 1659 194 1996 112 1251 204 2080 56 752 161 1691 96 1108 104 1179 42 626 127 1387 104 1185 143 1533 128 1401 139 1499 104 1184 225 2274
500 20 1596 10 339 176 1831 241 2417 162 1704 211 2143 88 1036 249 2485 77 942 132 1436 16 392 84 1005 212 2151 170 1780 107 1212 153 1627 61 798 79 955 43 637 191 1962 181 1871
