1 4 1519 0 1 0 1 
2 4 2621 0 0 1 1 
3 4 2169 1 1 0 1 
4 4 2709 1 1 1 0 
5 4 4026 0 0 1 1 
6 4 1078 0 1 1 1 
7 4 3214 1 0 1 0 
8 4 2493 1 1 0 1 
9 4 3301 1 0 0 1 
10 4 3041 1 1 1 0 
11 4 1961 1 0 1 0 
12 4 3018 0 0 1 1 
13 4 3968 1 1 0 1 
14 4 3363 1 1 1 0 
15 4 2361 1 1 1 0 
16 4 2838 1 1 0 0 
17 4 3705 1 1 1 0 
18 4 4795 0 0 1 1 
19 4 4313 0 1 0 1 
20 4 3527 1 0 1 1 
21 4 2294 1 1 1 0 
22 4 3095 1 0 1 1 
23 4 3536 0 1 1 0 
24 4 3781 1 0 0 1 
25 4 2276 1 0 1 0 
26 4 3813 0 1 1 0 
27 4 3154 0 1 1 1 
28 4 2928 0 1 0 1 
29 4 2041 1 1 1 0 
30 4 3875 0 1 1 0 
31 4 3360 1 0 0 1 
32 4 2514 0 1 0 1 
33 4 3348 1 1 0 1 
34 4 3748 1 0 1 0 
35 4 4108 1 0 1 0 
36 4 4043 0 1 0 1 
37 4 2900 0 1 1 0 
38 4 3034 1 1 0 1 
39 4 4187 1 0 0 1 
40 4 2669 1 0 1 1 
41 4 2888 1 1 1 0 
42 4 4286 0 1 0 1 
43 4 1541 1 1 0 1 
44 4 3820 0 1 0 1 
45 4 3674 0 1 1 1 
46 4 3094 1 0 0 1 
47 4 2648 1 1 0 1 
48 4 3268 1 0 1 0 
49 4 4569 1 0 0 1 
50 4 3381 1 1 0 0 
51 4 3281 1 0 0 1 
52 4 2323 0 1 1 1 
53 4 4646 0 1 1 0 
54 4 3989 1 0 0 1 
55 4 2527 1 0 1 0 
56 4 3901 0 0 1 1 
57 4 4095 0 1 1 1 
58 4 3836 1 0 1 0 
59 4 3794 0 1 0 1 
60 4 1695 0 1 0 1 
61 4 3113 0 0 1 1 
62 4 2787 0 0 1 1 
63 4 4055 0 1 1 0 
64 4 2476 1 1 1 0 
65 4 2942 1 0 1 1 
66 4 3812 0 1 0 1 
67 4 1720 0 1 1 1 
68 4 2540 1 0 1 1 
69 4 2613 1 1 0 1 
70 4 3163 0 1 1 0 
71 4 2991 1 1 1 0 
72 4 3453 1 0 1 0 
73 4 3617 1 0 1 1 
74 4 3965 1 1 0 1 
75 4 3928 1 0 1 0 
76 4 1989 0 0 1 1 
77 4 4716 0 1 0 1 
78 4 1981 0 1 1 1 
79 4 2219 1 1 1 0 
80 4 3552 0 1 1 1 
81 4 3292 1 0 1 0 
82 4 1832 1 1 1 0 
83 4 2262 1 0 1 1 
84 4 3028 1 1 0 1 
85 4 4056 1 0 1 1 
86 4 2950 1 0 1 1 
87 4 2877 1 1 1 0 
88 4 2759 1 1 0 1 
89 4 2635 0 1 1 0 
90 4 2348 0 1 0 0 
91 4 3721 1 0 1 0 
92 4 1165 0 1 1 1 
93 4 3683 0 1 1 1 
94 4 3602 1 1 0 1 
95 4 3263 0 1 1 1 
96 4 2657 0 1 1 1 
97 4 3256 1 0 1 1 
98 4 3171 1 1 0 1 
99 4 3424 1 0 1 1 
100 4 2453 1 0 1 1 
101 4 4144 0 1 1 0 
102 4 2936 0 1 0 1 
103 4 3764 1 1 1 0 
104 4 3304 1 1 1 0 
105 4 3096 1 1 1 0 
106 4 2953 1 1 1 0 
107 4 3804 1 0 1 1 
108 4 4003 0 0 1 1 
109 4 4424 1 1 1 0 
110 4 3063 0 1 1 0 
111 4 3552 1 1 0 0 
112 4 2208 1 1 0 1 
113 4 3104 0 1 1 1 
114 4 2626 1 0 1 0 
115 4 3053 1 1 0 1 
116 4 3665 0 1 1 1 
117 4 4587 1 0 0 1 
118 4 3262 1 1 1 0 
119 4 2349 1 1 0 0 
120 4 3507 1 1 0 0 
121 4 4332 0 1 0 1 
122 4 2916 1 1 0 0 
123 4 4240 0 1 0 1 
124 4 2308 0 1 0 0 
125 4 3916 1 1 1 0 
126 4 2038 0 1 1 1 
127 4 3435 1 0 1 1 
128 4 1950 1 0 1 1 
129 4 3591 1 0 1 1 
130 4 2583 1 1 0 1 
131 4 2537 0 1 1 1 
132 4 1757 1 0 1 1 
133 4 3081 0 0 1 1 
134 4 3618 1 0 1 1 
135 4 1984 1 1 0 1 
136 4 4501 1 0 1 0 
137 4 2994 1 0 0 1 
138 4 2986 0 1 1 1 
139 4 3738 1 0 0 1 
140 4 3223 1 1 0 1 
141 4 4468 1 0 0 1 
142 4 1658 1 1 0 1 
143 4 3434 0 1 0 1 
144 4 2599 0 0 1 1 
145 4 3935 0 1 1 1 
146 4 2364 0 1 1 0 
147 4 3874 1 1 1 0 
148 4 4260 1 1 0 1 
149 4 2471 0 0 1 1 
150 4 2024 1 1 0 1 
151 4 2674 0 1 1 1 
152 4 2541 0 1 1 0 
153 4 4425 0 1 1 0 
154 4 4316 0 1 0 1 
155 4 2574 0 1 1 1 
156 4 3693 0 1 0 1 
157 4 3271 1 0 1 1 
158 4 4456 0 0 1 1 
159 4 2162 1 1 0 1 
160 4 3351 1 0 1 1 
161 4 1915 0 1 1 1 
162 4 2684 0 0 1 1 
163 4 3259 1 1 0 1 
164 4 3128 1 1 0 1 
165 4 1718 1 1 1 0 
166 4 4114 1 1 0 1 
167 4 3687 1 0 1 1 
168 4 2804 0 0 1 1 
169 4 2143 1 1 0 0 
170 4 4110 1 0 1 1 
171 4 4690 1 0 1 0 
172 4 3039 1 0 0 1 
173 4 3175 1 1 1 0 
174 4 4167 0 0 1 1 
175 4 3512 0 1 0 1 
176 4 4009 1 0 0 1 
177 4 2820 0 1 0 1 
178 4 2402 1 1 0 1 
179 4 2348 1 0 1 1 
180 4 3301 1 1 1 0 
181 4 3934 1 0 0 1 
182 4 2696 0 1 0 1 
183 4 1829 1 1 0 1 
184 4 3052 0 1 1 1 
185 4 3728 0 1 0 1 
186 4 2783 1 1 0 1 
187 4 2332 0 1 0 0 
188 4 4124 1 0 1 1 
189 4 3510 1 1 0 1 
190 4 3040 1 0 0 1 
191 4 3700 1 0 0 1 
192 4 3850 1 0 0 1 
193 4 3339 1 0 0 1 
194 4 3625 1 0 1 1 
195 4 3318 0 1 1 1 
196 4 4067 1 0 1 0 
197 4 2523 1 0 1 0 
198 4 3354 1 1 1 0 
199 4 3355 0 1 1 1 
200 4 4440 1 1 0 0 
201 4 2974 0 1 0 1 
202 4 2924 1 1 1 0 
203 4 3356 1 0 1 1 
204 4 3941 1 0 1 0 
205 4 1759 0 0 1 1 
206 4 3375 1 1 0 1 
207 4 4201 1 0 1 1 
208 4 2735 1 1 0 1 
209 4 3696 0 1 1 0 
210 4 4723 1 0 1 1 
211 4 3713 0 1 1 0 
212 4 3170 1 1 0 1 
213 4 2329 0 1 1 0 
214 4 4182 0 1 1 0 
215 4 2650 0 1 0 1 
216 4 3427 1 1 0 1 
217 4 2988 0 0 1 1 
218 4 2907 0 0 1 1 
219 4 4423 1 0 1 1 
220 4 3522 0 1 1 1 
221 4 4157 1 0 0 1 
222 4 2549 0 0 1 1 
223 4 3699 0 1 1 1 
224 4 2678 1 0 1 1 
225 4 2850 1 1 0 0 
226 4 1925 1 0 1 1 
227 4 2401 1 1 0 0 
228 4 3941 1 0 1 0 
229 4 3577 1 0 1 1 
230 4 4145 1 1 1 0 
231 4 3930 1 0 0 1 
232 4 2810 1 0 1 0 
233 4 4298 0 1 1 0 
234 4 4086 1 1 1 0 
235 4 2218 1 1 1 0 
236 4 2989 1 0 1 1 
237 4 3768 1 0 1 1 
238 4 3660 1 0 1 1 
239 4 2082 0 1 1 0 
240 4 3066 1 1 1 0 
241 4 3467 0 0 1 1 
242 4 3150 0 1 1 0 
243 4 3651 1 0 1 0 
244 4 4091 1 1 0 1 
245 4 3168 1 1 0 0 
246 4 3414 0 1 0 1 
247 4 3982 0 1 1 1 
248 4 3960 1 1 0 0 
249 4 2992 0 0 1 1 
250 4 3717 0 1 1 1 
251 4 2120 0 1 1 0 
252 4 3265 1 1 0 1 
253 4 2191 1 1 0 1 
254 4 3070 1 0 1 1 
255 4 4427 1 1 0 1 
256 4 3560 0 0 1 1 
257 4 1184 1 1 0 1 
258 4 4135 1 1 0 0 
259 4 4120 1 1 1 0 
260 4 3309 1 1 0 1 
261 4 2372 1 0 1 0 
262 4 3516 1 0 1 0 
263 4 4275 1 0 1 0 
264 4 4041 1 1 0 1 
265 4 2683 1 0 1 1 
266 4 2474 1 0 1 0 
267 4 3376 1 0 1 0 
268 4 3019 1 1 0 1 
269 4 3449 1 1 1 0 
270 4 3495 1 1 1 0 
271 4 3719 1 0 1 0 
272 4 3249 1 0 0 1 
273 4 4748 0 1 1 1 
274 4 2746 0 1 1 1 
275 4 3270 1 1 0 1 
276 4 3289 1 1 1 0 
277 4 3662 0 1 0 1 
278 4 1842 0 0 1 1 
279 4 4338 1 0 1 0 
280 4 3557 1 0 1 1 
281 4 3287 1 1 1 0 
282 4 2879 1 0 1 0 
283 4 2768 1 0 1 1 
284 4 4000 1 1 0 0 
285 4 3198 1 0 1 1 
286 4 3119 1 0 0 1 
287 4 2465 1 0 1 1 
288 4 2948 0 1 1 1 
289 4 2349 1 1 0 1 
290 4 2446 0 0 1 1 
291 4 3626 1 0 0 1 
292 4 4881 1 1 0 0 
293 4 2356 1 1 0 1 
294 4 3081 1 1 0 1 
295 4 3932 0 1 1 0 
296 4 1943 1 1 0 0 
297 4 4051 0 1 1 0 
298 4 2904 0 1 1 1 
299 4 2995 0 1 1 0 
300 4 2593 1 1 0 1 
301 4 2524 0 1 1 1 
302 4 3947 0 1 1 0 
303 4 3235 1 1 1 0 
304 4 4722 1 1 0 0 
305 4 2836 0 1 1 1 
306 4 4325 1 0 1 0 
307 4 1800 1 1 1 0 
308 4 4675 1 0 1 1 
309 4 3427 0 1 1 0 
310 4 3885 0 1 1 1 
311 4 3433 1 1 0 1 
312 4 4374 1 0 1 0 
313 4 3674 1 1 0 1 
314 4 3323 1 1 0 1 
315 4 3760 1 1 0 1 
316 4 1787 0 1 1 1 
317 4 3502 0 1 1 1 
318 4 1995 1 1 0 1 
319 4 2203 1 0 0 0 
320 4 2985 1 1 0 1 
321 4 3525 1 1 0 0 
322 4 3556 1 0 1 0 
323 4 3607 1 0 0 1 
324 4 3148 1 0 1 1 
325 4 2139 1 1 0 1 
326 4 3381 1 0 1 0 
327 4 2690 0 1 1 1 
328 4 3366 1 0 1 0 
329 4 2657 1 1 0 0 
330 4 1879 1 1 1 0 
331 4 3164 0 1 0 1 
332 4 4140 1 0 1 1 
333 4 3765 1 1 0 1 
334 4 2892 1 0 1 1 
335 4 2929 1 1 0 1 
336 4 3186 0 1 1 1 
337 4 4523 0 1 0 1 
338 4 3929 1 1 0 0 
339 4 1848 1 1 0 1 
340 4 2079 0 1 1 1 
341 4 4467 0 1 1 0 
342 4 3200 1 1 1 0 
343 4 2903 0 1 0 1 
344 4 3078 1 1 0 1 
345 4 2695 0 1 1 1 
346 4 4907 0 1 0 1 
347 4 2539 1 1 0 1 
348 4 3507 0 1 0 1 
349 4 1884 0 0 1 0 
350 4 2207 1 1 0 1 
351 4 3629 1 0 1 0 
352 4 3156 1 1 1 0 
353 4 2995 0 1 1 1 
354 4 3883 0 1 1 0 
355 4 3654 0 1 0 1 
356 4 4228 1 0 1 0 
357 4 2810 0 1 1 0 
358 4 1899 1 1 0 1 
359 4 3593 1 1 1 0 
360 4 2964 1 1 1 0 
361 4 4067 1 0 1 1 
362 4 3395 0 1 1 1 
363 4 3320 1 0 1 0 
364 4 3794 0 1 1 1 
365 4 2538 1 1 0 0 
366 4 3172 1 0 1 1 
367 4 4393 1 1 0 0 
368 4 3537 1 1 0 1 
369 4 3440 0 1 1 1 
370 4 1477 1 1 0 1 
371 4 3584 1 1 0 1 
372 4 2424 0 1 1 0 
373 4 3200 1 0 1 1 
374 4 3580 1 0 1 1 
375 4 2803 0 1 1 1 
376 4 1972 1 0 1 1 
377 4 3719 1 0 0 1 
378 4 3041 1 0 1 1 
379 4 4024 1 0 0 1 
380 4 2568 1 1 1 0 
381 4 2908 0 1 1 0 
382 4 2973 0 1 1 1 
383 4 4233 1 1 0 1 
384 4 3315 0 1 0 1 
385 4 3070 1 1 0 1 
386 4 3801 1 1 0 0 
387 4 3238 0 1 1 1 
388 4 3634 0 1 1 1 
389 4 2768 0 1 1 1 
390 4 3976 1 1 1 0 
391 4 3650 0 1 0 1 
392 4 3184 1 1 1 0 
393 4 3082 1 0 1 0 
394 4 2952 0 1 1 0 
395 4 2149 0 0 0 1 
396 4 3458 1 1 0 1 
397 4 2977 1 1 0 1 
398 4 2665 1 0 0 1 
399 4 1845 1 1 0 1 
400 4 1524 0 1 0 1 
401 4 3530 0 1 0 1 
402 4 3804 1 1 0 0 
403 4 3179 1 0 0 1 
404 4 2327 1 0 1 1 
405 4 3767 0 1 0 1 
406 4 2359 1 1 1 0 
407 4 2908 1 1 0 0 
408 4 2771 1 0 1 0 
409 4 1719 0 1 1 1 
410 4 2235 1 0 0 1 
411 4 4714 0 1 0 1 
412 4 3842 1 0 1 1 
413 4 3216 1 1 1 0 
414 4 3221 0 1 1 0 
415 4 3132 1 0 1 0 
416 4 3874 1 1 1 0 
417 4 4268 0 1 1 0 
418 4 2928 0 1 1 1 
419 4 3453 0 0 1 1 
420 4 3352 1 1 1 0 
421 4 3909 0 0 1 1 
422 4 3474 1 0 1 0 
423 4 3329 1 0 1 0 
424 4 3029 1 1 1 0 
425 4 1944 1 0 1 1 
426 4 3588 1 0 0 1 
427 4 2536 1 1 1 0 
428 4 3900 1 0 1 0 
429 4 3504 1 1 0 0 
430 4 3546 1 1 0 1 
431 4 3665 0 1 0 1 
432 4 2905 1 1 0 1 
433 4 3033 1 0 1 1 
434 4 3492 1 0 0 1 
435 4 3695 0 1 0 1 
436 4 4492 1 0 1 0 
437 4 2242 1 1 0 1 
438 4 2773 1 0 0 1 
439 4 4137 1 1 0 1 
440 4 1892 1 1 0 1 
441 4 4103 0 0 1 1 
442 4 3701 1 0 1 0 
443 4 3561 1 1 0 1 
444 4 3967 1 0 0 1 
445 4 3142 1 0 1 1 
446 4 3583 1 0 1 1 
447 4 3462 0 1 1 0 
448 4 1245 1 0 1 1 
449 4 3089 1 1 0 1 
450 4 2718 0 1 1 1 
451 4 4256 1 1 1 0 
452 4 2633 0 1 1 1 
453 4 2292 0 1 1 0 
454 4 3992 1 0 1 0 
455 4 2039 0 1 0 0 
456 4 2630 0 0 1 1 
457 4 1877 1 0 1 1 
458 4 1491 1 0 1 0 
459 4 3980 0 1 1 1 
460 4 1355 0 1 1 1 
461 4 3527 1 1 1 0 
462 4 3067 0 0 1 1 
463 4 2820 0 0 1 1 
464 4 2145 1 1 1 0 
465 4 3962 1 1 1 0 
466 4 2714 0 1 0 1 
467 4 2422 1 1 0 0 
468 4 3923 1 1 1 0 
469 4 4030 1 0 1 0 
470 4 3623 0 1 1 1 
471 4 4115 1 1 0 0 
472 4 3670 1 0 1 0 
473 4 1773 1 0 1 1 
474 4 4017 0 0 1 1 
475 4 2977 0 1 1 0 
476 4 3971 1 0 1 1 
477 4 4712 0 0 1 1 
478 4 1743 1 1 1 0 
479 4 2072 1 1 1 0 
480 4 3508 1 1 0 0 
481 4 4006 0 1 0 1 
482 4 3715 0 1 1 0 
483 4 3623 0 0 1 1 
484 4 3986 1 1 1 0 
485 4 2781 1 0 0 1 
486 4 2082 1 0 1 0 
487 4 3563 0 1 0 1 
488 4 4110 1 1 1 0 
489 4 3645 1 0 0 1 
490 4 3610 1 0 1 1 
491 4 2515 1 1 1 0 
492 4 3141 1 0 1 0 
493 4 2109 1 0 1 0 
493 4 2109 0 1 1 0 
494 4 3577 1 0 1 1 
495 4 2939 1 0 0 1 
496 4 3404 1 1 0 0 
497 4 3438 0 1 1 1 
498 4 3559 0 1 1 1 
499 4 2888 1 0 1 0 
500 4 3727 1 1 0 1 
