1 15 878 36 3 43 1129 202 94 149 2084 28 646 54 737 147 300 151 605 16 1420 214 1142 68 2253 238 1541 245 1413 8 221 7 1939
2 15 937 129 1649 118 1826 50 1214 153 223 101 1357 23 2000 176 1265 75 1725 8 1641 234 1299 84 324 8 2130 168 424 143 1370 88 472
3 15 1267 245 1599 198 415 235 147 209 2072 18 883 74 1635 186 405 220 1324 59 492 169 854 75 2135 138 2358 158 2384 239 533 147 2155
4 15 287 209 496 54 2377 107 1479 17 863 18 675 163 1584 177 1751 62 215 241 1193 152 1857 114 1954 188 1727 77 1769 204 115 112 1858
5 15 1793 35 1356 174 1950 117 2167 181 1346 83 495 155 875 227 789 44 1920 27 824 35 1178 143 761 171 2045 185 253 238 1665 12 804
6 15 223 95 1988 55 250 161 979 66 2331 126 782 232 2316 129 1092 168 1595 236 2414 52 504 144 2001 193 1935 183 170 210 569 155 1210
7 15 1365 194 1931 35 2215 194 2263 24 2165 160 1022 139 460 65 1030 41 1570 41 1885 67 953 222 1977 199 1512 17 247 119 469 226 1394
8 15 1643 159 1729 119 2178 100 1922 33 1833 193 1465 16 958 237 663 32 1593 114 659 199 707 109 1688 11 2224 162 1320 230 580 159 1615
9 15 1750 81 140 165 426 144 1441 203 1643 61 857 29 1496 126 2157 245 1877 161 2132 147 771 175 2064 118 937 108 852 71 2123 42 1446
10 15 1875 49 2474 177 662 130 994 126 2425 245 1143 248 462 228 2187 139 1056 47 580 57 748 116 556 109 2359 55 1941 102 611 236 186
11 15 450 80 1657 230 2147 42 200 76 966 176 242 46 1774 128 701 207 946 158 1347 211 1148 232 884 3 168 202 259 140 829 91 1333
12 15 880 112 1577 40 736 133 507 246 719 113 1973 21 309 197 417 123 2001 206 176 120 129 203 2053 101 1168 114 2143 212 295 248 1776
13 15 1299 204 1536 111 640 60 914 75 1014 61 2317 223 2367 168 1245 78 432 16 562 96 375 30 1271 202 2173 82 1244 106 1971 110 1751
14 15 1135 97 1796 22 685 30 1107 248 750 144 274 66 1510 101 585 220 943 235 965 241 1555 116 1249 11 1646 2 2320 61 671 83 869
15 15 27 228 738 65 2483 85 792 25 9 237 1418 161 799 234 425 36 708 145 2295 213 135 73 2041 24 145 9 633 244 783 98 1496
16 15 1199 69 478 187 2001 224 2500 81 13 197 1073 225 946 65 523 158 244 241 890 165 17 83 1071 194 789 81 2453 214 1 52 2320
17 15 297 123 177 38 1331 177 1952 210 1392 87 166 241 1505 30 1933 140 377 158 2239 219 1180 97 694 209 1179 126 553 81 1912 183 483
18 15 1322 162 2166 244 1480 221 436 148 1119 38 2209 164 2260 119 754 239 939 250 1487 159 1203 165 206 169 1916 148 410 240 469 57 621
19 15 1587 43 1235 241 1183 39 1050 42 1100 30 1262 149 727 53 963 228 1072 106 1918 30 2037 91 1949 231 1742 159 2240 200 421 225 126
20 15 1515 198 1037 102 250 94 1736 110 2244 181 982 38 1840 207 1340 220 406 240 289 226 1993 1 1876 200 1040 217 2330 19 2287 80 594
21 15 1559 14 1031 235 2336 210 1487 10 500 84 2048 79 1719 217 26 215 9 94 582 75 741 41 1946 50 2257 197 420 50 1641 113 1955
22 15 493 42 985 59 1027 23 1029 75 147 198 1021 104 2388 48 1410 4 1994 245 700 189 351 34 1075 69 1565 218 1983 228 1283 117 1877
23 15 876 185 894 136 2417 88 1532 9 1149 216 789 216 1439 10 332 142 2332 101 2142 218 1720 116 2233 155 505 46 1128 5 1789 132 1573
24 15 940 169 1127 23 1548 131 1027 69 2311 133 295 192 602 9 1810 27 1311 47 1947 142 106 245 1416 128 2270 239 352 156 359 127 911
25 15 907 233 791 19 1481 44 322 188 889 71 539 132 335 10 2171 118 2122 166 2313 205 1141 185 2083 229 354 196 1735 127 652 58 799
26 15 554 77 1288 221 2260 9 1317 229 908 58 161 190 1424 237 2030 180 589 66 1090 33 1662 93 2264 57 1393 15 952 1 1178 11 2188
27 15 432 91 1265 117 1515 108 462 193 1255 67 48 40 1646 220 2121 17 618 30 2094 244 651 105 2170 204 2368 143 2245 153 305 31 1160
28 15 1517 135 1211 83 142 169 771 42 699 143 2489 172 591 40 2182 186 2473 164 2374 150 193 163 1323 174 390 107 1235 184 179 212 647
29 15 1097 229 2028 221 929 74 2418 58 2412 133 2248 149 1153 21 860 163 1718 20 1689 14 1593 1 806 108 1377 6 638 130 1892 90 49
30 15 1629 5 2047 174 1420 177 1600 242 16 164 2424 63 295 67 1518 24 1884 248 205 92 1433 248 937 235 1620 124 21 129 250 225 720
31 15 1390 115 2313 19 80 155 1210 236 701 184 2173 179 1222 191 60 103 1804 147 749 102 1442 223 1920 34 1325 79 1782 245 328 194 280
32 15 435 156 965 158 2326 169 1852 34 1171 219 2267 132 304 124 814 193 324 204 2439 135 1233 34 1014 149 92 25 1867 78 1981 30 2145
33 15 39 98 1326 80 2309 207 1883 171 1378 107 2331 75 418 242 993 93 501 250 34 96 2097 113 821 120 1402 136 2421 135 1378 72 350
34 15 735 135 2167 198 603 248 334 76 1119 217 2429 29 2091 21 1163 161 840 21 2050 128 2271 98 2333 39 2497 207 1959 198 2208 245 1126
35 15 695 93 221 216 1905 31 1116 98 38 200 545 10 2354 192 2176 42 639 40 2329 115 58 134 1250 169 1889 5 983 73 1587 97 1799
36 15 322 87 995 54 2142 4 1913 246 1026 115 2249 248 1450 119 447 196 1790 231 352 228 409 165 2084 16 2120 85 2221 169 543 105 731
37 15 878 124 492 126 1975 180 811 75 1644 160 224 225 209 88 851 102 1097 108 202 177 2128 33 1695 238 140 14 2285 117 1843 50 2271
38 15 196 30 2364 133 2176 20 2319 164 751 229 2237 28 2098 96 1005 210 2124 167 1135 35 1268 209 2299 242 312 89 433 130 16 169 1443
39 15 508 56 1840 76 2158 21 2391 134 345 229 1758 113 861 40 554 121 1063 19 372 107 1131 231 319 126 835 193 1369 90 1304 151 1435
40 15 1229 135 1737 79 1764 157 2370 248 974 233 268 214 1144 182 678 126 1216 121 1270 92 1968 19 2440 30 1693 161 452 184 2006 125 1390
41 15 1489 96 897 118 1597 119 2420 75 1055 150 1876 47 51 175 834 237 1536 29 2479 98 2100 36 683 214 563 29 289 181 275 202 1614
42 15 403 93 2484 110 1689 129 1403 189 1514 8 1 40 1481 9 1387 198 2065 165 1736 87 804 145 1491 250 1916 2 954 232 1878 146 1950
43 15 1651 13 1002 3 1589 39 1762 230 629 196 1554 224 1345 55 609 159 2298 147 1224 7 1611 162 467 228 307 45 1886 108 115 76 1370
44 15 688 168 239 129 248 245 992 42 225 210 680 196 618 66 497 190 1823 177 2018 188 1557 46 447 64 927 121 2419 98 2483 250 1162
45 15 657 220 1476 140 552 28 381 47 94 171 2236 129 127 88 1816 227 863 136 1714 118 1800 213 1199 119 1287 21 490 190 1508 238 1823
46 15 1992 14 1928 220 787 99 199 128 1344 199 20 115 922 150 914 167 863 209 1065 32 641 248 1417 181 1156 45 1989 178 210 53 614
47 15 1344 169 133 47 1330 61 1594 32 983 130 2058 91 1434 10 1367 1 1118 161 648 147 763 62 1999 17 1890 179 1387 82 1691 198 2445
48 15 248 41 2294 229 364 90 1167 53 518 70 1841 244 53 94 1674 145 2368 95 921 114 466 112 196 50 1152 159 2357 206 547 176 748
49 15 1004 132 1570 162 1851 93 599 27 639 137 1843 4 1509 164 136 123 611 96 574 219 1645 176 1233 43 1871 47 2264 117 2363 233 2104
50 15 1309 133 2198 152 45 76 424 226 2489 200 408 104 256 3 888 244 436 244 2395 154 388 241 1756 123 2029 93 172 235 39 158 1871
51 15 1298 58 1349 204 1054 14 2114 161 2191 103 2001 82 1561 241 874 11 368 69 2399 181 1578 68 1606 229 1066 137 2379 92 93 15 1027
52 15 909 131 999 76 729 64 293 177 450 92 2170 9 101 124 512 40 1485 213 607 218 2198 117 1728 92 567 235 979 105 2295 128 1354
53 15 830 198 2099 10 456 166 992 122 1841 22 491 103 841 221 870 69 2332 230 1 139 1209 82 127 160 1815 6 1369 203 376 102 1381
54 15 570 54 330 49 123 65 806 169 449 143 1295 154 2290 246 2215 94 379 158 1720 55 2001 109 2458 35 1999 95 1085 160 344 125 1776
55 15 1164 156 1577 184 349 53 1795 191 2454 115 2015 15 2009 181 1653 64 1625 58 626 104 21 140 995 78 37 67 1545 220 2376 204 502
56 15 951 172 759 26 2215 245 936 97 1400 171 536 51 573 143 1511 232 1363 71 1067 39 2352 187 2494 116 2402 194 50 93 2162 102 123
57 15 1193 189 946 146 2060 3 954 182 111 119 80 29 1009 125 1453 229 1860 120 1122 186 529 88 1271 234 855 156 446 112 930 204 2266
58 15 176 236 785 211 541 175 1926 176 80 225 985 190 1540 214 206 135 1223 149 1654 33 502 100 449 210 1024 97 1173 245 154 192 377
59 15 8 180 1344 64 2308 113 1927 83 2303 235 534 6 2000 64 353 250 1761 193 2187 207 396 92 496 11 2156 41 1075 83 1161 151 1518
60 15 599 213 2007 232 1499 162 122 13 1066 221 1906 48 2121 107 1007 92 825 68 16 164 111 86 172 147 2058 152 1627 79 1288 85 724
61 15 1440 159 2040 3 1118 99 1186 200 1348 62 1472 151 934 71 647 70 994 225 309 6 941 198 1264 153 1600 109 1236 227 386 93 243
62 15 1590 179 655 195 2061 10 813 111 1546 85 813 25 2428 105 2060 166 924 17 1383 154 1751 182 2259 31 1867 207 967 67 2161 116 154
63 15 492 212 15 70 1409 226 1251 128 249 232 1851 80 113 24 2476 109 521 160 282 224 1441 68 126 154 398 145 1742 243 485 210 1393
64 15 1151 211 478 182 25 87 1664 157 398 38 2471 163 1900 94 321 241 733 176 460 27 540 211 1653 192 238 240 857 136 26 119 2171
65 15 775 224 1493 131 465 92 1948 21 202 114 804 157 347 113 446 2 1289 44 1787 229 1580 76 1393 228 1321 107 455 119 1783 18 1791
66 15 111 55 1334 109 126 172 1117 201 1335 163 1375 3 1360 41 1262 102 1658 102 1776 14 29 37 711 216 1071 187 2200 62 146 32 2122
67 15 859 87 416 175 1996 98 2225 202 2458 135 184 240 1619 164 1685 50 80 217 2023 74 529 248 543 162 1466 90 1905 203 754 24 641
68 15 1067 184 2340 186 2405 185 2342 30 644 152 92 210 229 178 257 172 1767 152 1564 18 1677 104 2008 87 1016 175 2382 141 1184 209 2023
69 15 502 59 839 211 605 104 1204 213 1605 74 195 202 1994 57 2325 50 264 50 1598 90 1390 184 991 86 696 44 1155 166 1669 206 2108
70 15 1262 111 1670 167 1075 147 1441 65 7 234 2452 223 822 211 2039 142 1920 9 1410 216 901 31 1372 208 25 114 891 145 955 142 1876
71 15 650 31 1352 219 2198 140 2335 178 2100 204 24 51 357 137 796 194 1462 101 788 107 965 204 42 250 1690 175 353 52 1423 41 1772
72 15 1180 193 2194 181 684 186 1678 171 1164 38 1260 90 2033 97 521 187 981 177 1986 30 2 215 1361 130 1890 124 2359 120 720 38 326
73 15 764 180 1739 88 141 223 316 10 1690 102 219 183 1363 237 1320 35 442 140 1288 155 976 138 2379 165 2160 63 1422 5 909 85 935
74 15 395 83 1559 215 1493 174 1721 32 121 199 778 38 1795 47 841 221 157 244 627 222 233 40 1545 37 263 74 616 129 2461 212 966
75 15 222 1 2462 24 280 17 786 45 1630 102 2148 83 761 156 992 186 440 44 1104 220 387 128 713 84 1 167 1674 120 1263 112 2381
76 15 1177 85 1253 69 1207 97 1236 90 377 91 1334 215 832 55 2490 98 2070 133 1852 124 897 230 49 112 2026 10 2109 191 1621 94 1773
77 15 170 147 1784 143 542 75 944 1 388 199 909 143 2133 178 2136 95 454 230 909 70 1356 244 1784 44 1616 111 2264 234 2342 125 342
78 15 1630 56 1140 108 856 31 309 80 2490 156 1787 105 1529 73 1568 168 1242 222 626 188 1448 213 407 81 1179 169 2239 124 252 31 1035
79 15 1893 224 2489 248 745 131 58 63 894 58 864 62 1151 60 1294 194 2109 76 1636 120 902 226 2145 151 538 191 1984 108 174 206 769
80 15 434 52 392 122 353 109 2409 109 534 186 1748 205 1173 118 615 46 773 147 2219 19 1498 2 1084 160 759 163 1360 222 1008 84 1793
81 15 1468 227 1594 60 801 231 2457 107 721 134 98 76 1610 190 691 1 222 64 2065 246 1843 195 400 108 137 45 2437 189 1723 193 950
82 15 1382 120 1065 206 2145 66 990 184 1606 164 935 67 1428 215 406 88 2364 99 578 21 1950 8 2326 89 2223 8 303 32 304 90 863
83 15 1705 72 2475 202 582 112 2492 227 597 134 1815 177 1605 5 192 167 272 11 2394 41 453 131 578 220 1468 167 2128 71 2485 245 574
84 15 1186 191 1625 65 2043 106 441 56 907 62 937 34 1111 3 1422 140 1187 67 1050 121 1618 152 290 141 1285 234 687 7 2226 158 1449
85 15 230 5 669 122 1854 98 1054 174 823 227 1647 194 1625 96 1379 46 1541 184 459 37 1111 169 1267 231 2255 78 1704 89 1156 98 2387
86 15 185 115 1492 50 1356 90 2194 195 560 118 1109 224 1336 232 1476 174 30 137 549 40 1186 145 1362 85 457 73 304 19 383 148 841
87 15 386 90 1894 31 2079 78 577 126 250 84 1086 54 386 77 1131 203 2118 172 2094 57 2125 122 2060 31 245 103 1081 13 1957 166 1571
88 15 1535 106 1545 9 1689 34 2290 226 372 90 1823 21 2042 236 1976 161 2038 232 175 108 366 70 2206 8 943 24 306 148 584 170 463
89 15 1847 201 954 244 2295 185 410 93 1575 199 1585 115 2285 158 22 187 1930 172 162 250 1620 192 1122 206 1688 149 438 67 2145 25 343
90 15 430 123 2358 248 935 36 1002 125 877 25 2089 154 208 118 2485 201 2249 120 882 83 978 181 1803 39 1771 14 2361 190 2078 196 1255
91 15 277 26 2002 19 327 243 1089 74 1062 149 838 217 651 51 2399 121 447 68 1189 89 2268 121 145 156 1022 241 413 79 247 202 2036
92 15 2125 155 259 200 743 200 26 189 1386 249 154 217 333 74 2185 23 1101 67 529 159 2492 228 2373 17 144 26 2063 219 221 213 1274
93 15 256 231 2441 21 171 225 796 191 926 187 285 12 1651 140 2389 204 467 67 61 64 2226 157 1664 49 1393 72 1349 131 1590 2 1794
94 15 666 122 856 223 149 191 879 82 1027 99 2049 60 1725 34 1615 12 969 234 849 27 578 63 1738 167 2157 85 1458 94 2162 87 1439
95 15 1209 245 2001 13 1857 126 2422 241 2080 176 1021 135 498 128 790 34 137 70 583 71 1853 2 2427 151 1977 239 1920 106 749 70 1796
96 15 970 214 2083 165 2214 39 948 140 2373 168 1453 37 723 41 1268 227 702 160 184 34 1133 10 1924 236 2182 162 1933 242 2139 126 1127
97 15 367 138 1490 92 44 134 1926 244 260 245 2351 148 1676 19 1645 99 605 191 539 204 2405 118 463 61 982 8 686 38 175 10 709
98 15 617 29 1367 178 394 150 2411 216 1603 126 605 2 1012 122 326 245 1884 174 2141 59 587 197 2025 198 522 53 844 204 33 135 531
99 15 987 114 2189 130 2331 24 2224 92 1550 234 1049 34 2351 177 2258 10 1490 47 1770 157 2281 45 953 101 361 194 1970 39 335 206 737
100 15 1129 200 1346 135 1216 32 96 34 1421 123 2262 82 1768 99 452 17 872 141 2260 155 308 175 463 155 717 39 2366 162 1746 249 1684
101 15 1670 202 1514 145 1898 120 2221 24 908 174 1808 233 1149 203 1417 148 2091 105 199 158 1116 90 1421 221 1592 195 1021 197 1532 203 1413
102 15 1392 31 2263 52 1278 204 2271 102 1992 33 2257 137 1751 62 1299 142 1079 4 1265 87 1793 239 1317 6 1106 223 1965 30 1837 85 1953
103 15 850 121 696 138 899 178 1309 75 746 41 103 233 953 235 1262 203 1922 243 7 140 1658 42 251 174 370 190 1076 197 565 11 366
104 15 1105 52 1103 20 1616 31 2209 182 35 100 1001 204 1396 137 776 221 1005 25 650 117 1407 120 1537 195 334 115 967 59 774 115 1502
105 15 1048 100 576 175 1075 29 492 153 1059 140 678 115 1394 206 382 212 881 239 1 156 2400 113 200 21 2184 65 1461 17 2264 101 1689
106 15 397 201 1152 32 1975 71 753 101 238 35 2376 6 208 162 476 130 1726 226 2164 192 1806 81 791 40 281 228 79 115 1742 218 1823
107 15 134 86 1225 103 1610 58 692 166 1711 119 1586 171 1776 187 430 82 1061 164 628 122 957 89 2390 62 694 240 713 118 796 197 1599
108 15 1788 99 2002 119 1856 174 619 1 1499 190 308 197 1263 78 1537 58 2374 182 1330 92 298 168 1524 48 2446 244 2164 11 2098 143 2261
109 15 489 174 712 194 1986 200 2277 78 360 118 1657 33 1845 159 137 36 1988 190 1825 29 441 198 215 250 202 29 657 11 766 90 2071
110 15 867 15 1644 168 1517 239 1942 2 1235 45 596 247 1972 103 559 115 917 29 595 88 6 32 110 187 66 65 91 16 1959 151 2347
111 15 1525 71 2499 13 992 217 764 145 1083 167 1213 107 1482 60 1915 241 1774 77 120 31 718 200 2013 232 1744 152 1694 206 1868 39 2024
112 15 1218 80 543 60 1291 138 403 52 1258 11 1624 173 627 138 674 62 82 143 510 41 1944 79 1885 100 2379 249 1096 244 1734 23 2287
113 15 1116 82 960 215 2289 215 1821 49 125 165 2385 70 797 210 491 3 1912 86 199 51 1413 182 2059 112 1416 77 1284 88 1892 190 476
114 15 2186 93 1534 84 439 195 1014 226 2255 175 2433 73 2050 190 1814 112 1783 246 233 233 589 132 2004 150 507 210 1681 83 2296 196 1588
115 15 2019 28 365 170 275 117 2020 71 2415 200 142 179 2183 131 2037 146 2199 242 1740 240 1586 26 1137 169 536 215 187 40 2232 82 211
116 15 1148 230 187 235 1082 176 1493 21 1644 160 1606 135 1261 28 1275 216 1796 125 2182 108 265 143 2163 127 2167 236 1471 73 942 133 2042
117 15 777 45 1906 139 1445 183 2010 114 1839 39 146 192 2008 62 1272 1 1708 192 422 170 119 8 2078 228 2376 64 117 42 15 207 206
118 15 1353 105 1564 185 394 210 65 187 2247 147 498 65 1609 70 1140 106 192 134 925 26 1800 213 519 64 1035 101 937 51 1187 136 1613
119 15 289 156 885 51 414 79 2012 155 343 109 169 122 2281 66 280 208 597 127 131 14 2400 60 597 40 1667 81 2369 24 1181 46 1765
120 15 1316 226 528 34 1513 212 741 95 2265 207 2369 151 730 37 2146 39 2004 116 746 225 1498 166 267 204 2065 179 2251 178 823 15 575
121 15 1633 235 1737 92 1997 39 1970 224 2190 134 211 150 1207 197 2104 37 1414 188 1631 108 1101 221 509 241 1025 47 376 200 2173 115 2120
122 15 7 149 1179 169 1870 243 200 111 1062 48 1425 35 552 236 1018 137 983 153 2319 72 1746 74 1763 244 2209 69 2177 108 2179 233 23
123 15 134 235 996 81 1537 238 2404 212 586 158 1553 48 1667 193 2024 186 2431 37 985 95 2490 95 1797 50 1275 228 642 69 972 166 161
124 15 1570 166 2445 143 290 229 2448 179 57 183 1871 47 2001 212 589 55 2381 200 23 134 2246 38 1526 68 2022 130 1749 60 930 112 1137
125 15 1285 163 2205 5 2351 225 1403 200 156 154 402 80 460 12 390 218 2334 152 820 128 1722 76 128 66 339 72 2285 22 804 147 1493
126 15 760 116 2351 68 1997 128 1111 159 562 45 1552 177 2089 122 1178 150 1661 13 1922 19 2395 210 1488 58 418 168 1052 79 395 242 1059
127 15 2107 250 1327 103 83 66 583 25 704 196 1930 55 1891 115 1443 250 756 87 1951 234 2041 93 1233 147 677 224 44 220 2012 204 1001
128 15 1432 152 1833 43 211 132 942 226 1396 171 2202 134 1192 230 258 192 1749 196 114 150 1990 46 682 193 655 70 1293 187 627 226 220
129 15 1093 223 1009 178 898 176 194 89 309 204 1360 247 745 19 855 171 1846 13 1718 212 149 216 251 154 251 134 636 75 2190 199 1159
130 15 1096 162 2042 112 1668 27 1586 20 1582 244 567 64 317 20 1190 62 2265 156 2055 164 1731 90 2120 239 1155 207 1771 202 1004 247 132
131 15 314 180 2199 224 1651 165 1827 42 1052 58 2027 126 1576 153 1374 11 311 238 5 48 327 218 1832 201 726 6 2277 213 733 154 947
132 15 572 99 1550 3 1248 109 1523 93 1873 110 1810 46 1568 237 2048 67 1430 244 1734 63 2500 94 1332 114 118 231 304 126 451 25 1234
133 15 925 14 2015 196 2058 30 2148 112 410 161 1915 155 2447 100 1814 69 1177 170 1541 209 979 235 584 58 370 94 814 99 1214 12 1389
134 15 46 201 929 190 82 230 197 20 276 224 792 209 1321 17 2181 25 2256 190 445 207 1709 218 2413 83 761 43 1417 80 254 232 2342
135 15 997 13 2207 91 1829 160 1628 67 1220 240 384 19 1256 74 420 208 358 92 568 213 446 62 1640 75 922 224 710 49 750 125 468
136 15 1598 198 2117 143 1620 204 464 21 418 50 985 228 720 92 1398 81 2292 29 1532 139 219 153 241 125 1967 86 1715 211 883 111 326
137 15 112 24 170 70 1766 192 313 226 2175 65 1126 23 1294 86 711 107 746 102 802 210 929 123 286 83 1647 174 119 89 1926 100 325
138 15 1641 194 2250 232 2257 35 165 42 1539 214 350 140 1262 90 1554 30 1412 230 2150 163 912 190 2000 129 902 222 210 245 2380 55 128
139 15 713 18 273 24 1381 237 279 72 893 102 2346 162 634 206 590 19 1997 236 1881 145 1371 179 543 135 1376 195 117 96 2413 156 911
140 15 176 158 973 236 1590 94 1423 45 661 110 1178 192 1627 222 844 28 330 138 1582 190 2050 145 2332 3 215 160 1122 134 223 23 739
141 15 216 52 374 108 1405 209 1631 249 1885 131 1722 45 2107 22 524 17 471 88 534 120 2145 36 2122 40 2294 32 397 213 435 131 641
142 15 543 30 2035 54 443 107 683 22 2015 95 1018 60 964 64 1585 230 192 75 1965 177 1389 244 1449 66 2078 36 1705 30 2021 154 221
143 15 155 179 1957 249 946 115 1400 16 1058 51 643 54 1451 203 2160 226 1188 151 467 195 776 196 1930 161 200 142 1554 23 1081 2 159
144 15 550 119 419 31 2002 151 1113 222 169 217 522 8 1065 152 1587 43 2195 155 1903 26 1452 130 1315 237 1724 3 173 52 863 54 2070
145 15 878 18 898 163 2042 59 1486 143 1435 182 2346 58 1605 48 2322 226 1327 215 461 133 584 22 2036 240 1727 187 2092 55 92 105 1435
146 15 1146 88 1452 34 525 233 937 116 2497 66 2094 69 2463 23 193 183 2408 214 1912 138 1521 113 1531 106 682 202 973 31 1151 166 2315
147 15 1112 97 865 161 2235 205 1619 173 1688 53 1745 137 252 85 1760 63 656 246 519 116 238 83 1194 34 999 34 934 146 1885 91 1961
148 15 1772 234 769 216 1701 92 987 242 2427 145 1265 33 187 214 2417 113 1572 29 602 70 13 45 2128 212 653 172 2296 35 1168 73 245
149 15 576 187 127 236 250 34 238 132 2466 163 1640 10 447 82 891 21 859 101 2290 198 777 245 2315 97 34 120 1015 89 1817 28 201
150 15 1582 2 426 27 718 139 978 75 411 153 1923 168 1190 117 1484 240 736 171 590 87 298 79 714 250 288 147 2219 54 1966 196 251
151 15 61 183 1134 67 925 47 1427 220 1349 135 2112 106 2115 153 1383 112 859 74 587 90 645 179 960 237 817 189 1020 55 1276 165 1664
152 15 677 229 81 142 2336 247 456 125 1097 108 439 190 2452 224 629 122 1381 45 2431 11 1030 61 165 187 658 81 2102 62 1304 243 1274
153 15 587 198 2182 96 2478 129 2039 43 2465 26 1339 53 1759 102 1822 114 323 101 2475 248 2193 105 1569 204 1107 109 377 175 1525 236 501
154 15 706 237 2457 245 1294 37 150 4 421 47 2431 51 1330 222 810 133 1925 144 782 168 1906 118 862 205 123 12 1709 119 1542 67 1370
155 15 138 35 1156 146 34 229 1725 98 1608 36 702 7 14 79 90 200 1917 173 2196 202 1903 238 209 37 796 145 1414 228 1578 18 1994
156 15 1288 135 353 245 1622 43 1262 100 59 198 2105 5 2002 145 796 70 836 71 1211 181 2228 196 736 21 2330 122 1451 240 336 30 373
157 15 1624 191 92 242 1092 167 1717 219 243 57 1234 9 1664 26 849 158 1384 155 1435 156 1998 59 1829 237 1997 65 1491 190 1221 10 66
158 15 495 203 134 77 1145 88 876 100 993 76 1639 179 73 114 1286 24 1755 200 126 28 1426 229 1303 15 504 247 1322 149 2371 95 1693
159 15 392 198 630 21 1634 230 786 50 2442 171 1542 109 27 218 2165 181 99 60 1127 131 1187 29 2436 214 1709 99 1674 24 2021 214 128
160 15 1540 194 2004 92 611 183 433 17 591 148 791 136 1899 214 1546 35 1376 184 2411 167 276 81 1460 162 945 27 400 231 529 181 1547
161 15 806 29 1376 62 2278 162 665 49 1222 12 1776 215 1173 209 1070 225 214 153 361 209 2228 243 1767 73 1019 132 447 129 562 21 2403
162 15 606 16 2222 165 1631 242 2306 52 2080 228 242 151 545 104 161 241 2393 188 2297 71 1530 122 1496 240 1104 177 2080 123 335 16 1282
163 15 421 148 2082 248 2482 32 807 81 242 240 1116 204 2175 210 596 121 2165 55 2103 120 1706 131 1378 190 59 189 1176 77 109 55 1139
164 15 664 121 228 154 1440 89 992 215 1114 170 1261 161 2253 125 1488 229 1165 110 328 140 1726 81 1632 126 1291 238 2376 217 2383 190 2482
165 15 1343 233 2410 248 483 16 408 166 126 128 1010 8 1003 9 2320 152 2203 249 357 167 524 103 190 39 270 186 365 34 118 11 2383
166 15 435 12 2459 75 1614 56 407 120 515 62 649 234 2160 155 322 186 1010 26 190 20 2294 247 391 74 1470 81 278 19 2307 158 138
167 15 1707 22 574 250 455 151 2226 16 1050 223 1688 116 2406 60 2021 136 1244 234 1718 192 1797 206 723 229 2296 12 2412 128 1238 212 817
168 15 72 223 973 67 913 203 352 194 1018 90 1262 68 44 164 237 96 1894 90 2150 141 2412 123 401 186 1193 24 1124 122 31 5 1651
169 15 1398 247 1291 59 994 137 2126 236 692 153 1993 163 786 68 2395 123 296 86 395 222 2320 136 1704 39 2251 138 1570 176 212 76 2071
170 15 649 121 1058 245 928 133 673 202 2374 89 2265 28 1915 13 1076 76 1381 7 390 177 1922 100 1222 206 1850 249 271 15 1736 13 24
171 15 222 22 831 193 1550 157 2273 173 398 149 2088 12 2419 6 57 161 1308 79 1449 184 1705 60 506 242 359 91 2238 190 1350 227 693
172 15 1231 144 737 213 100 81 1004 67 410 46 1190 93 269 58 2152 238 655 85 1767 1 2343 3 1284 70 1961 136 304 19 1373 47 659
173 15 1269 131 505 174 2254 200 2349 37 204 173 2436 97 2105 243 1204 158 2087 39 2437 51 392 73 961 205 1032 8 820 28 1792 45 683
174 15 1116 112 976 46 572 248 960 133 1806 62 2251 101 1681 234 603 128 1443 60 2329 13 1170 165 111 142 2233 6 1329 95 1001 189 1780
175 15 1236 133 1039 204 1724 117 2392 28 112 36 1971 37 1131 92 1884 224 1058 157 548 117 1477 211 1910 66 989 180 383 194 1932 126 679
176 15 1204 43 1987 156 1276 82 1818 211 2008 242 1658 8 464 20 1329 139 1472 50 512 93 361 219 1706 28 430 237 1247 206 2476 171 301
177 15 317 178 426 26 736 226 1029 18 1550 28 1322 186 1858 221 984 149 690 44 1913 214 1920 248 347 194 1549 8 838 129 1400 131 129
178 15 995 243 448 83 586 81 834 134 2375 29 948 6 206 36 1274 96 728 183 373 36 1761 113 2291 18 1227 27 1558 122 374 93 1477
179 15 483 171 268 245 903 165 1313 20 2306 141 602 206 986 209 1331 80 322 214 2487 163 1319 76 941 125 1104 215 593 147 1271 228 1567
180 15 1152 9 102 192 1553 162 214 188 1174 1 284 189 2058 250 1226 249 1872 2 1331 217 348 36 900 45 448 97 321 89 1446 208 2322
181 15 429 230 1221 170 623 248 2423 143 2026 58 1442 122 1887 40 1318 149 1802 200 846 35 1630 228 1079 206 2209 238 2002 66 1229 19 753
182 15 812 52 1442 210 112 132 1516 222 930 223 1585 220 353 48 1827 45 1960 16 1283 68 2116 18 37 15 459 169 1888 91 933 97 1226
183 15 265 154 1252 96 1310 68 2448 73 553 99 2408 93 619 207 2347 124 2176 34 1157 240 815 104 485 182 2201 130 1139 90 542 154 1798
184 15 1089 47 831 110 1714 39 1124 98 717 223 1287 191 1095 78 577 229 153 5 633 239 1936 64 1087 242 1441 11 2239 71 406 209 1615
185 15 575 125 1546 138 1680 108 626 249 627 194 1195 87 2017 50 594 60 1711 19 350 98 469 92 1293 37 62 159 438 195 1410 73 1046
186 15 1158 125 1222 227 259 42 2116 60 588 137 563 34 1488 140 274 51 834 114 1055 166 334 18 2455 220 1163 92 1473 82 1758 62 811
187 15 422 64 1571 88 1852 218 521 176 2393 200 1986 168 416 101 1354 21 1828 20 1791 124 887 115 1953 13 2497 30 1101 33 229 160 2100
188 15 1447 135 2398 177 2438 14 1815 236 40 159 1957 171 2431 143 232 161 2300 95 1396 46 2078 151 1943 172 423 41 251 89 463 15 1752
189 15 1992 211 1493 242 2066 77 1930 164 2170 211 710 125 1921 79 1519 109 1010 236 1798 202 63 64 1168 160 736 136 778 78 1214 56 2010
190 15 2038 211 2475 81 2126 133 124 184 308 164 1403 207 1387 6 775 56 515 231 160 150 50 9 1438 250 792 103 1152 206 422 117 2314
191 15 1068 145 957 46 854 17 1680 70 1124 23 1093 222 298 157 392 86 37 188 2316 77 401 155 655 157 1235 230 1267 238 676 142 2363
192 15 492 244 1015 207 421 212 344 87 2086 57 1148 98 1133 127 2170 179 1325 134 2365 122 792 74 1098 25 1998 24 506 143 660 82 1746
193 15 1010 41 1500 94 2022 234 1391 2 72 149 97 148 1722 248 279 183 1642 74 2464 142 1248 119 391 177 2447 81 1836 39 697 14 1665
194 15 1476 143 1497 124 56 35 134 134 2240 138 950 95 1769 135 217 205 1613 45 1960 88 2371 30 913 23 416 172 190 44 2315 180 480
195 15 843 42 1533 36 534 117 1124 79 2497 189 1332 43 173 16 2326 205 712 13 204 144 1421 59 1069 14 809 201 2497 66 911 10 303
196 15 876 121 86 147 844 146 6 60 1910 119 300 246 169 16 660 26 1481 53 1850 39 2169 125 735 191 2360 195 2171 197 1008 114 1512
197 15 373 105 2393 198 286 36 1710 105 70 144 1442 98 173 165 1576 174 1286 71 1619 236 888 155 750 121 1940 125 620 25 2134 97 116
198 15 175 215 2176 37 1547 96 2026 11 1801 168 390 24 95 198 241 45 635 237 668 120 895 47 2356 244 760 45 1929 207 660 178 530
199 15 1347 202 2227 210 1446 184 226 205 287 57 1090 101 1054 223 2371 81 963 223 175 51 1890 120 1244 36 670 160 561 115 1127 84 2234
200 15 1594 10 1911 142 1057 238 96 164 2185 14 1335 130 1148 60 2032 11 1928 229 2258 52 1352 199 1661 228 1295 56 1877 21 1037 234 1734
201 15 361 163 1035 20 184 190 2424 14 2114 126 2177 116 2248 142 1369 153 2106 127 1582 44 873 140 1078 145 500 41 11 101 1087 165 2198
202 15 429 4 974 121 2082 247 481 129 1249 201 942 52 1122 131 274 125 740 20 1740 167 401 68 1595 35 2258 123 310 145 1748 230 880
203 15 1612 169 670 108 1885 143 103 115 453 1 1716 34 384 51 1248 143 255 158 1255 182 1908 81 2070 241 1671 47 1896 246 315 10 1589
204 15 1517 136 1095 43 1778 248 609 209 2019 25 1584 60 579 241 1137 65 1574 101 1652 41 440 201 548 9 1122 223 1821 136 859 68 1194
205 15 1107 6 965 40 805 201 1497 70 329 162 299 1 1114 193 2196 137 697 250 34 139 88 42 722 130 940 220 156 225 1428 151 2290
206 15 1135 151 925 91 207 16 1775 48 1102 167 212 218 624 199 1236 180 1116 236 603 187 1280 130 2321 2 867 114 1724 191 1694 8 2131
207 15 542 139 2481 94 856 43 2162 10 109 15 254 1 2230 123 447 161 28 224 529 40 1285 126 484 151 543 139 388 110 175 144 594
208 15 994 243 2414 174 1976 86 2432 76 1737 208 375 4 870 130 903 159 561 43 2037 209 2397 167 122 214 22 8 2349 71 443 236 1098
209 15 354 25 845 30 1900 115 1367 50 870 11 1186 26 672 19 570 244 741 122 337 79 1548 244 2154 108 1440 245 98 185 2378 71 931
210 15 135 8 432 150 669 224 184 195 692 103 492 153 2047 70 2412 44 1038 3 2103 139 1205 123 1529 225 924 221 882 219 1196 132 328
211 15 946 187 797 166 2056 203 1315 17 2483 236 687 249 77 226 1537 217 495 64 1305 44 2163 236 1259 163 1169 196 1149 171 1420 217 357
212 15 760 77 1153 57 2427 65 1232 1 1869 197 888 225 348 191 814 170 617 191 927 135 388 212 332 39 1319 220 2052 159 383 66 2242
213 15 841 88 2418 179 1268 120 1412 90 1202 131 1042 181 2256 189 86 245 1752 76 354 67 277 95 2308 177 1775 225 1335 152 1034 38 73
214 15 1747 116 2053 198 1405 126 773 166 2235 211 1197 59 1399 224 508 102 1487 99 2417 177 1910 219 1287 25 2107 196 252 63 2077 230 1718
215 15 781 84 1889 22 146 117 2342 241 1958 147 1949 51 2326 59 2220 90 1821 142 2491 95 488 211 482 35 2037 172 2011 213 336 4 687
216 15 1317 126 1568 221 528 131 1434 34 1075 68 91 249 1230 178 2328 233 1918 100 1630 20 241 108 259 58 118 61 1750 172 1530 71 1585
217 15 436 30 1444 177 1428 6 300 78 2435 86 2102 200 227 117 87 118 1869 198 664 89 1786 250 2003 37 479 52 1332 56 299 99 2039
218 15 352 1 192 205 2395 159 1653 81 2291 198 838 2 576 68 765 215 131 95 586 102 1986 184 549 144 1987 236 378 4 1190 87 498
219 15 833 15 663 6 1644 176 2307 33 350 58 1912 6 2410 245 1610 34 1105 75 1126 203 1722 15 1269 178 2039 70 12 104 1317 25 2127
220 15 1141 110 1889 58 2167 96 2489 220 1169 24 1628 231 1023 106 2312 154 1596 82 1258 56 986 150 1658 43 1794 113 14 30 1158 112 2195
221 15 1916 11 352 108 526 95 1417 173 1822 26 754 194 2344 246 1242 247 1534 171 764 118 174 225 1674 22 1530 207 1804 95 2318 67 568
222 15 1458 157 28 249 1124 179 634 28 2319 134 1816 244 185 208 1198 98 1774 159 448 211 2297 4 2165 205 1212 128 2176 22 967 15 291
223 15 556 51 2473 240 184 117 1926 200 1678 230 662 18 1671 78 407 100 1935 158 617 16 1929 208 1340 41 1145 42 53 69 2014 157 1459
224 15 109 67 760 239 500 178 2498 205 377 62 680 158 904 25 2103 236 240 217 1720 86 1934 40 2393 206 1478 230 2252 86 896 59 1657
225 15 1662 224 2422 122 1024 154 1803 112 767 176 1924 35 331 142 148 111 1591 158 2223 130 1993 128 784 139 1715 63 825 197 797 18 2112
226 15 2064 54 1292 193 1370 225 457 212 1334 60 2245 167 1360 148 1238 213 325 190 402 142 68 113 1275 37 436 234 563 129 1309 214 806
227 15 1548 15 987 246 1677 230 314 27 42 146 64 166 958 221 43 27 2413 79 580 48 2277 187 705 137 850 88 968 168 615 104 1829
228 15 742 15 913 201 385 223 646 43 1645 203 1056 41 243 198 500 190 560 70 616 214 2335 141 1974 199 1510 18 645 158 58 56 1974
229 15 1992 55 2281 156 285 83 931 227 1038 143 421 113 9 213 206 112 1910 178 490 151 88 226 1753 163 744 244 2235 222 1518 43 2445
230 15 148 152 1399 149 1415 160 1317 169 174 175 1386 88 815 250 74 85 993 139 1502 178 2297 240 513 213 497 80 607 109 2326 210 40
231 15 574 103 171 159 834 92 517 182 527 141 1400 40 462 41 1785 72 619 64 426 142 488 36 187 6 2324 196 1345 31 2360 35 2203
232 15 1124 191 469 52 1744 155 1861 33 269 237 491 30 180 25 2109 36 2093 227 1364 83 1932 80 1952 231 1426 161 1610 154 2125 133 1769
233 15 1669 141 496 76 58 48 458 135 1038 229 2214 237 1082 141 154 38 284 140 813 249 381 83 1002 247 835 188 381 135 1380 207 1648
234 15 1427 70 1324 246 1636 58 2085 165 540 240 49 248 1555 32 43 152 2243 223 506 3 2212 181 854 71 1995 165 417 17 463 232 2393
235 15 714 28 707 26 1536 61 508 174 965 195 2491 235 890 103 929 150 201 129 1090 188 2168 176 1883 186 1788 86 879 1 2412 5 619
236 15 1236 104 815 28 1914 103 2152 55 1126 46 219 88 985 6 847 69 321 135 1107 235 1188 245 835 91 1987 215 2472 11 1994 21 1458
237 15 26 56 14 45 22 73 1000 55 933 33 1729 145 2001 108 2056 125 637 37 187 19 2106 160 2500 70 696 120 2294 169 1214 23 162
238 15 1582 93 1867 121 1366 36 2345 175 1298 34 156 30 602 94 1595 222 950 208 212 210 39 45 776 156 224 136 2365 76 1316 248 1970
239 15 39 36 222 33 507 191 1257 148 311 121 212 225 374 50 1588 121 1563 188 2247 115 1709 221 862 62 1536 52 2185 158 1509 204 759
240 15 621 88 1949 143 2107 167 461 11 1961 118 544 35 698 159 20 25 1880 33 633 70 2236 153 1106 250 1915 237 1026 7 808 175 443
241 15 148 98 2394 129 1275 224 526 152 490 110 1767 174 313 229 1342 12 1833 15 682 194 1111 156 1521 132 1941 82 2303 75 166 130 2032
242 15 71 89 190 98 770 118 181 40 1032 155 2151 140 1151 190 943 184 1301 245 384 41 1181 124 933 45 1029 91 1092 117 1099 47 1630
243 15 859 59 355 37 521 69 1680 215 2436 144 530 146 943 25 2233 161 1270 244 323 153 1656 11 1445 134 1486 243 2412 188 197 65 1645
244 15 555 202 618 247 1242 24 185 31 173 83 719 232 581 112 2305 216 942 213 1154 18 286 24 621 135 1042 105 1658 26 1725 171 975
245 15 1999 110 1908 196 1262 69 2233 244 730 187 983 19 1030 239 1502 16 250 226 123 39 580 147 66 82 65 120 83 202 404 132 488
246 15 1007 12 1253 209 2372 132 1141 194 132 123 2257 32 2055 92 2340 5 2221 197 2441 68 1810 66 2296 5 1746 63 915 241 2457 19 1579
247 15 719 106 2259 132 658 35 31 111 1910 114 2445 205 537 189 521 139 685 137 2142 16 694 234 1776 208 1042 86 1942 37 2133 176 518
248 15 1699 79 502 92 902 150 545 192 199 149 633 64 1252 216 1809 225 2043 91 1149 204 678 132 1340 140 2003 26 2137 18 693 94 1103
249 15 1644 22 1783 176 1617 125 1587 54 1029 54 1901 230 512 206 467 32 586 168 754 227 1243 153 29 197 790 178 440 20 424 216 1119
250 15 1375 142 1915 66 1380 123 836 114 1016 230 1664 19 2181 175 748 212 18 85 1683 23 1231 64 647 117 36 205 2332 31 1452 44 2187
251 15 1580 150 1764 250 389 156 1618 30 356 88 644 47 795 194 1300 33 179 86 1609 36 988 148 1395 209 1956 37 105 134 1097 113 2234
252 15 1016 80 190 165 1302 233 1090 53 1995 108 1674 248 1536 149 1386 37 1342 209 1295 195 2418 110 100 154 437 107 1357 150 893 55 614
253 15 1332 150 2081 145 469 124 1822 21 2111 182 673 31 347 165 508 234 236 51 752 16 184 167 740 197 82 9 971 80 1273 186 436
254 15 392 180 1460 4 1537 17 1032 13 2347 112 1589 191 951 62 1085 215 1279 187 782 101 573 101 2032 134 1121 209 2039 91 1944 174 1092
255 15 1269 207 1621 178 580 71 1205 184 1319 67 1928 240 956 35 1116 120 1935 242 512 207 1891 208 1230 159 1239 92 2104 218 1475 94 2294
256 15 990 16 1485 184 1232 142 1758 19 1011 126 2077 211 236 216 896 39 1609 10 2398 124 1518 188 290 50 943 7 1813 13 305 233 1976
257 15 648 240 654 70 1734 52 2244 56 943 147 1506 138 1155 46 846 36 609 4 1151 84 504 10 759 230 339 93 1501 44 268 246 1305
258 15 1773 247 561 115 996 104 534 207 1028 144 200 19 669 104 689 63 1479 196 1348 17 2254 95 2269 63 2144 63 2296 226 1321 181 2199
259 15 400 106 176 155 1301 146 773 146 2220 161 186 117 1986 44 1061 36 1166 154 2403 115 319 12 1937 42 1110 134 2120 34 558 1 513
260 15 286 94 989 75 1784 169 914 230 1720 30 2492 76 571 99 1426 92 2051 215 561 161 940 42 1523 118 1174 52 708 242 363 91 2467
261 15 1632 234 2207 127 2058 118 1757 89 1866 129 1136 204 1529 30 645 2 1217 202 1267 153 1727 203 2018 60 1458 172 1062 157 295 78 1217
262 15 45 24 862 195 398 140 2327 106 2216 201 160 96 1411 43 761 205 2165 17 1905 127 1852 205 1828 174 790 119 86 86 1619 18 1830
263 15 1080 245 1832 141 2320 35 1044 177 1544 195 1753 204 1172 9 1903 6 1061 209 878 155 701 23 1130 162 1968 247 623 188 929 111 2016
264 15 431 100 1742 142 1477 231 932 158 157 28 495 170 1352 159 698 179 1677 29 573 125 1060 117 882 77 555 92 530 219 2358 232 2244
265 15 901 123 1159 119 409 224 58 185 1395 163 539 190 2051 112 1353 73 881 130 758 27 1372 236 1209 106 847 115 360 84 280 198 142
266 15 1950 195 267 155 476 101 421 107 2012 114 2369 200 1231 158 1788 38 1770 229 1432 125 858 104 1666 14 499 123 1210 78 1275 236 1926
267 15 462 44 2281 89 171 107 508 121 2405 198 2308 236 1557 77 838 222 880 57 1200 179 2064 114 2490 191 2335 246 1414 214 964 14 2381
268 15 398 75 1332 171 2022 28 631 158 1380 114 369 90 1423 176 1751 165 698 192 2340 173 2053 125 1475 28 368 107 753 207 38 65 1639
269 15 1256 166 2057 225 1371 174 1384 38 651 110 1765 64 1691 142 1221 44 1506 140 961 117 303 185 798 182 186 103 2330 241 177 154 2049
270 15 1748 85 995 221 1424 230 1142 63 809 114 2141 81 587 56 2135 43 2099 16 2007 81 754 140 870 165 1163 10 2005 240 1323 238 61
271 15 1943 25 1 210 1109 12 2424 164 1292 201 1103 100 950 221 1988 18 1268 127 100 242 894 14 594 192 534 198 1349 220 724 227 1658
272 15 1770 205 1460 242 226 207 1485 147 1360 61 1468 187 178 36 878 66 2415 187 460 26 1322 88 1536 159 1223 173 2344 139 113 68 2216
273 15 1764 13 1730 226 55 29 1979 230 1409 204 278 43 436 49 2326 181 1698 153 335 249 901 182 2247 224 2078 148 816 22 1868 164 1001
274 15 57 64 2295 20 1695 216 322 214 1692 140 82 28 2044 31 2289 183 270 187 1999 39 689 234 1891 13 2360 11 1703 109 1521 125 1390
275 15 834 162 2424 71 1098 137 711 112 1599 16 64 245 1971 54 1667 241 59 101 1755 46 210 208 1255 67 476 153 106 45 565 200 905
276 15 1419 110 644 49 2032 30 1946 50 1747 224 2249 115 1373 139 209 233 1695 9 74 145 2286 180 1979 35 2445 50 1748 125 927 32 1088
277 15 1536 244 1727 115 1528 99 594 108 2347 125 262 43 696 179 859 86 1362 160 1464 8 1031 4 2041 135 3 43 895 202 15 213 1052
278 15 1318 164 606 238 1247 174 2064 28 1686 162 1880 65 1471 114 295 4 9 70 2178 74 15 180 1651 197 2121 240 2333 198 54 11 2150
279 15 505 15 1402 59 125 115 49 231 1565 236 1595 139 610 198 2255 210 675 53 1784 189 2464 109 2483 26 1711 143 1064 225 516 16 17
280 15 1529 70 1339 77 1483 72 2443 87 1387 44 2122 64 2295 25 2477 246 1664 17 1631 222 1510 137 479 248 1518 183 195 238 497 97 2103
281 15 1289 171 40 61 1157 11 1045 31 357 1 259 82 1724 169 2172 30 443 64 938 16 2219 215 1567 83 851 27 1082 223 758 173 962
282 15 1157 122 1280 127 1605 243 1690 78 891 234 870 178 2447 17 607 246 244 166 1717 231 1016 44 2474 85 2317 120 1519 143 2279 157 826
283 15 757 61 2248 185 545 226 208 101 1484 169 1541 70 2007 80 837 7 1656 72 1617 130 581 87 1478 99 761 110 683 195 2093 61 984
284 15 1106 134 350 242 809 166 892 58 1288 40 932 44 76 228 1256 54 470 24 73 4 1713 203 291 148 1006 22 404 240 539 192 529
285 15 377 96 1192 244 2273 97 795 38 1950 90 1192 185 244 157 1028 194 1558 110 374 220 93 54 942 108 263 93 2395 91 1857 249 1447
286 15 1345 80 662 18 1125 16 270 225 473 210 780 2 2121 137 1939 145 526 45 1866 49 2080 100 2262 103 842 126 1877 111 1865 172 1397
287 15 727 143 1957 93 800 227 1136 52 2139 67 630 3 1781 5 1535 125 2214 1 255 29 1465 154 5 103 1411 68 1867 234 2290 9 1190
288 15 1670 63 722 73 1581 1 1966 27 1153 165 1527 131 1542 202 1919 173 626 203 286 241 439 226 1075 96 1786 133 1206 155 1307 159 1089
289 15 1194 30 1333 104 1388 55 2084 150 1257 208 512 66 1868 15 1149 123 880 17 1084 203 103 169 2271 37 696 202 1155 128 74 172 1295
290 15 1032 42 1476 58 1093 82 1619 23 507 205 331 131 2166 44 1291 16 540 183 1077 37 1239 72 2046 42 830 102 2326 112 1342 155 1213
291 15 127 149 1507 240 598 185 1807 129 942 181 2460 238 906 193 1605 77 659 146 1288 100 1894 110 1783 171 8 170 1293 16 1648 246 1981
292 15 1472 34 1214 230 886 113 2471 65 1055 162 323 198 1381 81 821 171 397 3 1003 249 114 204 1445 18 2497 62 59 87 578 228 486
293 15 1167 238 2263 80 2252 171 1279 37 469 29 1281 182 6 156 1879 229 1601 81 2465 138 1765 66 2066 226 1282 13 1681 45 716 49 1132
294 15 1558 159 1263 129 532 119 1077 8 1915 19 1530 239 1906 94 1602 1 992 201 2463 233 808 193 1726 177 737 119 1115 229 1005 240 340
295 15 1560 189 2036 51 1860 121 1850 105 1428 203 2074 29 1261 5 1895 3 1912 249 2160 126 790 244 693 63 2353 210 1685 104 1515 66 2310
296 15 487 242 1120 179 247 202 593 84 1858 217 1809 167 2080 115 1704 208 1436 89 501 212 1901 219 1253 74 381 129 1444 189 911 98 1435
297 15 176 19 1364 14 1526 246 1670 7 869 17 1708 161 1053 142 2435 167 1982 1 864 41 2079 106 1034 12 2104 187 1565 107 1543 16 1334
298 15 1729 29 449 31 1494 129 1544 78 669 214 1748 165 509 22 1494 202 1583 211 2142 150 2272 86 680 213 24 48 894 87 416 75 80
299 15 1555 180 1209 123 208 38 101 199 4 107 1437 103 1947 12 69 131 1649 62 2079 55 1313 143 2458 249 1309 54 1884 57 377 102 1566
300 15 345 37 1308 218 570 35 1307 165 1542 53 2006 148 1496 196 2009 23 2453 172 497 152 544 205 999 162 856 90 1252 46 1249 95 384
301 15 606 151 1477 119 1405 23 382 31 553 123 518 29 194 81 78 221 433 219 2152 225 423 134 157 207 1970 219 873 96 1229 33 20
302 15 138 187 1368 20 2491 210 518 30 574 149 695 107 2251 125 648 104 1365 180 825 65 97 95 508 92 2240 243 2246 117 2188 131 2094
303 15 27 98 912 116 1510 161 421 104 681 240 1576 87 1423 83 1990 247 1125 155 1221 246 463 40 907 128 1967 219 1854 109 1829 79 1851
304 15 882 207 2362 98 923 72 1354 26 1076 34 1230 48 1979 115 2008 199 1337 61 1175 240 1381 250 349 230 1881 139 2198 23 797 60 2132
305 15 1580 80 1247 174 1264 134 1720 131 1564 17 1903 11 1560 167 66 179 1600 165 490 81 1164 216 956 44 2271 159 986 103 813 73 911
306 15 1814 156 1405 141 2158 135 374 161 600 177 680 225 1127 130 2339 52 429 61 645 90 1988 67 2160 63 1386 191 2479 96 2008 243 2163
307 15 173 199 2272 6 255 4 491 189 1736 231 976 176 1875 37 109 56 1702 1 1531 68 859 173 209 250 1047 188 2440 10 1317 1 1030
308 15 1525 15 482 64 1180 130 1080 104 936 27 772 248 2044 25 2212 23 1840 191 578 153 578 9 984 232 2387 151 2116 50 1229 166 1872
309 15 1216 99 1974 192 58 185 1564 92 1409 206 1867 95 495 205 1491 127 317 3 1914 214 486 94 563 210 2411 204 328 145 1246 153 1771
310 15 474 133 600 168 1776 161 1044 34 498 155 1352 169 1049 39 891 178 2149 51 1084 56 1403 126 970 130 2387 77 1219 204 1584 12 636
311 15 1222 181 1604 24 2202 62 1330 96 1665 217 1762 156 2434 176 1054 75 1091 71 1408 8 1714 65 582 243 2303 31 1299 158 2083 132 217
312 15 914 240 1487 142 1952 22 1280 223 1998 15 185 18 1727 191 63 229 596 210 1001 176 128 140 204 2 1324 205 690 40 2120 235 1535
313 15 499 64 2230 155 1914 181 34 233 1615 193 476 131 294 152 1069 222 1477 199 1582 167 105 19 155 39 845 204 871 80 30 125 1538
314 15 1763 248 1143 219 157 245 1156 52 685 160 732 227 1374 6 2056 177 1951 14 2075 168 1482 235 1772 129 403 198 565 95 518 234 94
315 15 736 163 1603 111 800 109 562 122 652 201 1212 11 1384 131 315 7 917 195 1929 29 1688 249 2045 48 1563 127 1482 166 953 199 1881
316 15 123 77 617 92 2083 114 1170 147 70 76 44 130 333 142 2064 2 2038 210 36 235 2343 93 1226 190 2109 98 850 121 2359 224 1480
317 15 728 84 323 139 1617 127 23 201 965 214 2100 74 1964 55 726 91 763 126 1991 24 1492 247 1162 107 822 194 28 38 2230 54 1567
318 15 1279 73 172 26 1604 27 1869 158 2040 249 2455 169 1118 232 1517 43 1158 60 1438 225 1799 54 238 85 487 33 2267 249 1536 94 1843
319 15 554 162 554 219 87 146 1030 124 825 228 649 142 732 212 535 240 499 170 1798 143 439 193 1910 83 2152 12 783 99 427 81 164
320 15 488 135 1712 4 602 187 736 36 1324 235 692 58 470 40 1397 131 1659 100 1688 163 1945 168 1459 98 1185 111 1957 187 1879 180 155
321 15 1160 195 15 216 39 72 739 239 975 11 179 110 1930 144 780 7 1232 118 1743 75 385 183 725 249 1637 95 5 48 2165 144 1884
322 15 1398 11 46 55 1368 111 3 168 1593 154 317 184 1110 151 2280 20 2487 81 1873 103 1328 9 472 44 2274 202 936 127 1955 19 1174
323 15 500 85 1440 153 11 43 178 174 324 13 705 58 2177 86 720 71 1321 164 1040 133 2475 48 934 182 827 185 2399 33 2455 1 1185
324 15 994 80 2209 148 1727 60 1338 197 1700 234 535 104 2129 7 1409 172 1268 130 464 244 32 124 2052 70 819 91 1981 173 1772 121 166
325 15 872 121 1067 197 1598 164 1257 142 1945 203 1422 238 636 203 97 77 2460 55 1183 244 2058 19 1766 81 575 193 2112 19 1104 49 9
326 15 881 105 729 10 767 204 751 193 2384 89 2119 135 17 99 2400 245 1573 72 1593 1 1251 89 2195 131 1906 153 806 182 2203 71 2486
327 15 1315 207 2485 12 67 143 1379 213 2265 50 49 127 975 161 2030 140 2073 96 1384 127 936 232 1543 112 1057 115 1911 186 1755 161 1937
328 15 2088 234 1696 238 255 193 23 105 879 137 700 78 758 100 302 55 1462 192 1638 177 1335 138 2436 60 1554 186 855 108 2354 177 1451
329 15 545 38 2366 141 1280 35 2119 89 1836 80 2411 14 1407 75 1257 177 2311 70 899 4 1076 207 198 200 2443 82 834 45 248 70 102
330 15 198 84 28 114 941 213 1172 217 2367 164 452 90 454 52 2357 52 1808 50 1139 181 1424 148 1662 236 1646 11 2378 41 1444 29 1343
331 15 1048 242 2187 118 861 119 547 119 1001 94 1804 220 1846 65 2060 117 1933 5 774 86 660 211 2240 17 1406 77 2411 246 844 61 680
332 15 825 58 673 201 601 148 2443 24 601 217 320 21 1188 162 2053 176 254 202 541 228 1130 109 129 241 1842 164 2198 72 392 61 719
333 15 1384 217 134 167 1780 48 2440 68 2413 163 1863 60 878 111 2328 23 767 97 1771 243 277 206 1741 3 102 82 2087 103 499 70 1604
334 15 700 227 307 94 1666 48 2042 234 2310 55 1155 213 384 144 540 70 1082 182 1484 130 1014 153 1740 107 171 231 1925 10 1681 169 846
335 15 1667 227 357 167 1637 55 806 145 399 78 1271 18 2229 128 2032 194 1156 217 2100 212 1789 7 1184 109 1756 24 1724 132 1926 218 239
336 15 917 194 1677 18 344 222 2257 128 1380 139 2302 50 1645 147 995 85 859 162 262 149 2102 141 2023 205 1915 242 168 5 2044 45 1930
337 15 1149 56 2255 81 310 151 367 1 455 206 2084 41 1929 189 2215 19 1090 183 865 86 1902 241 2464 175 1351 33 1136 182 1076 83 754
338 15 2101 186 2171 194 1270 197 25 80 967 137 2249 147 2035 244 808 78 1566 194 1112 204 558 161 954 104 417 127 1039 143 1279 139 1037
339 15 740 13 98 176 2408 162 2103 88 2483 77 1318 16 839 212 1700 107 1530 61 783 43 1902 181 225 246 1079 185 2193 159 914 232 716
340 15 343 74 1037 89 1146 243 1004 26 2029 17 1417 52 1622 69 79 122 2470 53 2 151 315 247 853 110 2300 61 1020 101 2235 94 848
341 15 187 65 2165 90 1133 200 390 25 314 166 1650 112 1264 44 215 36 635 188 1665 114 1196 154 1153 146 19 21 1631 170 856 136 937
342 15 1168 10 234 130 1151 173 866 84 890 122 102 239 449 56 224 240 656 138 2239 114 66 47 20 113 2068 102 2066 33 2163 128 643
343 15 1499 68 896 55 208 10 1765 225 1873 115 1913 180 599 135 1084 8 1860 150 2414 118 1546 71 377 172 838 58 536 135 503 136 2468
344 15 1562 196 677 168 1942 190 1305 239 1733 186 1684 27 980 169 663 196 1536 81 1483 123 1965 33 1283 221 1055 141 1905 127 724 157 2346
345 15 431 123 1899 130 401 13 493 147 2446 155 815 126 1549 209 1632 48 1313 27 256 185 2018 91 977 165 915 162 1094 119 2225 82 1566
346 15 1365 124 58 33 1958 61 363 170 109 230 270 9 437 191 2107 85 73 32 1276 193 2255 16 59 47 1949 133 488 214 1841 140 633
347 15 1366 163 475 6 722 155 192 74 2426 228 2414 23 553 217 2428 65 170 167 2284 189 476 184 1320 99 985 72 329 150 2410 196 615
348 15 1310 118 230 245 2443 65 1834 98 383 124 2170 87 270 123 1652 32 1646 73 737 225 1739 147 466 241 120 205 421 130 1178 87 274
349 15 769 32 558 194 1438 143 777 103 198 63 189 153 1761 44 2345 128 919 29 2079 48 302 94 325 249 792 100 864 125 2317 49 651
350 15 2068 221 128 31 421 229 1250 175 1013 192 2267 211 1869 53 2150 209 570 22 2446 165 1019 208 217 15 1378 140 1850 217 1953 173 1672
351 15 1271 207 599 145 244 90 2172 147 1315 55 1427 121 1673 14 2063 49 97 167 558 211 667 30 278 178 1098 170 1368 233 2245 193 2429
352 15 1039 113 88 144 194 87 2231 197 659 18 595 204 1785 149 1664 175 2047 152 1689 38 505 204 2329 231 2318 43 774 52 1495 92 1907
353 15 634 118 2456 55 592 135 1962 107 2181 104 2445 13 528 182 875 166 401 73 1346 33 2166 78 829 222 1360 42 448 34 2334 104 1664
354 15 1309 141 52 21 2404 67 548 154 896 125 891 217 2492 193 1597 141 1892 250 1615 141 648 157 698 173 1999 201 2274 160 1152 154 808
355 15 847 121 120 201 1907 91 1671 166 2366 223 1919 205 2304 168 583 4 413 176 348 13 258 14 1452 142 889 208 857 124 1365 20 1546
356 15 1543 103 1046 194 1850 223 1691 210 1763 21 815 86 1572 182 1343 6 556 185 1439 60 570 99 2128 88 1892 181 895 18 1327 74 2096
357 15 73 159 509 78 2170 183 1783 178 2269 54 886 78 2161 191 1355 219 998 153 252 48 1392 63 2015 54 1853 78 2427 234 824 143 1353
358 15 406 210 2227 162 468 173 1179 198 1724 147 195 172 2327 186 2042 153 1220 164 1498 53 131 139 1385 158 1304 68 2404 183 1979 167 2182
359 15 1418 80 2465 53 1428 91 1601 91 1795 197 2426 133 606 67 1710 90 880 27 178 165 1135 63 686 201 862 247 481 222 2133 205 1669
360 15 2068 220 1948 238 2133 149 2002 76 977 42 1684 207 612 199 2 128 598 103 323 222 2081 239 671 130 2330 116 1457 2 479 119 2418
361 15 1591 200 681 135 2147 74 130 192 168 24 2455 77 1931 161 276 108 1315 212 2193 221 166 154 2163 183 566 120 1115 203 620 10 1806
362 15 1369 140 15 198 671 199 1796 129 1631 173 1452 104 259 127 1636 88 1365 168 2181 161 1281 171 2056 214 61 7 668 144 905 144 2465
363 15 1223 217 1001 173 420 86 2058 94 624 96 1532 4 2431 176 1335 248 1287 39 1312 32 1476 38 2286 123 2193 131 1261 137 2480 15 1657
364 15 108 136 791 98 2360 160 2312 53 1170 168 1100 209 1742 125 359 54 825 26 1211 249 563 177 1832 7 2448 77 378 19 318 141 1879
365 15 1879 181 1748 31 1199 66 1622 112 498 234 2297 99 521 177 251 65 1586 137 1118 192 641 168 1990 160 1675 156 1911 145 1837 144 2412
366 15 582 105 1236 17 1190 186 1212 103 2269 231 2112 173 1771 15 2233 209 1039 163 2401 230 1505 34 1208 240 260 211 946 167 357 79 1056
367 15 261 127 642 162 2125 201 422 111 1904 8 405 233 1861 57 1075 84 247 210 2083 85 1138 223 375 60 1686 116 264 218 1762 212 2198
368 15 678 29 1029 13 526 18 1046 230 444 162 1483 37 1348 37 1352 41 2085 94 1754 16 123 236 493 113 1100 159 816 207 511 81 350
369 15 1683 116 2100 38 1885 102 1408 222 630 144 945 62 2011 26 1972 116 662 47 405 249 1725 242 1983 160 1207 225 1927 114 2386 115 1669
370 15 391 78 1134 85 2378 191 465 175 236 75 1991 50 454 9 316 22 1239 124 2407 245 248 29 2263 73 178 228 2113 168 2043 33 2394
371 15 223 114 815 206 2333 58 1357 205 39 27 2430 38 500 38 1425 163 362 81 529 134 2202 185 1992 240 1103 133 648 221 2426 131 625
372 15 702 78 993 76 500 206 2401 82 415 68 1660 230 2104 198 866 7 52 33 1324 191 1651 155 1894 204 252 59 1221 131 1110 91 577
373 15 123 223 2277 133 243 86 1569 244 317 172 1824 42 2068 1 2011 45 2406 193 1280 108 564 40 864 2 1060 197 1355 91 90 121 568
374 15 702 89 250 85 1986 92 1406 143 729 2 593 151 2418 146 2475 138 2324 141 2455 191 587 121 2314 205 1836 226 400 86 530 36 2442
375 15 1400 65 944 182 1401 167 308 4 1221 160 2493 98 283 95 1398 238 1643 129 2153 131 31 5 778 24 53 21 1888 168 2345 206 120
376 15 1532 190 1592 41 1170 64 2477 135 1825 29 443 42 1886 78 2116 245 273 239 1787 91 1978 151 654 168 1900 199 498 38 1597 228 1029
377 15 124 40 21 173 1628 132 1635 101 2266 39 931 150 2124 10 1777 36 1903 147 519 166 2303 92 48 158 166 53 2229 12 1498 199 169
378 15 477 14 1824 130 812 30 817 74 1824 7 62 46 758 22 52 8 1791 23 2256 18 2235 171 1865 8 2316 64 251 107 2394 98 1255
379 15 1959 159 2329 207 1300 203 803 145 1137 189 2312 83 1030 239 2441 107 1234 172 625 118 1123 26 2494 104 1306 3 2238 51 2180 216 1530
380 15 1351 72 744 148 1362 196 943 212 641 92 410 191 96 121 1065 175 1870 236 1306 32 439 144 739 60 1082 131 90 130 1689 169 2171
381 15 872 92 2062 127 2013 156 2494 237 2091 185 231 206 2381 122 314 102 333 115 1674 15 1140 95 649 143 63 39 360 47 417 7 1803
382 15 1101 162 1453 38 1258 78 430 145 1499 1 2033 177 1549 144 459 72 1975 57 31 11 679 57 276 250 2394 25 1051 66 622 231 2060
383 15 1860 73 72 37 1656 116 1065 108 502 163 1933 117 200 228 1917 148 1050 244 724 118 2037 206 1192 214 810 162 1465 217 982 143 2138
384 15 1938 225 288 72 1457 217 397 162 238 185 1201 87 1264 241 778 175 2360 166 778 30 941 117 1586 111 1262 189 1988 153 675 71 907
385 15 314 102 48 15 2339 92 57 46 803 55 129 173 701 200 1212 24 951 228 2156 179 1869 126 523 106 186 242 970 228 1787 55 1649
386 15 546 50 1848 101 1369 52 765 39 1192 50 1721 59 575 210 1730 229 2081 43 1477 195 2164 16 1125 10 618 136 3 134 501 8 1193
387 15 1780 158 665 56 1532 121 702 195 900 33 2476 171 1249 144 2339 119 886 21 1143 206 2216 104 669 112 476 204 417 88 1844 242 1205
388 15 79 139 473 138 1516 198 1856 164 1689 79 1008 81 1576 125 287 241 2240 155 353 34 396 32 871 235 220 50 2414 69 9 11 2023
389 15 856 245 778 93 6 35 2227 75 1791 109 1632 137 1893 247 1148 203 1262 207 1178 245 2054 197 1107 106 1487 7 960 62 1431 122 2191
390 15 760 190 431 44 671 167 2111 38 1011 194 712 184 2200 212 1190 127 1931 126 2463 83 628 65 872 198 1686 182 2255 137 1182 47 1116
391 15 544 115 327 163 2355 194 2125 213 651 19 1832 189 1525 23 1295 218 2217 107 199 182 2297 146 2337 240 1795 60 157 82 262 197 2064
392 15 1870 229 1122 211 844 46 1974 148 2098 192 904 148 1082 231 2253 51 1913 98 613 47 1170 232 58 27 1496 33 494 211 1410 103 925
393 15 1949 241 1454 54 1119 67 588 242 504 133 1345 137 1986 201 122 170 2379 17 1603 84 1075 127 2026 55 1591 191 1984 70 18 179 640
394 15 546 20 1719 184 2384 43 1909 93 1414 94 2074 198 2357 191 2424 120 1084 40 1514 9 2465 7 196 168 97 36 46 134 1834 92 92
395 15 922 95 1596 199 1347 120 1887 202 846 171 1844 141 431 103 2151 106 1221 24 437 78 174 92 1471 215 230 151 1608 218 64 222 2191
396 15 525 10 965 172 1539 25 1892 250 1798 246 674 231 415 1 2431 76 1968 39 679 96 315 49 288 37 326 61 1577 78 983 127 834
397 15 327 124 1912 228 211 76 2109 231 387 192 1481 147 181 39 1232 221 1323 149 2027 223 2355 178 950 78 1717 250 291 133 127 55 1269
398 15 431 182 1073 38 1549 150 419 240 172 207 2482 96 560 115 682 155 403 154 1244 180 1029 11 168 64 593 195 171 153 383 211 11
399 15 1582 10 1976 180 1066 176 718 176 414 214 347 149 996 64 864 52 1095 11 1237 199 997 154 1779 219 2227 5 1387 62 221 154 596
400 15 934 175 1719 36 891 194 1168 244 750 136 1377 110 2322 126 200 104 868 10 218 31 414 121 2499 114 363 21 990 236 2170 145 1983
401 15 1531 142 1801 113 2086 134 1510 215 259 231 32 104 1837 204 1738 66 1666 117 1228 28 887 40 2443 211 852 233 1240 235 311 156 1039
402 15 1859 195 1609 108 1359 195 1107 17 1080 29 1826 214 362 82 943 140 1156 137 1369 194 1617 135 1908 129 1177 77 43 207 578 90 2356
403 15 44 79 519 148 1521 155 2394 35 685 215 1718 169 499 70 1494 182 779 34 2427 125 1635 9 1514 53 371 75 1141 186 351 108 759
404 15 227 234 848 178 855 215 2467 159 1285 52 1945 176 1553 161 2310 210 1839 57 2156 235 1294 240 303 236 808 98 347 195 1119 158 357
405 15 1057 82 1879 33 2497 249 1243 75 1839 241 795 128 1598 151 883 17 976 224 15 115 2192 212 1624 249 137 246 1427 21 786 199 502
406 15 1532 192 1318 172 1852 182 1744 8 235 11 1299 240 1414 153 263 60 77 84 1239 17 2134 122 2394 209 642 31 1111 179 1114 159 407
407 15 1527 237 1263 63 370 19 265 145 1962 136 976 61 302 230 1206 70 2493 201 2281 184 247 56 866 82 844 247 1204 11 1053 72 924
408 15 614 130 979 211 797 230 848 140 287 134 2107 120 2490 147 2332 33 2038 32 1072 48 596 57 2314 62 1482 200 1020 117 704 63 1279
409 15 363 112 620 106 603 246 1303 127 1465 51 989 83 249 78 1971 56 1610 57 2359 170 2363 102 722 5 1800 141 1325 3 436 142 749
410 15 1406 76 2419 100 2409 83 866 71 594 201 1268 131 2442 12 2135 20 579 73 1851 121 2278 169 382 238 1549 138 4 7 1828 25 1714
411 15 541 138 1216 181 1253 116 461 248 2392 34 204 246 646 73 712 118 216 75 278 229 1719 219 1496 74 1163 245 1538 77 2340 129 209
412 15 1331 117 1854 127 1834 53 2071 82 834 130 1465 152 762 150 754 180 2238 134 144 47 228 11 778 161 2137 53 2201 29 2493 74 2500
413 15 1501 67 1320 1 2312 152 2089 1 1791 184 339 19 1343 216 2336 84 1672 172 2445 210 829 120 1640 136 1397 37 1452 12 710 150 1627
414 15 532 204 2362 154 1216 147 99 111 1796 89 523 135 76 149 1881 112 1754 58 419 33 1667 177 773 83 2455 43 1525 57 1309 30 1263
415 15 781 70 2400 167 1722 218 1333 21 1664 49 1747 78 1413 119 1239 76 567 50 1765 177 395 23 1661 198 1663 92 1812 120 492 58 1273
416 15 1100 185 602 100 1809 6 1762 2 2046 42 185 17 1152 133 820 94 2219 64 2029 148 1246 60 1475 189 2383 84 2237 200 1641 209 220
417 15 634 85 1441 89 1797 169 68 53 1765 189 1846 24 987 29 345 180 2182 92 1352 228 1990 231 1252 183 2045 79 1375 246 1805 8 601
418 15 794 39 1281 125 35 205 2223 188 2272 114 1217 20 2189 12 1368 204 988 42 58 67 357 91 1873 239 94 231 6 129 2365 15 603
419 15 551 175 131 41 132 151 780 99 2378 144 1761 51 1513 128 192 248 1193 124 20 163 1613 140 2092 105 1622 143 1361 239 2085 90 901
420 15 1131 62 1009 157 1766 184 1125 109 67 148 1005 131 83 212 871 198 1153 14 1432 10 1002 239 1068 147 921 222 2314 25 1937 169 413
421 15 1680 144 1824 205 1949 18 1078 38 2083 200 161 113 1749 17 1121 224 614 112 1791 85 328 82 10 112 630 122 1728 200 1513 146 1166
422 15 597 163 1942 53 203 51 2483 69 245 121 1484 144 1400 243 590 6 2043 91 1553 50 1338 14 556 202 686 177 839 177 2221 214 1996
423 15 274 65 705 45 1200 80 1193 25 516 108 1307 133 1872 107 1781 29 1306 79 767 81 1593 173 2023 65 539 194 505 221 1010 82 2353
424 15 1888 25 929 224 1570 202 2180 92 1125 66 627 131 624 107 2284 203 316 198 1977 76 601 32 2425 106 849 235 421 155 832 87 1076
425 15 458 120 2462 13 589 11 1728 119 102 244 1727 210 953 42 680 139 706 212 1998 141 2285 110 1535 58 1851 14 890 125 1362 102 753
426 15 575 245 962 91 2256 57 1587 105 542 83 382 139 991 235 318 165 170 165 1181 219 1625 12 871 166 2100 47 2457 34 86 193 1039
427 15 1104 147 2403 14 1464 141 1590 230 2093 53 1563 72 638 35 1036 117 2398 14 1135 106 1674 222 1466 174 1736 178 706 121 2346 171 1008
428 15 484 239 346 52 423 38 1765 130 695 51 500 23 604 222 2445 155 873 213 853 91 1339 208 2038 82 414 80 577 163 2069 64 1141
429 15 841 236 2177 156 971 175 1770 8 1889 46 158 227 112 171 342 222 1130 118 876 87 335 121 1220 234 1944 154 2186 209 1478 158 1850
430 15 553 82 2298 75 1704 17 2278 189 1394 73 1457 48 2056 116 910 104 1335 46 555 44 1187 214 864 13 1251 84 1934 10 1976 234 2076
431 15 1480 182 359 115 2326 115 597 75 503 133 761 156 2184 72 1900 68 2386 129 2029 151 1801 249 2452 60 350 76 594 205 712 25 132
432 15 1248 34 371 212 1696 249 2273 46 2353 16 136 79 373 143 1751 210 1925 165 86 199 249 133 506 141 2058 206 806 184 1245 62 745
433 15 67 196 235 70 1911 106 1257 143 77 21 2028 198 1986 4 1423 188 2042 31 703 123 2141 30 1961 207 2115 4 1800 82 1500 250 674
434 15 1311 249 1986 66 636 66 780 123 2322 110 316 139 2177 55 1166 134 1251 16 685 109 202 194 1612 114 2061 241 2423 71 429 97 2169
435 15 621 230 146 44 317 214 1504 157 1541 91 2014 66 774 249 537 153 2112 150 196 45 1006 14 127 42 871 185 1009 205 2329 164 1107
436 15 836 22 1272 70 1538 132 552 28 1784 236 372 95 865 156 796 246 1472 198 1744 5 1353 223 920 3 1420 234 2165 193 383 179 711
437 15 2256 108 1398 175 2021 45 895 222 1773 244 1173 78 567 155 1300 245 280 233 915 248 1817 247 251 90 1997 165 1030 40 982 77 1798
438 15 1536 13 609 9 1151 17 133 188 973 208 385 142 1091 92 556 225 403 151 1584 92 873 105 1838 34 1935 126 2453 147 45 204 1440
439 15 722 178 439 94 373 75 2186 248 710 5 381 55 1438 30 306 240 1820 166 1844 73 1461 45 1268 3 2254 157 218 100 1110 35 459
440 15 928 103 522 237 1339 64 251 16 1375 7 1729 22 1575 107 487 236 1219 220 1548 216 776 137 1199 7 1139 207 1031 114 228 235 1964
441 15 1675 142 149 164 541 192 1515 122 1465 236 528 10 1296 8 656 243 649 85 2464 35 1667 110 2411 228 2045 206 66 137 1183 162 2174
442 15 1162 145 2435 64 2313 83 1277 64 292 178 47 56 893 34 1064 166 1195 247 580 234 1453 128 357 247 583 230 1429 40 259 176 427
443 15 1852 108 830 34 578 18 1221 219 1769 213 337 17 1367 191 2154 179 1185 247 1633 184 2081 212 686 70 220 88 1675 118 2437 37 139
444 15 401 157 785 143 177 139 1754 31 2487 69 538 136 1500 80 2467 108 1814 155 2168 233 1260 77 2291 148 1334 194 2072 200 1153 16 471
445 15 1177 7 2373 78 1565 197 2272 2 2106 54 2386 1 359 102 101 205 293 178 1451 121 819 171 70 120 1107 199 892 32 588 6 1325
446 15 448 193 700 191 1426 208 1083 170 1463 172 1376 75 743 215 353 135 1979 169 425 171 1868 39 1424 224 1001 119 1342 191 459 181 1529
447 15 227 221 1378 101 1777 92 2500 172 1431 42 628 104 815 165 482 245 2202 91 1574 57 1082 12 1233 157 56 43 905 85 763 23 1189
448 15 991 87 1911 33 227 244 2019 177 1568 94 301 172 960 8 1593 219 13 70 1273 68 1385 86 890 230 792 177 953 180 1018 10 1885
449 15 98 16 1575 217 158 218 2399 184 1200 217 780 133 2363 109 2298 187 2066 180 782 240 1169 108 2114 2 281 174 1453 168 1555 79 2481
450 15 1778 125 734 89 2138 209 2496 130 441 11 37 100 15 50 1140 175 1949 190 2426 47 2447 191 1722 29 1828 170 2049 51 1133 231 1263
451 15 1367 72 974 87 2400 244 2135 212 2046 241 880 73 1700 163 688 243 849 237 2488 16 1816 128 2367 18 579 193 906 245 754 95 1081
452 15 578 193 2235 79 1614 142 2388 195 2153 34 1546 188 520 87 614 243 409 11 1090 162 1735 84 470 243 580 7 594 24 787 243 81
453 15 1090 160 1280 168 642 69 1713 133 1709 195 504 159 1555 123 1607 134 77 192 1520 242 1979 53 1835 25 1673 113 2214 125 2344 15 2131
454 15 274 29 1355 114 249 168 1677 94 1588 26 2048 219 523 181 2276 159 58 53 2313 38 2093 188 2390 226 922 55 2320 96 1437 227 928
455 15 319 15 1287 76 626 33 122 111 2366 37 456 194 1221 23 2317 38 2407 177 780 139 922 48 8 60 1899 103 2263 89 1108 45 480
456 15 715 29 1569 77 385 212 2485 111 1761 43 321 71 835 104 1233 178 1780 60 874 111 1761 44 2330 112 1593 119 57 50 1903 82 2137
457 15 1693 41 2259 197 1045 52 270 150 1277 198 2438 118 1736 42 2438 123 928 124 1971 13 1460 225 2229 208 1807 177 2038 9 2193 219 1560
458 15 678 241 2095 174 1084 212 2046 223 357 165 1751 92 12 19 454 130 1506 57 234 75 2308 137 1293 134 1912 7 1128 24 906 117 1332
459 15 976 76 1565 51 886 177 2312 105 407 104 1486 50 856 160 453 174 1809 245 643 86 32 250 1401 249 321 204 200 56 1327 188 1178
460 15 1125 218 248 175 939 143 507 92 1328 140 1970 212 2485 223 1181 42 493 217 2025 120 2462 3 739 107 1700 104 1132 184 2470 71 288
461 15 280 120 2022 14 2112 189 806 7 1483 164 1234 54 1490 61 1044 160 317 127 895 83 1533 63 2062 123 2475 34 431 126 1808 150 659
462 15 1745 178 1110 181 493 240 2420 148 2144 105 358 125 971 78 1187 57 2395 74 1640 223 1525 95 641 54 1205 57 2158 116 2251 174 375
463 15 87 207 115 122 432 42 583 124 2249 31 231 206 1131 99 2085 155 97 82 1344 188 2149 213 586 58 1802 92 2114 151 845 124 796
464 15 1788 138 295 241 1039 147 1862 19 562 51 457 199 1048 73 2387 84 2000 7 731 170 798 205 880 170 2448 114 2309 127 1896 59 1213
465 15 857 89 912 199 1605 126 846 4 356 33 1501 116 657 121 1743 227 1884 147 339 165 1068 142 2275 60 1143 68 46 143 2242 31 1978
466 15 530 207 1782 228 404 186 143 56 1224 33 873 192 1257 76 1025 188 168 72 670 18 1346 211 1086 129 1770 124 289 166 493 78 668
467 15 30 98 2060 76 680 83 2366 234 714 246 1235 117 1617 249 1834 7 1274 77 738 136 607 146 638 103 25 31 2358 160 1567 170 274
468 15 52 245 2292 48 1846 24 1811 218 2011 238 1973 32 146 49 572 186 2291 167 1783 15 360 175 1745 46 442 111 1233 208 715 127 2023
469 15 527 85 165 127 1817 46 2071 122 2159 200 570 83 564 181 123 163 1823 114 179 123 1745 157 2312 122 77 193 926 63 2347 108 931
470 15 1161 214 2339 120 877 40 123 196 1458 6 1485 224 491 240 1857 22 551 225 1167 66 388 242 32 147 1293 211 1495 104 1004 157 1107
471 15 1391 207 301 202 155 197 940 2 1341 118 1657 248 1357 25 424 17 1968 169 501 244 280 247 1055 34 1402 109 1128 115 978 106 488
472 15 1952 52 1352 237 564 198 2479 23 1182 6 1037 40 322 167 242 95 1922 53 767 163 2363 83 1389 161 1229 241 679 221 2408 223 735
473 15 930 234 668 114 583 207 2166 238 1886 175 1791 187 431 203 529 235 370 64 126 197 392 120 392 176 1337 91 1307 141 1984 201 1433
474 15 1804 17 587 130 1064 99 482 151 2171 21 1587 187 1393 105 2057 41 1324 213 691 186 1043 218 1341 1 73 194 1098 188 1524 122 1449
475 15 957 36 1967 225 338 24 1900 155 1025 153 1989 94 1246 13 2122 130 2338 144 1382 64 131 10 298 110 874 181 1928 100 1459 27 1521
476 15 1248 242 1029 218 891 147 1314 3 200 164 143 32 1038 102 1533 123 696 65 1115 148 1352 102 2357 197 2473 32 1714 83 126 246 1398
477 15 641 80 44 233 2042 210 358 243 835 157 1350 27 921 178 1750 196 653 107 186 166 1157 48 36 65 578 152 1589 88 2068 113 1482
478 15 411 236 1697 150 1104 26 487 93 825 194 2129 12 331 123 2174 149 2436 37 919 83 658 104 853 216 1912 86 189 187 1430 9 2458
479 15 855 187 2129 91 1298 41 11 214 1776 168 1619 141 680 40 997 168 2127 96 1615 248 1773 56 2335 40 1746 113 919 127 2313 217 1945
480 15 1169 139 1339 33 1528 47 2026 249 2354 49 1403 225 406 7 1468 245 199 165 1137 242 72 32 1157 234 40 123 2393 104 655 214 790
481 15 95 174 2492 159 1050 85 585 199 1810 157 2296 202 832 58 2060 189 1161 214 640 18 563 39 1277 11 2246 98 1095 124 1091 63 524
482 15 790 114 1761 221 822 116 838 104 1840 75 159 209 658 167 1208 41 666 65 1544 184 1822 84 1197 201 2132 84 949 115 550 205 1575
483 15 641 4 1952 243 557 195 298 178 1207 28 2035 200 1658 139 1451 145 419 216 1683 169 2234 52 898 65 2310 220 1001 250 2183 186 769
484 15 953 71 751 169 1087 16 1592 135 2021 55 732 185 1750 227 352 86 1357 23 1970 250 223 152 1321 100 1575 128 2095 166 622 79 1485
485 15 700 55 1833 97 692 249 767 132 2478 70 758 112 908 113 1880 99 1606 18 609 109 1178 135 492 192 1167 107 1798 48 2083 1 2364
486 15 47 79 1395 75 93 134 278 22 1396 138 999 139 1518 116 223 67 1259 91 2048 133 1824 201 1939 242 1160 166 1131 36 1168 157 1517
487 15 924 152 2075 65 2207 155 1172 111 760 17 1421 54 817 212 1649 11 1213 87 1729 30 2478 125 1999 99 492 133 2294 249 1364 177 932
488 15 718 145 575 62 1257 29 833 19 941 49 168 201 958 127 2154 15 1511 203 1203 84 1722 236 599 5 1247 239 1200 225 1954 214 365
489 15 23 206 347 64 115 94 568 229 588 74 505 159 560 18 895 12 1148 29 1130 172 2084 234 1015 154 841 173 1430 70 2115 111 453
490 15 1282 131 1622 212 1906 101 98 161 365 43 381 12 973 229 539 249 1236 126 936 113 696 9 1938 148 263 172 361 235 1007 34 1456
491 15 1060 155 2152 47 1298 215 1081 52 828 35 118 114 200 230 1678 90 1023 248 1194 48 1849 136 1851 143 870 83 1193 106 1339 92 1097
492 15 287 7 1395 59 951 112 2394 140 1833 241 1793 137 242 173 772 89 1784 72 2499 121 793 76 2353 176 1223 62 1697 50 793 112 776
493 15 1013 77 1337 144 693 161 2398 139 1563 4 1972 136 2492 46 483 203 1092 75 1167 215 652 69 1518 170 405 237 957 192 2431 92 2283
494 15 359 69 501 231 238 1 245 161 143 52 785 26 422 245 1472 50 1366 169 1426 59 658 17 2154 1 1456 90 1776 125 719 193 2048
495 15 1983 136 977 184 1432 241 94 69 1562 29 2181 121 419 101 556 176 1774 202 401 150 1333 193 2157 25 2375 190 1052 175 2095 37 1378
496 15 862 34 1980 167 1726 52 131 78 662 9 2470 185 2128 94 1218 143 158 77 502 44 90 44 37 231 1226 250 2057 196 2097 62 1729
497 15 1692 103 1217 82 1790 133 221 117 1576 59 160 75 715 211 2299 210 1363 175 1897 223 2290 73 1945 65 520 129 553 192 345 126 2033
498 15 479 137 2046 249 692 88 1622 49 161 139 2070 134 1944 26 1511 26 317 224 1493 196 518 214 1877 95 1642 178 328 34 1682 175 1018
499 15 495 148 808 188 1554 104 2041 45 2378 59 2252 238 2235 3 1360 161 2377 61 698 239 847 111 1401 5 1933 73 1328 102 2290 26 2263
500 15 1709 244 2274 153 917 127 1257 97 732 140 235 83 1301 41 2391 77 1543 127 594 130 1519 135 2293 193 2374 94 2156 110 1643 35 2258
