1 20 1213 36 3 43 1129 202 94 149 2084 28 646 54 737 147 300 151 605 16 1420 214 1142 68 2253 238 1541 245 1413 8 221 7 1939 137 1284 165 1174 183 500 122 1525 23 1003
2 20 703 23 2000 176 1265 75 1725 8 1641 234 1299 84 324 8 2130 168 424 143 1370 88 472 151 2444 160 1975 42 2341 15 2081 208 174 89 733 164 1851 41 2193 133 586 50 1686
3 20 2009 75 2135 138 2358 158 2384 239 533 147 2155 134 2081 50 538 238 1067 148 167 87 178 68 1623 159 1770 176 620 22 2405 120 1516 186 1135 196 1877 173 767 177 2031 12 1119
4 20 1137 38 345 136 1731 195 1164 217 1805 135 830 50 1550 88 2261 79 437 192 269 83 342 118 1428 77 1705 205 1850 26 2373 167 118 81 2453 95 1988 55 250 161 979 66 2331
5 20 631 79 2319 232 1290 110 1680 160 2359 242 518 51 1437 201 1923 194 1826 17 2098 57 1543 121 254 194 1931 35 2215 194 2263 24 2165 160 1022 139 460 65 1030 41 1570 41 1885
6 20 1505 96 2217 198 1990 152 161 25 1190 47 2260 140 1958 159 1729 119 2178 100 1922 33 1833 193 1465 16 958 237 663 32 1593 114 659 199 707 109 1688 11 2224 162 1320 230 580
7 20 2607 162 2192 81 140 165 426 144 1441 203 1643 61 857 29 1496 126 2157 245 1877 161 2132 147 771 175 2064 118 937 108 852 71 2123 42 1446 234 485 248 1761 67 1293 100 1257
8 20 1442 245 1143 248 462 228 2187 139 1056 47 580 57 748 116 556 109 2359 55 1941 102 611 236 186 228 796 166 2292 215 414 20 751 97 1751 25 458 178 1277 71 2062 95 1577
9 20 275 211 1148 232 884 3 168 202 259 140 829 91 1333 56 1120 158 393 74 1321 51 2453 72 1125 198 209 31 1961 42 1225 201 2056 18 1199 13 2024 206 1004 117 1134 215 2111
10 20 2462 248 1776 101 2033 154 1110 64 592 92 742 102 608 232 2223 237 1674 125 780 44 155 57 959 38 297 128 2015 218 813 125 1057 198 1100 176 2003 97 1796 22 685 30 1107
11 20 1396 75 1431 28 657 151 1002 59 2197 95 2350 97 2403 156 1153 125 105 165 18 232 606 68 823 87 1692 228 738 65 2483 85 792 25 9 237 1418 161 799 234 425 36 708
12 20 2331 230 2128 14 721 205 231 15 84 64 2438 79 979 150 37 69 478 187 2001 224 2500 81 13 197 1073 225 946 65 523 158 244 241 890 165 17 83 1071 194 789 81 2453
13 20 479 1 517 232 1341 123 177 38 1331 177 1952 210 1392 87 166 241 1505 30 1933 140 377 158 2239 219 1180 97 694 209 1179 126 553 81 1912 183 483 36 1614 217 2431 148 2204
14 20 1193 148 1119 38 2209 164 2260 119 754 239 939 250 1487 159 1203 165 206 169 1916 148 410 240 469 57 621 131 430 124 2401 119 382 105 412 110 298 127 1485 73 525 97 2279
15 20 2574 106 1918 30 2037 91 1949 231 1742 159 2240 200 421 225 126 213 1971 104 1018 25 939 174 1097 225 1808 99 375 184 2065 134 2192 41 2396 29 2259 200 7 188 1993 104 2162
16 20 206 19 2287 80 594 178 138 104 2348 234 2100 149 97 50 834 205 790 172 2166 3 2150 1 940 59 743 75 401 195 498 226 1967 42 493 165 1123 196 2314 42 985 59 1027
17 20 1441 103 743 15 1974 103 1037 239 480 141 40 200 2446 70 1884 36 338 108 682 157 2172 199 2273 129 1162 188 746 185 894 136 2417 88 1532 9 1149 216 789 216 1439 10 332
18 20 2539 234 1001 215 2176 172 1154 224 1541 51 455 113 48 179 1316 158 1234 169 1127 23 1548 131 1027 69 2311 133 295 192 602 9 1810 27 1311 47 1947 142 106 245 1416 128 2270
19 20 2160 36 1553 36 1261 92 1279 233 791 19 1481 44 322 188 889 71 539 132 335 10 2171 118 2122 166 2313 205 1141 185 2083 229 354 196 1735 127 652 58 799 115 767 129 2207
20 20 1608 9 1317 229 908 58 161 190 1424 237 2030 180 589 66 1090 33 1662 93 2264 57 1393 15 952 1 1178 11 2188 94 910 127 1161 152 1071 47 1926 126 667 5 398 165 2197
21 20 379 17 618 30 2094 244 651 105 2170 204 2368 143 2245 153 305 31 1160 62 1349 122 828 15 1683 78 414 70 1424 249 1718 60 392 219 1856 248 1638 238 1498 20 1630 133 1733
22 20 1991 107 1235 184 179 212 647 179 2288 203 2204 93 733 242 571 242 1325 225 1487 116 201 86 1630 172 198 169 140 160 7 81 1078 138 60 64 1296 190 894 5 1936 5 2047
23 20 1777 142 1769 160 2418 2 1631 243 621 30 670 152 234 189 2478 21 918 144 2478 94 2347 162 1240 3 1289 25 2247 72 1837 115 2313 19 80 155 1210 236 701 184 2173 179 1222
24 20 1504 6 1021 181 1467 75 1019 145 2229 192 334 133 786 179 2447 33 1940 28 1575 156 965 158 2326 169 1852 34 1171 219 2267 132 304 124 814 193 324 204 2439 135 1233 34 1014
25 20 2263 10 248 187 778 199 296 215 592 98 1326 80 2309 207 1883 171 1378 107 2331 75 418 242 993 93 501 250 34 96 2097 113 821 120 1402 136 2421 135 1378 72 350 5 1349
26 20 2224 198 603 248 334 76 1119 217 2429 29 2091 21 1163 161 840 21 2050 128 2271 98 2333 39 2497 207 1959 198 2208 245 1126 91 924 23 2160 191 307 112 974 4 1995 55 92
27 20 1887 192 2176 42 639 40 2329 115 58 134 1250 169 1889 5 983 73 1587 97 1799 115 869 100 533 215 32 192 2457 103 1141 225 2477 145 1183 45 1960 179 2310 36 2273 41 1642
28 20 258 16 2120 85 2221 169 543 105 731 39 1239 50 1259 198 1800 82 747 165 1593 23 2248 21 873 86 1014 110 1075 21 1762 213 325 170 2376 14 131 229 1166 185 496 228 1208
29 20 1230 237 1325 218 195 232 1635 76 2290 224 277 210 958 101 2096 213 1662 114 350 127 2089 230 2413 32 886 44 1299 2 1681 145 253 56 1840 76 2158 21 2391 134 345 229 1758
30 20 185 87 391 56 1203 107 187 38 1070 114 2301 32 1256 84 1928 137 893 131 1509 144 745 135 1737 79 1764 157 2370 248 974 233 268 214 1144 182 678 126 1216 121 1270 92 1968
31 20 2148 244 291 170 1606 46 1838 201 1249 139 1459 96 897 118 1597 119 2420 75 1055 150 1876 47 51 175 834 237 1536 29 2479 98 2100 36 683 214 563 29 289 181 275 202 1614
32 20 1466 93 2484 110 1689 129 1403 189 1514 8 1 40 1481 9 1387 198 2065 165 1736 87 804 145 1491 250 1916 2 954 232 1878 146 1950 56 130 101 28 159 386 177 2298 63 1957
33 20 1365 224 1345 55 609 159 2298 147 1224 7 1611 162 467 228 307 45 1886 108 115 76 1370 244 1674 24 1281 25 2446 100 419 23 2095 68 1960 62 656 50 1898 183 1762 202 1871
34 20 1617 46 447 64 927 121 2419 98 2483 250 1162 79 2197 148 1394 56 274 39 470 10 1702 224 1290 13 879 182 2265 87 1356 172 1180 180 2125 120 1184 129 204 49 1893 151 2372
35 20 930 79 132 193 2200 79 986 20 1275 135 1984 2 1148 93 1495 92 1666 87 2084 107 313 65 2472 142 1810 116 449 199 1773 21 521 62 2444 169 133 47 1330 61 1594 32 983
36 20 1249 206 909 144 100 137 9 112 1608 65 1461 77 616 200 163 189 1782 139 813 170 1978 245 2422 41 2294 229 364 90 1167 53 518 70 1841 244 53 94 1674 145 2368 95 921
37 20 1945 47 1117 20 492 116 1589 236 2056 55 1760 75 331 132 1570 162 1851 93 599 27 639 137 1843 4 1509 164 136 123 611 96 574 219 1645 176 1233 43 1871 47 2264 117 2363
38 20 2794 211 1417 133 2198 152 45 76 424 226 2489 200 408 104 256 3 888 244 436 244 2395 154 388 241 1756 123 2029 93 172 235 39 158 1871 138 579 135 2031 106 134 212 1604
39 20 509 103 2001 82 1561 241 874 11 368 69 2399 181 1578 68 1606 229 1066 137 2379 92 93 15 1027 195 1307 100 752 73 640 30 1765 45 919 217 83 11 1232 52 391 149 2122
40 20 371 218 2198 117 1728 92 567 235 979 105 2295 128 1354 125 1973 210 95 46 1653 100 1216 185 211 50 1029 85 2209 87 687 234 2293 1 1381 121 820 13 1597 182 55 137 2022
41 20 1938 102 1381 114 532 33 481 13 650 81 1688 45 1422 130 1538 229 2455 222 934 38 1578 172 542 201 1088 246 349 200 946 109 1595 35 1243 178 834 156 1577 184 349 53 1795
42 20 773 246 1142 202 141 201 1801 166 636 163 573 63 1036 3 1392 100 775 4 664 155 2199 238 2033 51 1590 172 759 26 2215 245 936 97 1400 171 536 51 573 143 1511 232 1363
43 20 1285 107 384 236 1862 250 1156 241 1937 5 921 217 1016 13 1226 189 946 146 2060 3 954 182 111 119 80 29 1009 125 1453 229 1860 120 1122 186 529 88 1271 234 855 156 446
44 20 2537 93 2032 227 1406 236 785 211 541 175 1926 176 80 225 985 190 1540 214 206 135 1223 149 1654 33 502 100 449 210 1024 97 1173 245 154 192 377 18 1792 135 631 231 1128
45 20 790 83 2303 235 534 6 2000 64 353 250 1761 193 2187 207 396 92 496 11 2156 41 1075 83 1161 151 1518 2 2126 201 2319 150 1618 13 125 107 2209 191 475 213 1063 101 918
46 20 1113 68 16 164 111 86 172 147 2058 152 1627 79 1288 85 724 81 1581 204 23 112 990 119 1992 135 611 148 1507 94 701 65 698 100 2244 31 55 95 1976 127 1522 160 1083
47 20 2703 227 386 93 243 198 1781 66 1945 207 99 82 1107 155 844 82 248 243 1048 206 1657 93 163 139 1537 176 1815 226 303 187 2063 97 669 217 1151 16 2409 212 15 70 1409
48 20 2089 126 1277 25 2317 186 800 12 233 248 1090 53 1593 29 2237 145 674 13 1537 40 1445 175 2429 49 2098 140 539 211 478 182 25 87 1664 157 398 38 2471 163 1900 94 321
49 20 898 74 1752 46 268 54 2110 166 1913 24 2395 86 1351 3 1183 218 1266 224 1493 131 465 92 1948 21 202 114 804 157 347 113 446 2 1289 44 1787 229 1580 76 1393 228 1321
50 20 1566 46 1185 179 179 180 1158 55 1334 109 126 172 1117 201 1335 163 1375 3 1360 41 1262 102 1658 102 1776 14 29 37 711 216 1071 187 2200 62 146 32 2122 19 867 42 1741
51 20 288 98 2225 202 2458 135 184 240 1619 164 1685 50 80 217 2023 74 529 248 543 162 1466 90 1905 203 754 24 641 100 1839 234 1858 241 1844 235 299 65 1517 10 2099 23 1774
52 20 692 172 1767 152 1564 18 1677 104 2008 87 1016 175 2382 141 1184 209 2023 123 581 84 2109 61 1034 121 2130 161 732 20 2013 200 563 233 500 27 498 160 898 139 1832 100 854
53 20 2104 44 1155 166 1669 206 2108 70 1101 167 1668 108 1464 145 647 1 2332 246 2221 83 2104 204 1414 192 83 141 2153 91 307 138 2074 3 1138 90 1448 96 1413 188 1458 31 1352
54 20 965 220 1399 234 1777 210 2036 3 505 36 1363 80 1936 147 1005 79 1065 97 2032 5 2500 169 1743 36 515 143 401 178 780 193 2194 181 684 186 1678 171 1164 38 1260 90 2033
55 20 1654 53 1865 99 1763 199 295 1 2143 137 1295 189 1232 236 1196 72 375 33 1493 180 1739 88 141 223 316 10 1690 102 219 183 1363 237 1320 35 442 140 1288 155 976 138 2379
56 20 2523 216 622 143 48 91 843 94 1056 83 1559 215 1493 174 1721 32 121 199 778 38 1795 47 841 221 157 244 627 222 233 40 1545 37 263 74 616 129 2461 212 966 51 8
57 20 688 24 280 17 786 45 1630 102 2148 83 761 156 992 186 440 44 1104 220 387 128 713 84 1 167 1674 120 1263 112 2381 38 850 126 690 121 966 124 900 38 901 134 2144
58 20 1699 55 2490 98 2070 133 1852 124 897 230 49 112 2026 10 2109 191 1621 94 1773 174 1464 179 1429 55 744 95 4 39 1983 91 1422 214 1774 214 944 46 2298 91 700 136 2435
59 20 2098 44 1616 111 2264 234 2342 125 342 21 552 114 1074 86 305 31 795 249 1555 179 1047 153 727 157 1675 125 2220 63 1878 145 2124 41 808 118 1685 224 1231 26 303 104 2257
60 20 1930 249 2477 75 1301 6 623 90 578 87 612 116 595 130 1933 211 753 164 1195 91 2256 215 1510 54 1910 199 1076 18 2052 77 2235 52 392 122 353 109 2409 109 534 186 1748
61 20 2001 118 1172 62 458 78 1461 222 182 150 17 109 1591 76 1625 136 2219 101 840 180 622 227 1594 60 801 231 2457 107 721 134 98 76 1610 190 691 1 222 64 2065 246 1843
62 20 1918 40 1075 14 446 244 1886 173 1921 95 1777 120 1065 206 2145 66 990 184 1606 164 935 67 1428 215 406 88 2364 99 578 21 1950 8 2326 89 2223 8 303 32 304 90 863
63 20 1012 72 2475 202 582 112 2492 227 597 134 1815 177 1605 5 192 167 272 11 2394 41 453 131 578 220 1468 167 2128 71 2485 245 574 216 1903 163 642 205 1056 45 554 91 613
64 20 1048 34 1111 3 1422 140 1187 67 1050 121 1618 152 290 141 1285 234 687 7 2226 158 1449 193 49 67 1215 186 978 106 1734 83 2262 165 1932 163 954 138 457 155 1838 46 361
65 20 700 169 1267 231 2255 78 1704 89 1156 98 2387 32 1144 150 499 136 898 220 1949 56 1177 111 2232 134 2316 148 1733 3 1366 55 393 119 1441 137 841 46 721 31 185 39 1478
66 20 887 26 900 190 306 208 779 58 1255 25 832 109 534 39 764 114 2024 212 1712 210 563 213 1216 206 307 25 1021 109 129 196 1651 158 687 106 1545 9 1689 34 2290 226 372
67 20 2845 183 210 205 2357 198 1601 204 2319 18 1076 37 691 221 74 95 238 31 1479 59 1691 47 2335 201 954 244 2295 185 410 93 1575 199 1585 115 2285 158 22 187 1930 172 162
68 20 1874 162 1914 113 2059 169 1484 44 663 215 248 35 1891 123 2358 248 935 36 1002 125 877 25 2089 154 208 118 2485 201 2249 120 882 83 978 181 1803 39 1771 14 2361 190 2078
69 20 1177 126 581 26 2002 19 327 243 1089 74 1062 149 838 217 651 51 2399 121 447 68 1189 89 2268 121 145 156 1022 241 413 79 247 202 2036 38 1549 26 1994 75 1994 3 1890
70 20 64 249 154 217 333 74 2185 23 1101 67 529 159 2492 228 2373 17 144 26 2063 219 221 213 1274 238 2301 245 208 18 2247 80 1903 93 1868 29 112 166 1394 239 2036 47 666
71 20 1834 64 2226 157 1664 49 1393 72 1349 131 1590 2 1794 37 1218 86 2223 15 1906 88 820 103 984 205 593 173 334 162 117 97 2334 85 265 58 626 174 1668 216 844 146 936
72 20 1575 87 1439 106 2447 201 125 186 1252 243 2401 208 1757 103 1341 50 1280 79 339 14 698 59 701 186 18 243 1503 198 2382 192 1060 75 693 180 1673 214 2083 165 2214 39 948
73 20 2167 238 1675 146 365 73 405 127 2265 71 1592 19 339 114 96 193 2357 219 1620 194 2411 214 1251 113 1212 138 1490 92 44 134 1926 244 260 245 2351 148 1676 19 1645 99 605
74 20 1909 54 2034 241 1175 47 602 99 78 69 371 18 99 71 525 29 1367 178 394 150 2411 216 1603 126 605 2 1012 122 326 245 1884 174 2141 59 587 197 2025 198 522 53 844
75 20 79 4 1349 54 739 114 2189 130 2331 24 2224 92 1550 234 1049 34 2351 177 2258 10 1490 47 1770 157 2281 45 953 101 361 194 1970 39 335 206 737 154 1997 135 1341 122 318
76 20 2243 34 1421 123 2262 82 1768 99 452 17 872 141 2260 155 308 175 463 155 717 39 2366 162 1746 249 1684 157 2019 152 1444 190 1200 223 240 91 1731 181 2324 115 2022 142 1480
77 20 2606 105 199 158 1116 90 1421 221 1592 195 1021 197 1532 203 1413 173 310 227 519 128 2036 228 1020 200 328 226 1361 176 616 130 1412 108 37 127 866 180 2384 132 56 111 2228
78 20 202 30 1837 85 1953 243 1207 70 1375 90 1775 131 747 75 409 11 2330 96 2346 127 2022 193 2422 1 1391 166 411 26 1739 37 1900 108 1964 57 108 37 957 52 1103 20 1616
79 20 1930 221 1814 4 996 101 2039 140 1363 78 2203 101 244 65 1163 141 1193 154 1950 34 1146 97 582 78 1143 151 1631 100 576 175 1075 29 492 153 1059 140 678 115 1394 206 382
80 20 2178 89 2387 1 1555 240 1127 20 206 219 644 147 167 227 1003 169 1423 201 1152 32 1975 71 753 101 238 35 2376 6 208 162 476 130 1726 226 2164 192 1806 81 791 40 281
81 20 1892 8 1149 175 2180 183 541 86 1225 103 1610 58 692 166 1711 119 1586 171 1776 187 430 82 1061 164 628 122 957 89 2390 62 694 240 713 118 796 197 1599 18 988 201 1186
82 20 148 174 619 1 1499 190 308 197 1263 78 1537 58 2374 182 1330 92 298 168 1524 48 2446 244 2164 11 2098 143 2261 248 1737 72 1933 199 2000 228 776 36 1171 166 322 185 1590
83 20 53 36 1988 190 1825 29 441 198 215 250 202 29 657 11 766 90 2071 69 146 165 1673 152 2389 195 19 124 449 60 2463 198 1026 56 1148 92 281 60 872 1 312 11 1868
84 20 628 65 91 16 1959 151 2347 145 707 250 123 100 2162 77 1444 109 1662 122 1062 149 595 192 2409 178 770 12 304 72 1991 202 2320 175 1520 170 2055 187 389 203 1948 80 543
85 20 2164 130 1375 41 511 126 110 163 1725 63 1375 68 620 9 1426 51 408 195 788 189 1000 238 2490 110 2437 174 221 229 1912 82 960 215 2289 215 1821 49 125 165 2385 70 797
86 20 1720 50 24 192 857 20 509 142 1820 206 1119 142 768 129 878 190 1899 48 1554 93 1534 84 439 195 1014 226 2255 175 2433 73 2050 190 1814 112 1783 246 233 233 589 132 2004
87 20 217 51 2100 169 822 230 1951 159 2279 28 365 170 275 117 2020 71 2415 200 142 179 2183 131 2037 146 2199 242 1740 240 1586 26 1137 169 536 215 187 40 2232 82 211 246 2300
88 20 2238 235 1082 176 1493 21 1644 160 1606 135 1261 28 1275 216 1796 125 2182 108 265 143 2163 127 2167 236 1471 73 942 133 2042 134 442 191 1390 145 1826 201 1137 184 387 15 1914
89 20 443 62 1272 1 1708 192 422 170 119 8 2078 228 2376 64 117 42 15 207 206 116 1049 157 1844 40 2095 7 1867 225 1470 50 645 161 693 114 1053 20 1335 93 260 180 2129
90 20 2032 64 1035 101 937 51 1187 136 1613 188 1560 89 501 42 790 202 1545 35 1087 17 1211 229 652 28 2072 60 1263 14 134 240 599 60 400 167 801 237 233 119 458 177 541
91 20 1664 53 338 152 2117 75 948 227 2070 237 1506 73 369 215 383 201 1155 75 2247 150 1654 27 2034 207 1781 226 1777 83 148 58 1579 235 1737 92 1997 39 1970 224 2190 134 211
92 20 803 121 1963 211 365 142 1875 164 1077 111 2208 51 2403 103 465 38 1996 218 1146 212 1832 149 1179 169 1870 243 200 111 1062 48 1425 35 552 236 1018 137 983 153 2319 72 1746
93 20 188 177 2435 221 684 218 1077 218 2323 3 10 235 996 81 1537 238 2404 212 586 158 1553 48 1667 193 2024 186 2431 37 985 95 2490 95 1797 50 1275 228 642 69 972 166 161
94 20 445 166 2445 143 290 229 2448 179 57 183 1871 47 2001 212 589 55 2381 200 23 134 2246 38 1526 68 2022 130 1749 60 930 112 1137 201 1630 221 50 236 2249 141 1997 16 1533
95 20 2498 80 460 12 390 218 2334 152 820 128 1722 76 128 66 339 72 2285 22 804 147 1493 187 1160 236 678 200 1278 112 1588 57 449 156 1764 209 1220 118 1498 167 121 193 184
96 20 1017 210 1488 58 418 168 1052 79 395 242 1059 109 2494 133 1029 9 658 59 247 71 1959 193 549 190 1142 145 2492 76 863 196 2332 205 921 124 1469 68 2234 5 2194 202 2036
97 20 1989 233 1515 184 430 22 1313 95 2260 140 1709 221 1335 120 2296 26 1915 175 1951 12 1495 199 454 69 1928 66 695 130 1866 63 2255 22 1525 223 1009 178 898 176 194 89 309
98 20 1303 136 2470 75 187 86 1710 185 130 172 2111 15 2153 26 1532 26 1337 64 745 219 1984 116 1184 162 2042 112 1668 27 1586 20 1582 244 567 64 317 20 1190 62 2265 156 2055
99 20 1643 174 897 212 2383 116 2064 178 2017 101 2463 14 1359 180 2199 224 1651 165 1827 42 1052 58 2027 126 1576 153 1374 11 311 238 5 48 327 218 1832 201 726 6 2277 213 733
100 20 403 95 386 99 1550 3 1248 109 1523 93 1873 110 1810 46 1568 237 2048 67 1430 244 1734 63 2500 94 1332 114 118 231 304 126 451 25 1234 87 134 202 1951 206 296 215 1120
101 20 409 161 1915 155 2447 100 1814 69 1177 170 1541 209 979 235 584 58 370 94 814 99 1214 12 1389 135 2002 93 1895 9 2300 20 198 28 2235 80 2084 133 163 219 247 226 1897
102 20 669 207 1709 218 2413 83 761 43 1417 80 254 232 2342 6 122 221 902 183 1595 163 668 122 2399 39 190 126 740 42 2080 36 918 57 2125 45 613 164 741 93 2239 71 486
103 20 2035 125 468 146 1976 212 1422 162 2032 47 201 42 492 99 2276 72 914 140 801 230 289 154 1386 22 1527 25 1242 197 851 172 2107 89 1109 33 2135 24 170 70 1766 192 313
104 20 2009 218 645 113 221 130 853 72 1061 75 1020 81 2099 93 1227 29 826 165 1734 12 889 193 993 33 169 194 2250 232 2257 35 165 42 1539 214 350 140 1262 90 1554 30 1412
105 20 988 215 1625 92 1894 200 1281 91 2217 21 2444 238 541 13 1856 18 273 24 1381 237 279 72 893 102 2346 162 634 206 590 19 1997 236 1881 145 1371 179 543 135 1376 195 117
106 20 1575 242 1559 92 900 158 973 236 1590 94 1423 45 661 110 1178 192 1627 222 844 28 330 138 1582 190 2050 145 2332 3 215 160 1122 134 223 23 739 24 512 38 1078 141 2089
107 20 156 249 1885 131 1722 45 2107 22 524 17 471 88 534 120 2145 36 2122 40 2294 32 397 213 435 131 641 37 292 204 540 45 1061 69 216 202 946 102 591 97 632 159 2296
108 20 1428 75 1965 177 1389 244 1449 66 2078 36 1705 30 2021 154 221 95 1787 196 2490 95 1146 140 151 106 501 65 537 146 2024 216 2253 119 1509 47 1944 78 1955 193 1603 20 1419
109 20 493 23 1081 2 159 20 1182 42 306 201 1507 112 2218 17 2164 53 75 107 1513 159 425 220 1546 191 258 146 1297 132 2362 173 25 18 517 87 539 207 860 18 898 163 2042
110 20 1851 149 1427 144 1814 235 574 161 478 233 2254 133 2145 47 1324 59 211 204 2391 173 1862 210 546 10 1050 144 1185 88 1452 34 525 233 937 116 2497 66 2094 69 2463 23 193
111 20 360 241 2137 192 1379 153 1121 154 1053 69 2012 98 303 116 1656 232 1609 97 865 161 2235 205 1619 173 1688 53 1745 137 252 85 1760 63 656 246 519 116 238 83 1194 34 999
112 20 264 94 1459 189 903 197 1613 234 769 216 1701 92 987 242 2427 145 1265 33 187 214 2417 113 1572 29 602 70 13 45 2128 212 653 172 2296 35 1168 73 245 231 1867 13 2356
113 20 1169 34 238 132 2466 163 1640 10 447 82 891 21 859 101 2290 198 777 245 2315 97 34 120 1015 89 1817 28 201 83 11 43 265 72 1383 98 746 42 1521 193 1672 119 1166
114 20 910 240 736 171 590 87 298 79 714 250 288 147 2219 54 1966 196 251 208 1824 114 668 93 470 143 2193 135 1349 212 1056 212 1526 139 1115 86 739 59 899 65 1784 96 2369
115 20 916 189 1020 55 1276 165 1664 8 2283 9 1415 234 2467 46 1241 110 1072 44 1895 246 2235 63 1216 139 441 244 108 103 610 17 1866 66 810 211 617 131 2423 128 816 198 2182
116 20 2500 248 1288 204 423 247 256 134 522 176 1017 183 1137 33 1006 248 2474 220 1042 157 2038 111 1084 38 1742 153 2356 51 757 237 2457 245 1294 37 150 4 421 47 2431 51 1330
117 20 372 81 1330 193 1434 79 1680 191 1172 87 2049 13 114 171 1189 155 670 137 977 35 1156 146 34 229 1725 98 1608 36 702 7 14 79 90 200 1917 173 2196 202 1903 238 209
118 20 94 80 1444 142 2272 158 175 200 186 135 353 245 1622 43 1262 100 59 198 2105 5 2002 145 796 70 836 71 1211 181 2228 196 736 21 2330 122 1451 240 336 30 373 179 1904
119 20 70 242 1092 167 1717 219 243 57 1234 9 1664 26 849 158 1384 155 1435 156 1998 59 1829 237 1997 65 1491 190 1221 10 66 210 2024 14 761 115 873 88 1000 100 754 164 1788
120 20 2277 114 1286 24 1755 200 126 28 1426 229 1303 15 504 247 1322 149 2371 95 1693 68 1971 63 205 164 2296 79 491 245 1702 155 1083 3 2178 217 1802 10 595 113 1302 119 284
121 20 263 214 1709 99 1674 24 2021 214 128 51 1934 201 913 62 1830 44 170 60 1478 80 1359 190 2138 155 344 138 1840 242 1662 28 808 146 1620 95 265 40 2310 53 1802 155 1877
122 20 1545 138 612 228 1616 67 485 123 116 178 2144 118 2085 107 2245 22 1524 37 2085 223 2427 177 722 102 1320 45 1289 57 206 241 1049 16 2222 165 1631 242 2306 52 2080 228 242
123 20 1456 55 1036 17 2402 240 1875 230 710 153 1211 150 2392 111 1762 208 1229 34 156 129 709 148 2082 248 2482 32 807 81 242 240 1116 204 2175 210 596 121 2165 55 2103 120 1706
124 20 773 138 1898 6 1886 118 765 11 546 114 501 121 228 154 1440 89 992 215 1114 170 1261 161 2253 125 1488 229 1165 110 328 140 1726 81 1632 126 1291 238 2376 217 2383 190 2482
125 20 633 233 2410 248 483 16 408 166 126 128 1010 8 1003 9 2320 152 2203 249 357 167 524 103 190 39 270 186 365 34 118 11 2383 192 118 246 744 162 554 41 1196 52 617
126 20 1878 234 2160 155 322 186 1010 26 190 20 2294 247 391 74 1470 81 278 19 2307 158 138 72 212 58 2491 46 1501 223 155 105 2227 169 1152 241 598 203 1359 125 2340 172 1914
127 20 1579 206 723 229 2296 12 2412 128 1238 212 817 196 2230 98 665 92 2027 36 1933 102 892 127 680 5 1631 24 952 190 891 215 1409 242 1223 41 1852 120 234 113 1217 4 45
128 20 996 11 2467 130 590 100 1361 213 2355 70 1529 200 1624 79 672 240 1224 30 853 40 2215 232 1354 171 383 226 1372 157 1757 22 760 208 1698 121 1058 245 928 133 673 202 2374
129 20 1731 227 271 192 129 108 754 139 66 39 1766 193 991 123 2052 185 2481 28 141 174 130 3 971 22 831 193 1550 157 2273 173 398 149 2088 12 2419 6 57 161 1308 79 1449
130 20 363 171 598 51 2416 36 906 224 1897 135 2261 70 287 144 737 213 100 81 1004 67 410 46 1190 93 269 58 2152 238 655 85 1767 1 2343 3 1284 70 1961 136 304 19 1373
131 20 1568 66 2364 131 505 174 2254 200 2349 37 204 173 2436 97 2105 243 1204 158 2087 39 2437 51 392 73 961 205 1032 8 820 28 1792 45 683 191 1111 98 455 58 2478 96 1326
132 20 545 62 2251 101 1681 234 603 128 1443 60 2329 13 1170 165 111 142 2233 6 1329 95 1001 189 1780 161 1327 104 2037 173 1170 240 277 12 356 198 364 114 918 189 2236 106 1564
133 20 2661 117 1477 211 1910 66 989 180 383 194 1932 126 679 161 425 199 1555 128 817 182 2102 201 2414 166 73 47 195 133 1386 148 498 52 921 37 2181 171 274 43 2364 125 2052
134 20 1284 171 301 158 1777 43 253 74 2255 103 174 155 274 133 1857 186 2207 99 1481 69 439 192 2131 192 2476 35 1937 155 76 84 1288 140 1305 13 397 243 448 83 586 81 834
135 20 2312 238 281 95 54 21 356 128 951 73 1822 38 359 177 1129 230 171 123 263 156 1220 38 923 148 1914 171 268 245 903 165 1313 20 2306 141 602 206 986 209 1331 80 322
136 20 910 249 1630 132 753 95 1247 111 2142 60 1470 128 2276 157 503 9 102 192 1553 162 214 188 1174 1 284 189 2058 250 1226 249 1872 2 1331 217 348 36 900 45 448 97 321
137 20 1659 145 2073 233 1489 230 1221 170 623 248 2423 143 2026 58 1442 122 1887 40 1318 149 1802 200 846 35 1630 228 1079 206 2209 238 2002 66 1229 19 753 50 517 145 2091 12 1312
138 20 2135 222 930 223 1585 220 353 48 1827 45 1960 16 1283 68 2116 18 37 15 459 169 1888 91 933 97 1226 125 1538 126 956 131 674 245 726 56 984 241 922 62 2061 235 1240
139 20 2002 34 1157 240 815 104 485 182 2201 130 1139 90 542 154 1798 36 464 84 1099 172 390 113 979 72 2226 129 1907 110 778 58 2285 16 50 64 2388 194 636 109 2420 145 108
140 20 382 71 406 209 1615 147 1245 155 1378 168 1074 63 2485 63 1932 120 867 202 499 60 591 172 189 35 973 47 918 130 365 7 1589 44 1942 141 727 105 855 125 1222 227 259
141 20 208 212 592 59 1369 57 333 149 1400 28 510 84 1132 106 1655 34 176 246 2196 117 911 148 819 176 614 82 1844 64 1571 88 1852 218 521 176 2393 200 1986 168 416 101 1354
142 20 473 183 196 180 1234 89 1146 196 124 250 292 111 322 23 1596 210 689 135 2398 177 2438 14 1815 236 40 159 1957 171 2431 143 232 161 2300 95 1396 46 2078 151 1943 172 423
143 20 2449 26 887 47 147 176 2004 211 1493 242 2066 77 1930 164 2170 211 710 125 1921 79 1519 109 1010 236 1798 202 63 64 1168 160 736 136 778 78 1214 56 2010 232 2110 248 810
144 20 416 133 124 184 308 164 1403 207 1387 6 775 56 515 231 160 150 50 9 1438 250 792 103 1152 206 422 117 2314 242 1441 96 459 86 165 168 699 113 230 110 2217 30 1562
145 20 2241 86 37 188 2316 77 401 155 655 157 1235 230 1267 238 676 142 2363 137 2435 102 2067 43 2120 35 868 209 563 115 980 114 1266 217 1781 133 1336 237 1220 80 738 110 249
146 20 1196 24 506 143 660 82 1746 68 401 150 934 203 2334 140 11 8 1485 10 1479 173 2473 28 1829 165 733 247 1420 125 1181 40 1768 245 808 184 382 70 138 167 1447 143 1497
147 20 130 6 345 14 1337 224 1373 95 943 177 1348 22 2042 162 450 196 877 238 297 92 225 42 1714 19 432 232 1791 48 2319 42 1533 36 534 117 1124 79 2497 189 1332 43 173
148 20 1622 233 2041 72 125 21 1440 143 590 107 131 81 2003 250 658 92 98 31 1707 121 86 147 844 146 6 60 1910 119 300 246 169 16 660 26 1481 53 1850 39 2169 125 735
149 20 2275 236 1948 218 1963 101 1140 152 1221 105 2393 198 286 36 1710 105 70 144 1442 98 173 165 1576 174 1286 71 1619 236 888 155 750 121 1940 125 620 25 2134 97 116 51 2144
150 20 932 37 1547 96 2026 11 1801 168 390 24 95 198 241 45 635 237 668 120 895 47 2356 244 760 45 1929 207 660 178 530 24 2013 223 2099 145 1832 23 2047 29 566 109 1004
151 20 1855 223 2371 81 963 223 175 51 1890 120 1244 36 670 160 561 115 1127 84 2234 165 93 192 1419 106 2371 10 1637 219 136 134 1293 115 595 204 108 193 2282 226 517 136 1981
152 20 42 228 1295 56 1877 21 1037 234 1734 223 1622 104 200 19 1893 243 136 212 1253 218 1155 225 1420 137 1527 211 1265 159 431 88 1398 108 1448 50 405 2 1001 109 1648 220 536
153 20 301 98 1203 209 2463 49 1290 125 2009 95 520 113 1305 28 1242 74 192 174 1670 41 673 160 346 226 1222 31 1444 175 2298 88 597 169 670 108 1885 143 103 115 453 1 1716
154 20 1949 39 508 125 1426 26 1578 126 1816 191 803 207 2405 168 465 190 2458 32 91 159 2330 136 1095 43 1778 248 609 209 2019 25 1584 60 579 241 1137 65 1574 101 1652 41 440
155 20 1420 55 82 113 2223 183 1356 86 680 120 2100 6 965 40 805 201 1497 70 329 162 299 1 1114 193 2196 137 697 250 34 139 88 42 722 130 940 220 156 225 1428 151 2290
156 20 269 151 925 91 207 16 1775 48 1102 167 212 218 624 199 1236 180 1116 236 603 187 1280 130 2321 2 867 114 1724 191 1694 8 2131 147 1390 249 936 86 421 217 92 11 150
157 20 2535 1 2230 123 447 161 28 224 529 40 1285 126 484 151 543 139 388 110 175 144 594 90 2425 242 1736 198 853 244 753 174 2079 38 35 87 1298 91 1588 57 424 204 2089
158 20 906 167 122 214 22 8 2349 71 443 236 1098 123 242 85 293 190 1148 137 496 87 105 119 255 68 189 57 2439 75 1220 34 781 155 2438 216 1078 144 2450 10 1848 238 709
159 20 2120 57 74 44 1491 67 2238 19 1944 70 1024 50 1521 205 697 242 436 104 26 211 1390 121 1225 153 2245 93 2208 89 2187 120 1312 33 168 187 797 166 2056 203 1315 17 2483
160 20 1257 69 2490 8 2254 154 2162 50 639 131 435 217 2360 126 1625 117 1952 115 1707 142 2167 36 913 77 1153 57 2427 65 1232 1 1869 197 888 225 348 191 814 170 617 191 927
161 20 403 39 2118 34 387 132 2193 206 1588 39 660 225 948 88 2418 179 1268 120 1412 90 1202 131 1042 181 2256 189 86 245 1752 76 354 67 277 95 2308 177 1775 225 1335 152 1034
162 20 2237 8 1025 116 2053 198 1405 126 773 166 2235 211 1197 59 1399 224 508 102 1487 99 2417 177 1910 219 1287 25 2107 196 252 63 2077 230 1718 198 832 189 217 15 1170 235 2403
163 20 1536 147 1949 51 2326 59 2220 90 1821 142 2491 95 488 211 482 35 2037 172 2011 213 336 4 687 117 1254 157 2206 53 1303 144 340 108 675 10 2489 123 1776 233 2330 192 1000
164 20 273 20 241 108 259 58 118 61 1750 172 1530 71 1585 180 295 145 1763 143 52 30 774 244 860 211 1999 23 1163 9 1174 187 1972 67 886 179 2499 201 366 48 518 134 551
165 20 257 99 2039 69 3 20 2048 240 1590 166 807 230 1971 84 11 58 677 77 2143 14 948 59 1013 199 1837 55 1434 199 2354 38 35 119 866 50 495 15 663 6 1644 176 2307
166 20 886 35 576 192 55 241 2450 161 338 111 742 113 2026 173 148 127 1776 204 695 2 1032 132 247 213 1675 110 1889 58 2167 96 2489 220 1169 24 1628 231 1023 106 2312 154 1596
167 20 1042 126 560 99 1492 166 425 180 1124 2 298 116 1116 220 1800 11 352 108 526 95 1417 173 1822 26 754 194 2344 246 1242 247 1534 171 764 118 174 225 1674 22 1530 207 1804
168 20 2138 232 669 57 2389 157 28 249 1124 179 634 28 2319 134 1816 244 185 208 1198 98 1774 159 448 211 2297 4 2165 205 1212 128 2176 22 967 15 291 179 505 248 2398 19 1165
169 20 209 200 1678 230 662 18 1671 78 407 100 1935 158 617 16 1929 208 1340 41 1145 42 53 69 2014 157 1459 81 668 76 2384 50 1779 250 2043 38 613 68 1577 91 244 211 2358
170 20 863 217 1720 86 1934 40 2393 206 1478 230 2252 86 896 59 1657 14 2231 243 1213 103 1540 181 1112 77 1753 193 347 34 1420 15 1110 160 1571 223 1294 200 1271 79 1385 172 621
171 20 1973 197 797 18 2112 218 537 130 1926 137 2248 46 2116 134 600 225 1667 136 1471 124 2123 33 1899 41 1414 7 1128 128 370 44 2338 57 1287 131 2135 81 2214 15 987 246 1677
172 20 1585 32 267 5 1460 7 1652 96 2206 5 269 242 783 58 475 228 1861 71 1367 85 874 97 1678 62 1034 183 2049 15 913 201 385 223 646 43 1645 203 1056 41 243 198 500
173 20 2721 56 691 62 2131 234 1402 198 1989 151 175 65 1571 6 559 198 943 55 2281 156 285 83 931 227 1038 143 421 113 9 213 206 112 1910 178 490 151 88 226 1753 163 744
174 20 1017 224 2218 152 427 245 2138 152 1399 149 1415 160 1317 169 174 175 1386 88 815 250 74 85 993 139 1502 178 2297 240 513 213 497 80 607 109 2326 210 40 16 1023 18 1587
175 20 1426 92 517 182 527 141 1400 40 462 41 1785 72 619 64 426 142 488 36 187 6 2324 196 1345 31 2360 35 2203 108 1905 47 515 175 1545 187 326 27 2364 50 298 18 249
176 20 689 36 2093 227 1364 83 1932 80 1952 231 1426 161 1610 154 2125 133 1769 154 1410 50 753 6 480 46 1342 104 2287 222 2363 109 1410 16 376 29 1393 82 2489 39 825 101 2463
177 20 263 188 381 135 1380 207 1648 182 693 133 2459 164 573 209 1646 54 2398 5 2474 156 314 5 1513 225 2226 51 26 222 1809 86 705 200 1646 42 169 47 2313 240 1697 28 707
178 20 47 154 606 51 1731 97 1944 250 2349 89 1030 93 1496 21 1290 109 1877 217 1755 189 1851 179 853 88 7 242 47 62 1025 104 815 28 1914 103 2152 55 1126 46 219 88 985
179 20 575 85 681 33 1345 111 2346 119 2442 84 910 199 2150 248 106 200 209 146 2128 56 14 45 22 73 1000 55 933 33 1729 145 2001 108 2056 125 637 37 187 19 2106 160 2500
180 20 224 70 1200 230 1681 122 230 17 54 93 1867 121 1366 36 2345 175 1298 34 156 30 602 94 1595 222 950 208 212 210 39 45 776 156 224 136 2365 76 1316 248 1970 210 357
181 20 725 33 507 191 1257 148 311 121 212 225 374 50 1588 121 1563 188 2247 115 1709 221 862 62 1536 52 2185 158 1509 204 759 6 872 195 1430 211 1670 47 103 197 1179 55 346
182 20 1448 159 20 25 1880 33 633 70 2236 153 1106 250 1915 237 1026 7 808 175 443 93 974 240 1282 128 2231 53 1517 49 1093 177 1735 32 2282 135 113 184 145 69 1934 112 1560
183 20 456 132 1941 82 2303 75 166 130 2032 20 883 19 972 77 1175 19 392 104 1546 216 1391 116 1899 95 1837 131 2443 39 408 119 1232 94 443 103 904 110 1166 110 467 163 104
184 20 2326 36 369 53 687 168 2143 244 1439 53 1452 95 246 224 1609 127 2439 33 1521 166 101 145 1331 149 2427 242 1873 20 644 165 1134 202 618 247 1242 24 185 31 173 83 719
185 20 1453 59 1112 231 2156 95 2128 116 175 29 234 63 1348 105 1049 166 257 173 1704 98 755 110 1908 196 1262 69 2233 244 730 187 983 19 1030 239 1502 16 250 226 123 39 580
186 20 1085 7 820 7 1197 9 2019 41 1319 49 2464 12 1253 209 2372 132 1141 194 132 123 2257 32 2055 92 2340 5 2221 197 2441 68 1810 66 2296 5 1746 63 915 241 2457 19 1579
187 20 565 106 2259 132 658 35 31 111 1910 114 2445 205 537 189 521 139 685 137 2142 16 694 234 1776 208 1042 86 1942 37 2133 176 518 94 785 51 917 91 1495 55 1920 20 1484
188 20 1225 64 1252 216 1809 225 2043 91 1149 204 678 132 1340 140 2003 26 2137 18 693 94 1103 227 214 179 1757 162 1245 159 537 103 539 191 2297 52 2060 47 316 59 1674 76 2263
189 20 2349 153 29 197 790 178 440 20 424 216 1119 200 1420 192 656 138 1228 84 1138 102 2293 167 187 219 1743 75 2115 2 848 169 221 124 635 65 1168 4 2045 234 302 146 440
190 20 1029 209 1499 177 2500 39 1554 162 298 36 875 65 462 80 1933 130 329 18 857 161 355 99 1472 140 2088 196 363 11 1336 110 1122 224 2309 80 190 165 1302 233 1090 53 1995
191 20 149 168 2478 154 1489 139 363 135 2090 130 1943 242 1099 10 1532 44 1070 136 1494 90 548 62 1237 150 2081 145 469 124 1822 21 2111 182 673 31 347 165 508 234 236 51 752
192 20 1382 19 1665 74 1970 9 90 98 796 128 1853 44 1894 180 1460 4 1537 17 1032 13 2347 112 1589 191 951 62 1085 215 1279 187 782 101 573 101 2032 134 1121 209 2039 91 1944
193 20 1220 110 548 207 1621 178 580 71 1205 184 1319 67 1928 240 956 35 1116 120 1935 242 512 207 1891 208 1230 159 1239 92 2104 218 1475 94 2294 137 153 149 1834 124 1418 176 190
194 20 1080 126 2077 211 236 216 896 39 1609 10 2398 124 1518 188 290 50 943 7 1813 13 305 233 1976 157 2398 66 694 174 515 225 551 95 1468 151 1379 116 454 85 353 61 37
195 20 1303 84 504 10 759 230 339 93 1501 44 268 246 1305 109 2466 57 1142 100 1036 54 2067 103 1439 20 182 67 1039 69 626 148 1960 135 168 226 949 227 623 215 627 230 2260
196 20 2345 181 2199 241 1054 18 1545 131 1457 78 1458 222 1609 19 1170 199 436 107 357 117 1532 241 1143 32 119 194 414 111 1334 212 336 56 3 52 713 94 989 75 1784 169 914
197 20 2049 172 293 250 758 58 989 143 914 206 2145 57 1604 94 418 153 1177 118 517 71 2415 37 907 247 401 234 2207 127 2058 118 1757 89 1866 129 1136 204 1529 30 645 2 1217
198 20 874 127 1527 173 2022 202 599 146 1712 107 1565 30 775 122 2084 24 862 195 398 140 2327 106 2216 201 160 96 1411 43 761 205 2165 17 1905 127 1852 205 1828 174 790 119 86
199 20 1082 162 179 183 66 245 1832 141 2320 35 1044 177 1544 195 1753 204 1172 9 1903 6 1061 209 878 155 701 23 1130 162 1968 247 623 188 929 111 2016 129 996 175 1419 148 2306
200 20 823 158 157 28 495 170 1352 159 698 179 1677 29 573 125 1060 117 882 77 555 92 530 219 2358 232 2244 53 1229 116 1188 41 2232 6 1848 140 1628 54 1892 206 1115 136 726
201 20 1204 130 758 27 1372 236 1209 106 847 115 360 84 280 198 142 109 1942 27 1542 48 1006 43 1065 202 1139 237 2000 124 1578 179 378 177 2289 144 1249 86 1038 167 135 50 1228
202 20 350 78 1275 236 1926 247 440 229 886 18 1070 51 1204 241 1978 231 2351 156 763 84 2213 88 562 120 1783 207 1134 249 1901 234 2460 142 2132 97 133 239 549 75 1332 171 2022
203 20 419 64 1580 138 1134 37 891 143 1757 176 1648 70 1919 234 1727 206 1250 148 274 37 1069 76 2066 4 643 164 532 166 2057 225 1371 174 1384 38 651 110 1765 64 1691 142 1221
204 20 79 151 1399 97 1165 31 1842 80 1811 19 1030 233 2402 18 1540 205 1506 85 995 221 1424 230 1142 63 809 114 2141 81 587 56 2135 43 2099 16 2007 81 754 140 870 165 1163
205 20 259 201 2394 133 2371 7 2451 25 1 210 1109 12 2424 164 1292 201 1103 100 950 221 1988 18 1268 127 100 242 894 14 594 192 534 198 1349 220 724 227 1658 224 2047 146 2419
206 20 2193 207 1485 147 1360 61 1468 187 178 36 878 66 2415 187 460 26 1322 88 1536 159 1223 173 2344 139 113 68 2216 223 127 173 2256 6 288 198 2299 141 2032 28 426 44 482
207 20 2893 181 1698 153 335 249 901 182 2247 224 2078 148 816 22 1868 164 1001 209 631 230 195 170 2156 33 2131 170 1398 9 275 205 310 229 1821 27 1868 200 383 69 2333 190 121
208 20 363 11 1703 109 1521 125 1390 9 1615 243 704 110 1368 72 1115 160 155 7 2443 198 532 167 2408 6 1006 176 459 21 2074 126 669 48 1528 11 442 57 1993 91 1122 110 644
209 20 2082 204 297 195 491 175 2231 225 1144 138 1381 21 2323 170 81 8 1449 229 1792 198 345 245 491 175 1248 93 319 109 2325 244 1727 115 1528 99 594 108 2347 125 262 43 696
210 20 1690 86 853 137 1593 147 71 104 36 205 1345 1 429 90 2019 2 2130 106 2176 164 606 238 1247 174 2064 28 1686 162 1880 65 1471 114 295 4 9 70 2178 74 15 180 1651
211 20 1444 213 2393 234 1971 6 104 215 1717 15 1402 59 125 115 49 231 1565 236 1595 139 610 198 2255 210 675 53 1784 189 2464 109 2483 26 1711 143 1064 225 516 16 17 65 699
212 20 1554 77 1483 72 2443 87 1387 44 2122 64 2295 25 2477 246 1664 17 1631 222 1510 137 479 248 1518 183 195 238 497 97 2103 210 1709 4 606 116 107 105 307 36 5 26 819
213 20 2452 169 2172 30 443 64 938 16 2219 215 1567 83 851 27 1082 223 758 173 962 238 1217 128 1263 161 2427 169 771 90 2333 87 1780 245 170 61 2452 25 1658 172 2302 102 433
214 20 1345 85 2317 120 1519 143 2279 157 826 133 601 225 1843 55 2257 21 1003 149 1689 155 700 201 792 84 69 166 711 162 1293 59 864 148 990 77 1098 69 1950 210 609 99 1146
215 20 1206 35 2416 81 1651 90 576 129 397 94 434 8 2272 126 539 47 234 8 32 172 2026 30 1475 101 217 41 2397 54 1916 53 1537 96 1192 244 2273 97 795 38 1950 90 1192
216 20 778 25 1570 103 1932 156 1094 38 2197 10 539 95 1075 27 924 240 906 186 2488 145 466 80 662 18 1125 16 270 225 473 210 780 2 2121 137 1939 145 526 45 1866 49 2080
217 20 1186 227 1028 85 1254 188 1108 187 1720 140 2185 143 1957 93 800 227 1136 52 2139 67 630 3 1781 5 1535 125 2214 1 255 29 1465 154 5 103 1411 68 1867 234 2290 9 1190
218 20 585 63 722 73 1581 1 1966 27 1153 165 1527 131 1542 202 1919 173 626 203 286 241 439 226 1075 96 1786 133 1206 155 1307 159 1089 204 297 134 1040 139 548 209 1496 126 2071
219 20 1151 66 1868 15 1149 123 880 17 1084 203 103 169 2271 37 696 202 1155 128 74 172 1295 178 420 148 575 110 818 162 227 51 2043 34 1303 217 431 130 160 54 1822 108 364
220 20 2001 72 2046 42 830 102 2326 112 1342 155 1213 198 1484 151 2394 60 1848 181 1290 95 1809 246 2378 91 1924 161 762 66 1459 129 993 190 1093 179 1708 1 1694 130 156 165 2454
221 20 234 14 340 122 2292 89 1130 248 650 106 1611 33 1980 139 810 83 1701 40 26 101 2483 12 2039 145 173 250 616 6 869 58 2280 49 1931 238 2263 80 2252 171 1279 37 469
222 20 2388 129 1819 1 1559 188 2286 161 805 247 1373 177 652 207 2259 129 129 169 447 72 489 114 1677 159 1263 129 532 119 1077 8 1915 19 1530 239 1906 94 1602 1 992 201 2463
223 20 592 81 1926 173 1761 74 1188 112 2290 101 2391 34 1804 189 2036 51 1860 121 1850 105 1428 203 2074 29 1261 5 1895 3 1912 249 2160 126 790 244 693 63 2353 210 1685 104 1515
224 20 1099 231 2206 242 1120 179 247 202 593 84 1858 217 1809 167 2080 115 1704 208 1436 89 501 212 1901 219 1253 74 381 129 1444 189 911 98 1435 51 181 137 138 153 2456 167 69
225 20 1667 17 1708 161 1053 142 2435 167 1982 1 864 41 2079 106 1034 12 2104 187 1565 107 1543 16 1334 36 281 45 302 150 1281 155 780 67 2136 175 1642 51 214 150 2011 159 2104
226 20 373 150 2272 86 680 213 24 48 894 87 416 75 80 249 1794 121 1229 21 371 11 1987 1 1064 144 1024 195 113 7 1308 165 613 208 544 132 1428 246 2488 131 537 189 565
227 20 306 102 1566 241 368 131 2173 57 345 131 1647 155 521 201 1475 150 1952 201 221 246 1711 50 1514 55 2046 100 1614 86 896 126 458 125 949 39 481 151 1477 119 1405 23 382
228 20 1289 56 1229 52 284 20 804 8 2202 44 2186 216 2249 43 1333 16 2068 197 2188 88 954 123 328 2 793 187 1368 20 2491 210 518 30 574 149 695 107 2251 125 648 104 1365
229 20 1281 83 649 10 949 51 915 224 2426 225 1164 219 1309 210 188 98 912 116 1510 161 421 104 681 240 1576 87 1423 83 1990 247 1125 155 1221 246 463 40 907 128 1967 219 1854
230 20 1752 183 784 186 33 207 2362 98 923 72 1354 26 1076 34 1230 48 1979 115 2008 199 1337 61 1175 240 1381 250 349 230 1881 139 2198 23 797 60 2132 123 796 125 1737 127 1339
231 20 419 131 1564 17 1903 11 1560 167 66 179 1600 165 490 81 1164 216 956 44 2271 159 986 103 813 73 911 228 1557 141 1407 216 1349 38 1607 60 1762 68 2250 113 1296 234 519
232 20 2295 61 645 90 1988 67 2160 63 1386 191 2479 96 2008 243 2163 229 1986 228 57 26 32 50 1889 174 2309 98 1759 188 364 11 559 171 2 154 675 86 1722 21 2492 105 1871
233 20 1745 10 1317 1 1030 28 144 49 631 118 1291 108 1031 94 262 78 2476 205 245 222 228 184 1901 58 1521 58 85 99 2315 239 1508 212 494 123 1656 188 2401 99 1974 192 58
234 20 1744 157 917 141 2056 187 944 50 2043 150 1264 32 22 192 2140 49 940 57 2091 242 2040 33 1444 125 1525 178 1368 133 600 168 1776 161 1044 34 498 155 1352 169 1049 39 891
235 20 312 215 503 109 560 141 1251 97 1295 239 762 122 2034 159 111 64 701 181 1604 24 2202 62 1330 96 1665 217 1762 156 2434 176 1054 75 1091 71 1408 8 1714 65 582 243 2303
236 20 2130 130 1572 209 1313 22 1802 240 1487 142 1952 22 1280 223 1998 15 185 18 1727 191 63 229 596 210 1001 176 128 140 204 2 1324 205 690 40 2120 235 1535 110 634 223 1544
237 20 2081 181 34 233 1615 193 476 131 294 152 1069 222 1477 199 1582 167 105 19 155 39 845 204 871 80 30 125 1538 58 2471 115 2183 16 2448 116 513 69 1598 74 2261 138 60
238 20 1719 177 1951 14 2075 168 1482 235 1772 129 403 198 565 95 518 234 94 184 1626 161 1108 80 1088 57 1213 66 2004 122 109 139 1301 32 66 92 1949 193 286 169 2482 205 477
239 20 1421 127 1482 166 953 199 1881 99 762 62 915 209 1138 117 1467 7 754 5 1296 34 1420 207 11 204 2099 4 2347 235 922 123 1900 211 978 85 1206 236 2233 148 159 84 323
240 20 2274 162 1270 3 2006 97 2140 210 740 197 550 73 905 77 1255 200 240 150 2461 117 1063 83 1938 3 374 223 534 157 1026 73 172 26 1604 27 1869 158 2040 249 2455 169 1118
241 20 1056 152 424 116 593 144 2244 180 539 24 844 49 324 227 2486 154 938 185 1800 162 554 219 87 146 1030 124 825 228 649 142 732 212 535 240 499 170 1798 143 439 193 1910
242 20 13 216 116 79 984 43 806 17 616 135 1712 4 602 187 736 36 1324 235 692 58 470 40 1397 131 1659 100 1688 163 1945 168 1459 98 1185 111 1957 187 1879 180 155 67 1946
243 20 976 216 39 72 739 239 975 11 179 110 1930 144 780 7 1232 118 1743 75 385 183 725 249 1637 95 5 48 2165 144 1884 153 106 5 543 137 1104 1 1674 160 1531 32 1838
244 20 762 151 2280 20 2487 81 1873 103 1328 9 472 44 2274 202 936 127 1955 19 1174 243 841 144 1524 2 424 18 1739 33 122 71 580 218 857 72 710 133 1631 104 1326 248 480
245 20 1186 182 827 185 2399 33 2455 1 1185 88 799 221 1473 173 593 134 1969 170 2338 54 1031 213 63 141 1717 127 1294 47 2434 4 1240 206 691 82 908 199 1727 178 1205 17 1271
246 20 1365 107 1969 160 1636 126 1414 195 2024 143 2374 64 2021 10 762 246 545 119 2436 206 181 177 806 58 1924 212 188 111 489 1 1088 105 729 10 767 204 751 193 2384 89 2119
247 20 2703 2 985 240 2442 158 715 160 3 126 886 220 1309 191 1523 81 1818 221 704 249 1238 207 2485 12 67 143 1379 213 2265 50 49 127 975 161 2030 140 2073 96 1384 127 936
248 20 2877 155 1114 106 1143 192 1856 176 1607 194 1580 234 1696 238 255 193 23 105 879 137 700 78 758 100 302 55 1462 192 1638 177 1335 138 2436 60 1554 186 855 108 2354 177 1451
249 20 340 38 2366 141 1280 35 2119 89 1836 80 2411 14 1407 75 1257 177 2311 70 899 4 1076 207 198 200 2443 82 834 45 248 70 102 103 833 3 1138 95 2127 118 2170 237 1634
250 20 587 90 454 52 2357 52 1808 50 1139 181 1424 148 1662 236 1646 11 2378 41 1444 29 1343 30 2415 219 1177 87 1190 55 1190 101 936 181 2193 185 648 206 1167 194 50 78 857
251 20 633 211 2240 17 1406 77 2411 246 844 61 680 146 575 68 2009 61 1475 245 231 61 2170 32 203 119 1615 206 1753 26 2015 55 2280 113 1089 13 2406 185 1639 220 720 40 608
252 20 607 99 2169 14 1661 178 479 244 674 242 1629 187 592 88 1109 233 224 77 964 178 2427 28 2053 175 30 11 814 209 1021 50 698 161 2084 227 307 94 1666 48 2042 234 2310
253 20 2065 116 2128 39 1431 54 691 109 1813 149 1292 102 1523 174 1061 18 2304 193 99 169 1689 85 847 227 357 167 1637 55 806 145 399 78 1271 18 2229 128 2032 194 1156 217 2100
254 20 490 179 68 119 1085 176 231 173 1313 193 2174 24 2158 194 1677 18 344 222 2257 128 1380 139 2302 50 1645 147 995 85 859 162 262 149 2102 141 2023 205 1915 242 168 5 2044
255 20 941 193 1187 56 2255 81 310 151 367 1 455 206 2084 41 1929 189 2215 19 1090 183 865 86 1902 241 2464 175 1351 33 1136 182 1076 83 754 167 1858 218 1934 127 1961 3 796
256 20 987 137 2249 147 2035 244 808 78 1566 194 1112 204 558 161 954 104 417 127 1039 143 1279 139 1037 225 130 10 1757 241 1615 211 873 249 768 132 158 84 2112 170 1069 153 609
257 20 2391 43 1902 181 225 246 1079 185 2193 159 914 232 716 95 738 104 882 115 2423 101 256 203 165 142 517 163 688 8 1214 247 529 1 1510 32 2465 86 1094 230 610 102 1007
258 20 662 94 848 57 648 217 891 114 1991 39 244 32 1658 165 1117 127 438 22 360 64 1872 167 1137 120 1531 116 1458 2 207 164 1691 86 1358 94 281 10 234 130 1151 173 866
259 20 1172 89 1211 11 2383 45 551 23 2399 66 1379 224 1139 7 469 2 1127 207 1011 207 327 217 1280 65 1689 68 896 55 208 10 1765 225 1873 115 1913 180 599 135 1084 8 1860
260 20 1433 242 1175 155 701 38 1717 84 572 54 1348 51 1360 247 2291 196 677 168 1942 190 1305 239 1733 186 1684 27 980 169 663 196 1536 81 1483 123 1965 33 1283 221 1055 141 1905
261 20 341 73 1565 235 1733 123 1899 130 401 13 493 147 2446 155 815 126 1549 209 1632 48 1313 27 256 185 2018 91 977 165 915 162 1094 119 2225 82 1566 61 1235 6 321 196 602
262 20 175 170 109 230 270 9 437 191 2107 85 73 32 1276 193 2255 16 59 47 1949 133 488 214 1841 140 633 204 1623 48 54 73 1541 20 733 243 2280 242 226 56 2165 243 649
263 20 437 167 2284 189 476 184 1320 99 985 72 329 150 2410 196 615 172 1172 23 2446 245 646 184 979 39 1234 217 866 27 1228 166 320 165 725 74 2244 174 1470 47 2406 12 2044
264 20 2002 130 1178 87 274 164 311 56 1934 144 1428 78 1026 20 622 19 1526 177 435 235 1279 92 283 208 480 31 936 33 2483 80 998 87 1248 232 489 66 1238 221 128 31 421
265 20 530 125 1748 102 1916 227 2104 187 522 215 2083 57 212 245 1646 102 2074 22 147 138 1393 185 2163 196 1730 168 2287 207 599 145 244 90 2172 147 1315 55 1427 121 1673 14 2063
266 20 444 10 1663 56 2102 67 299 28 1776 110 1691 137 2329 225 1926 243 1581 113 88 144 194 87 2231 197 659 18 595 204 1785 149 1664 175 2047 152 1689 38 505 204 2329 231 2318
267 20 1923 78 513 150 919 191 1368 118 2456 55 592 135 1962 107 2181 104 2445 13 528 182 875 166 401 73 1346 33 2166 78 829 222 1360 42 448 34 2334 104 1664 109 1409 6 207
268 20 770 67 548 154 896 125 891 217 2492 193 1597 141 1892 250 1615 141 648 157 698 173 1999 201 2274 160 1152 154 808 143 1202 12 2002 191 901 168 1659 237 2228 192 2042 231 1675
269 20 1737 4 413 176 348 13 258 14 1452 142 889 208 857 124 1365 20 1546 113 1028 105 1932 185 2228 170 2097 177 209 82 856 158 1813 135 56 56 1848 144 598 57 986 213 875
270 20 1901 181 895 18 1327 74 2096 223 1583 51 775 217 1826 179 1774 227 536 89 779 217 1910 136 2190 100 1528 26 475 140 630 202 538 186 777 243 2339 83 1421 136 97 210 2227
271 20 703 47 1724 118 1979 173 1467 20 1719 233 1860 205 1525 122 1636 150 526 14 1390 139 1571 131 673 241 1821 198 1664 219 436 80 2465 53 1428 91 1601 91 1795 197 2426 133 606
272 20 1455 171 900 88 262 18 1642 114 625 69 2002 87 2465 49 2214 214 2044 167 1835 220 1948 238 2133 149 2002 76 977 42 1684 207 612 199 2 128 598 103 323 222 2081 239 671
273 20 17 233 1158 146 13 48 1190 242 2361 200 681 135 2147 74 130 192 168 24 2455 77 1931 161 276 108 1315 212 2193 221 166 154 2163 183 566 120 1115 203 620 10 1806 192 1399
274 20 2675 198 671 199 1796 129 1631 173 1452 104 259 127 1636 88 1365 168 2181 161 1281 171 2056 214 61 7 668 144 905 144 2465 158 2163 101 1723 42 853 206 940 63 951 154 31
275 20 1742 176 1335 248 1287 39 1312 32 1476 38 2286 123 2193 131 1261 137 2480 15 1657 190 1351 80 977 236 1598 232 526 117 1672 110 2081 175 1247 36 540 83 253 122 2490 57 1764
276 20 1003 7 2448 77 378 19 318 141 1879 16 1803 175 304 120 657 163 1112 50 2339 230 984 53 1770 26 643 159 1365 112 1914 65 1676 199 1591 168 1559 192 1450 184 1433 242 2273
277 20 2511 124 168 119 1858 122 1028 227 2306 212 1730 178 148 224 2086 104 1622 241 2300 151 340 121 2395 26 2110 95 1666 36 782 106 674 127 642 162 2125 201 422 111 1904 8 405
278 20 1836 187 569 108 835 25 2099 209 847 114 2223 38 592 169 1153 27 2173 177 2115 220 310 29 1029 13 526 18 1046 230 444 162 1483 37 1348 37 1352 41 2085 94 1754 16 123
279 20 1963 50 1125 110 1581 82 2067 52 803 35 1150 116 2100 38 1885 102 1408 222 630 144 945 62 2011 26 1972 116 662 47 405 249 1725 242 1983 160 1207 225 1927 114 2386 115 1669
280 20 2044 78 1134 85 2378 191 465 175 236 75 1991 50 454 9 316 22 1239 124 2407 245 248 29 2263 73 178 228 2113 168 2043 33 2394 62 1135 82 2058 234 574 136 2041 4 264
281 20 1604 38 500 38 1425 163 362 81 529 134 2202 185 1992 240 1103 133 648 221 2426 131 625 29 777 100 756 50 2060 241 818 42 675 166 2299 211 1974 87 69 6 322 133 1905
282 20 576 155 1894 204 252 59 1221 131 1110 91 577 98 2230 228 1323 25 860 157 2432 32 1712 183 414 207 10 202 450 241 1922 128 1072 57 397 87 14 106 1962 136 901 9 1204
283 20 1736 19 887 25 850 199 911 141 1430 73 19 60 1505 242 1457 248 1372 233 1403 246 1905 59 1206 232 2047 184 2255 40 859 53 353 245 948 65 944 182 1401 167 308 4 1221
284 20 863 250 973 29 950 140 2373 165 1284 216 1310 4 47 78 236 6 210 189 1673 235 2053 12 2067 190 1592 41 1170 64 2477 135 1825 29 443 42 1886 78 2116 245 273 239 1787
285 20 1650 198 1506 66 1671 190 1984 50 375 160 2272 103 1976 40 21 173 1628 132 1635 101 2266 39 931 150 2124 10 1777 36 1903 147 519 166 2303 92 48 158 166 53 2229 12 1498
286 20 648 17 207 14 1824 130 812 30 817 74 1824 7 62 46 758 22 52 8 1791 23 2256 18 2235 171 1865 8 2316 64 251 107 2394 98 1255 146 1581 233 2067 130 2027 81 1447
287 20 1184 189 2312 83 1030 239 2441 107 1234 172 625 118 1123 26 2494 104 1306 3 2238 51 2180 216 1530 243 713 75 1479 137 1959 95 2115 65 917 41 1906 10 1203 107 1742 187 2357
288 20 402 32 439 144 739 60 1082 131 90 130 1689 169 2171 161 913 207 1268 202 1552 250 2363 210 1847 24 2052 239 1211 32 1018 34 1149 168 149 114 946 65 1424 7 386 36 462
289 20 921 7 1803 130 1613 146 378 126 773 43 1445 150 7 204 1762 155 1431 46 712 198 567 4 109 68 561 28 2498 240 248 106 651 63 2310 206 1817 73 72 37 1656 116 1065
290 20 1900 51 1624 194 1169 20 2279 192 1477 105 2433 73 1172 204 2056 120 2138 81 1614 147 2170 99 1424 214 2027 225 288 72 1457 217 397 162 238 185 1201 87 1264 241 778 175 2360
291 20 2192 78 293 95 1167 159 1104 127 1881 199 1530 68 704 91 2202 102 48 15 2339 92 57 46 803 55 129 173 701 200 1212 24 951 228 2156 179 1869 126 523 106 186 242 970
292 20 561 179 550 165 420 50 1848 101 1369 52 765 39 1192 50 1721 59 575 210 1730 229 2081 43 1477 195 2164 16 1125 10 618 136 3 134 501 8 1193 103 1579 67 560 154 1202
293 20 2426 195 900 33 2476 171 1249 144 2339 119 886 21 1143 206 2216 104 669 112 476 204 417 88 1844 242 1205 226 1390 48 1379 152 1980 186 1640 169 782 101 803 158 1241 29 2410
294 20 867 155 353 34 396 32 871 235 220 50 2414 69 9 11 2023 12 2443 78 925 1 350 223 747 180 1083 164 1361 190 2466 115 2029 127 2063 118 2442 206 1962 111 1055 149 62
295 20 2033 62 1431 122 2191 103 1894 44 432 68 1662 212 380 102 1935 72 1834 220 2111 119 1263 194 1251 247 828 63 648 88 1971 169 1814 226 1369 119 462 112 954 115 327 163 2355
296 20 623 213 2121 66 190 184 1887 153 228 130 2174 222 1061 20 1817 230 1456 234 2397 180 594 16 817 27 1961 207 634 229 1122 211 844 46 1974 148 2098 192 904 148 1082 231 2253
297 20 1784 192 973 62 466 117 2318 6 270 150 323 50 2104 141 1025 93 2329 241 1454 54 1119 67 588 242 504 133 1345 137 1986 201 122 170 2379 17 1603 84 1075 127 2026 55 1591
298 20 1051 199 697 2 1784 64 2476 20 1719 184 2384 43 1909 93 1414 94 2074 198 2357 191 2424 120 1084 40 1514 9 2465 7 196 168 97 36 46 134 1834 92 92 96 941 160 1987
299 20 2608 120 1887 202 846 171 1844 141 431 103 2151 106 1221 24 437 78 174 92 1471 215 230 151 1608 218 64 222 2191 108 91 97 1713 154 242 190 2498 180 2452 68 2303 42 5
300 20 1424 76 1968 39 679 96 315 49 288 37 326 61 1577 78 983 127 834 88 1237 192 2271 22 754 211 2302 39 1915 149 1470 19 383 124 2204 133 1481 203 2226 236 1772 95 778
301 20 1140 250 291 133 127 55 1269 36 1811 108 378 155 1495 42 2393 18 2066 249 952 56 1145 69 1547 41 1538 125 1792 103 101 17 635 60 1950 18 1528 39 2109 2 501 10 1976
302 20 1149 107 1754 72 1757 42 2134 35 1488 100 634 87 511 110 103 124 1986 100 1531 178 2183 223 43 139 619 23 1534 60 2167 175 1719 36 891 194 1168 244 750 136 1377 110 2322
303 20 1990 20 1037 87 97 22 304 42 1206 250 1131 37 204 99 2356 217 1450 199 1296 142 1801 113 2086 134 1510 215 259 231 32 104 1837 204 1738 66 1666 117 1228 28 887 40 2443
304 20 526 86 2325 124 2341 32 1554 104 1717 195 1609 108 1359 195 1107 17 1080 29 1826 214 362 82 943 140 1156 137 1369 194 1617 135 1908 129 1177 77 43 207 578 90 2356 239 781
305 20 1436 148 1521 155 2394 35 685 215 1718 169 499 70 1494 182 779 34 2427 125 1635 9 1514 53 371 75 1141 186 351 108 759 7 2331 85 1775 86 2149 247 1583 129 519 195 1754
306 20 1953 161 2310 210 1839 57 2156 235 1294 240 303 236 808 98 347 195 1119 158 357 22 815 188 325 250 2481 125 745 184 2405 80 1276 160 1510 89 167 98 2238 2 1143 220 2119
307 20 2425 249 137 246 1427 21 786 199 502 118 1911 132 1720 186 1817 175 74 24 101 130 2394 142 1530 27 594 8 840 124 170 214 1218 240 2090 65 304 112 1783 112 1583 41 2106
308 20 1185 127 630 37 182 27 1443 197 1358 98 606 31 2291 121 694 250 2009 229 1836 25 552 87 815 85 2462 121 103 106 719 93 2105 130 979 211 797 230 848 140 287 134 2107
309 20 1069 249 1462 234 330 204 315 108 476 60 562 232 616 149 1993 102 1169 71 629 128 891 112 620 106 603 246 1303 127 1465 51 989 83 249 78 1971 56 1610 57 2359 170 2363
310 20 1890 73 48 180 1406 133 26 44 1415 75 614 76 2419 100 2409 83 866 71 594 201 1268 131 2442 12 2135 20 579 73 1851 121 2278 169 382 238 1549 138 4 7 1828 25 1714
311 20 1714 138 1216 181 1253 116 461 248 2392 34 204 246 646 73 712 118 216 75 278 229 1719 219 1496 74 1163 245 1538 77 2340 129 209 62 1162 186 1269 184 524 208 818 84 1295
312 20 922 152 762 150 754 180 2238 134 144 47 228 11 778 161 2137 53 2201 29 2493 74 2500 222 664 132 7 232 1514 209 3 180 1832 34 182 135 2157 234 838 168 1713 245 2098
313 20 1257 120 1640 136 1397 37 1452 12 710 150 1627 241 2032 237 1540 122 1467 10 1109 180 887 53 1342 8 1483 189 1119 176 578 42 327 167 1765 78 824 246 428 153 561 131 293
314 20 415 85 691 240 1667 173 2173 134 203 167 490 175 776 142 1187 124 759 57 497 177 1762 40 222 167 1979 167 918 182 1196 50 575 128 1289 185 602 100 1809 6 1762 2 2046
315 20 2251 19 166 116 1322 82 937 222 633 203 1473 125 597 148 1886 239 831 224 1991 165 2081 22 1795 85 1441 89 1797 169 68 53 1765 189 1846 24 987 29 345 180 2182 92 1352
316 20 147 199 2305 126 1830 205 783 138 2453 181 80 61 841 39 1281 125 35 205 2223 188 2272 114 1217 20 2189 12 1368 204 988 42 58 67 357 91 1873 239 94 231 6 129 2365
317 20 67 61 1153 175 131 41 132 151 780 99 2378 144 1761 51 1513 128 192 248 1193 124 20 163 1613 140 2092 105 1622 143 1361 239 2085 90 901 68 618 101 1569 177 1837 113 1088
318 20 1946 148 1005 131 83 212 871 198 1153 14 1432 10 1002 239 1068 147 921 222 2314 25 1937 169 413 140 1434 183 2048 195 178 108 378 209 1996 17 1129 175 161 113 2232 62 1117
319 20 2240 85 328 82 10 112 630 122 1728 200 1513 146 1166 232 1627 195 528 21 502 249 683 25 1207 149 1433 140 2422 59 52 205 906 156 499 134 138 56 2015 69 1761 84 1770
320 20 962 214 1996 85 647 71 442 120 794 120 241 52 1073 131 1329 188 1067 179 283 131 788 77 802 160 1728 203 647 54 1938 51 2207 101 812 236 462 25 929 224 1570 202 2180
321 20 1875 113 652 63 1309 63 1061 229 2026 32 1976 198 752 61 313 243 1054 85 2344 43 1546 84 867 108 2434 120 2462 13 589 11 1728 119 102 244 1727 210 953 42 680 139 706
322 20 370 200 1402 229 1093 154 578 186 133 89 1245 137 1016 76 690 245 962 91 2256 57 1587 105 542 83 382 139 991 235 318 165 170 165 1181 219 1625 12 871 166 2100 47 2457
323 20 1511 9 1930 104 735 147 2403 14 1464 141 1590 230 2093 53 1563 72 638 35 1036 117 2398 14 1135 106 1674 222 1466 174 1736 178 706 121 2346 171 1008 154 2390 35 515 43 373
324 20 1037 130 695 51 500 23 604 222 2445 155 873 213 853 91 1339 208 2038 82 414 80 577 163 2069 64 1141 67 2355 218 1560 98 1746 177 80 189 457 16 2268 12 1701 35 2211
325 20 2248 118 876 87 335 121 1220 234 1944 154 2186 209 1478 158 1850 91 816 230 744 171 161 228 1890 140 727 146 479 206 1160 91 1040 134 451 56 433 119 2131 87 125 126 835
326 20 2494 10 1976 234 2076 103 1812 36 1150 233 1149 60 746 51 1321 77 1558 219 718 190 677 239 1288 203 1505 181 2486 246 599 35 753 60 2044 72 250 14 2042 34 371 212 1696
327 20 1648 228 456 236 160 14 782 38 1425 176 2093 193 1650 9 1988 25 1327 51 1404 206 2059 81 1837 125 613 75 1501 196 235 70 1911 106 1257 143 77 21 2028 198 1986 4 1423
328 20 2570 205 310 71 1228 215 296 197 2065 212 31 180 812 150 2499 68 103 249 1986 66 636 66 780 123 2322 110 316 139 2177 55 1166 134 1251 16 685 109 202 194 1612 114 2061
329 20 1672 243 704 43 965 217 1838 230 146 44 317 214 1504 157 1541 91 2014 66 774 249 537 153 2112 150 196 45 1006 14 127 42 871 185 1009 205 2329 164 1107 78 211 128 692
330 20 1465 132 552 28 1784 236 372 95 865 156 796 246 1472 198 1744 5 1353 223 920 3 1420 234 2165 193 383 179 711 104 1079 140 1749 203 447 90 2215 178 2435 118 776 57 1544
331 20 1973 245 280 233 915 248 1817 247 251 90 1997 165 1030 40 982 77 1798 238 129 61 84 116 163 14 1876 98 2073 39 1417 110 916 56 2241 41 1501 159 919 88 1041 184 340
332 20 2297 126 2453 147 45 204 1440 220 1780 44 933 38 741 219 2474 71 44 39 548 144 295 31 2399 182 1655 185 723 147 450 127 26 226 1562 22 999 111 346 46 1201 103 522
333 20 71 134 635 26 153 138 66 173 215 158 1070 49 2351 122 2193 155 2153 78 1362 120 70 114 2069 104 1131 23 2347 197 1204 142 149 164 541 192 1515 122 1465 236 528 10 1296
334 20 2698 66 2430 65 850 247 350 167 1097 242 2272 205 2054 7 1363 119 1614 218 2014 145 2435 64 2313 83 1277 64 292 178 47 56 893 34 1064 166 1195 247 580 234 1453 128 357
335 20 768 59 2296 143 400 26 1760 43 1389 108 830 34 578 18 1221 219 1769 213 337 17 1367 191 2154 179 1185 247 1633 184 2081 212 686 70 220 88 1675 118 2437 37 139 240 1562
336 20 409 143 177 139 1754 31 2487 69 538 136 1500 80 2467 108 1814 155 2168 233 1260 77 2291 148 1334 194 2072 200 1153 16 471 54 66 238 775 157 1966 228 12 211 536 239 7
337 20 1412 102 101 205 293 178 1451 121 819 171 70 120 1107 199 892 32 588 6 1325 200 1927 70 1906 143 2078 109 1695 147 1716 138 750 75 2146 36 1350 198 1685 43 1704 187 388
338 20 889 224 1001 119 1342 191 459 181 1529 46 2203 138 1010 178 917 250 1712 144 420 63 1040 82 1650 49 2449 221 907 158 563 109 111 124 1563 6 425 91 846 77 221 119 353
339 20 1348 192 327 23 2439 202 1762 157 932 31 1717 96 73 160 2183 2 700 128 676 139 858 89 2292 80 1769 96 1793 102 100 189 1336 16 1575 217 158 218 2399 184 1200 217 780
340 20 2123 237 1090 230 1867 207 1795 79 2398 117 1077 212 14 29 1735 146 1680 156 789 249 111 125 734 89 2138 209 2496 130 441 11 37 100 15 50 1140 175 1949 190 2426 47 2447
341 20 1851 173 288 183 1700 205 505 114 2307 127 2472 72 974 87 2400 244 2135 212 2046 241 880 73 1700 163 688 243 849 237 2488 16 1816 128 2367 18 579 193 906 245 754 95 1081
342 20 513 193 2235 79 1614 142 2388 195 2153 34 1546 188 520 87 614 243 409 11 1090 162 1735 84 470 243 580 7 594 24 787 243 81 75 1598 128 1674 65 688 172 1327 171 1943
343 20 2123 159 1555 123 1607 134 77 192 1520 242 1979 53 1835 25 1673 113 2214 125 2344 15 2131 143 286 136 1135 25 1671 168 934 159 256 205 2182 53 1801 228 1590 6 521 232 374
344 20 501 188 2390 226 922 55 2320 96 1437 227 928 37 145 129 752 63 326 13 1108 237 369 46 1932 123 226 232 373 241 1767 78 1390 93 479 1 597 190 1026 227 882 111 445
345 20 2068 68 286 157 768 39 2112 249 1102 177 421 33 708 84 1034 124 1772 178 600 88 1110 177 432 233 1113 160 1183 6 497 191 820 214 1275 41 2259 197 1045 52 270 150 1277
346 20 1006 244 1178 174 417 244 1222 93 1237 198 125 146 2243 223 2074 181 1768 204 86 220 2188 156 2232 241 2095 174 1084 212 2046 223 357 165 1751 92 12 19 454 130 1506 57 234
347 20 2159 231 1362 130 1333 192 69 113 232 91 1167 134 938 76 1565 51 886 177 2312 105 407 104 1486 50 856 160 453 174 1809 245 643 86 32 250 1401 249 321 204 200 56 1327
348 20 1662 118 1122 218 248 175 939 143 507 92 1328 140 1970 212 2485 223 1181 42 493 217 2025 120 2462 3 739 107 1700 104 1132 184 2470 71 288 138 1196 203 139 212 1885 81 69
349 20 1511 164 1234 54 1490 61 1044 160 317 127 895 83 1533 63 2062 123 2475 34 431 126 1808 150 659 48 1779 111 1809 50 2394 242 1472 215 1046 36 1244 98 771 119 561 240 740
350 20 827 223 1525 95 641 54 1205 57 2158 116 2251 174 375 229 2070 12 1213 44 411 59 1240 225 301 24 2060 114 982 209 1546 10 818 135 1880 215 2123 59 580 181 911 212 1504
351 20 32 124 796 12 1373 30 2409 104 1469 187 188 57 507 46 1989 105 730 239 836 200 62 74 1697 80 2046 88 1692 245 1134 231 1262 190 586 122 2477 89 912 199 1605 126 846
352 20 768 36 323 151 1157 66 1201 175 2264 189 1461 34 1649 107 1416 228 594 115 674 5 1421 225 301 198 1283 207 1782 228 404 186 143 56 1224 33 873 192 1257 76 1025 188 168
353 20 1426 67 180 135 2105 109 1286 177 1232 29 1653 50 775 67 675 98 2060 76 680 83 2366 234 714 246 1235 117 1617 249 1834 7 1274 77 738 136 607 146 638 103 25 31 2358
354 20 1889 157 1699 28 40 245 2292 48 1846 24 1811 218 2011 238 1973 32 146 49 572 186 2291 167 1783 15 360 175 1745 46 442 111 1233 208 715 127 2023 7 845 17 1266 182 460
355 20 564 122 2159 200 570 83 564 181 123 163 1823 114 179 123 1745 157 2312 122 77 193 926 63 2347 108 931 70 2132 234 1195 88 399 13 1960 146 51 149 2239 50 2393 186 217
356 20 1095 225 1167 66 388 242 32 147 1293 211 1495 104 1004 157 1107 132 2069 31 2019 16 1963 94 12 135 1177 166 2477 136 244 43 166 197 1688 51 2440 28 2467 106 339 141 1083
357 20 2161 115 978 106 488 171 515 136 2365 57 1971 248 221 119 52 104 400 33 1663 25 944 193 521 77 1622 237 822 139 1609 123 2406 68 2206 241 2225 74 2486 234 668 114 583
358 20 344 217 2372 189 1741 180 1869 44 2028 53 2350 37 637 13 1964 40 1195 40 1752 134 906 131 1402 199 2002 144 901 17 587 130 1064 99 482 151 2171 21 1587 187 1393 105 2057
359 20 1454 133 2127 70 1860 105 2175 135 10 8 1932 110 1880 153 1214 145 2407 36 1967 225 338 24 1900 155 1025 153 1989 94 1246 13 2122 130 2338 144 1382 64 131 10 298 110 874
360 20 2095 193 991 146 264 153 1631 242 1029 218 891 147 1314 3 200 164 143 32 1038 102 1533 123 696 65 1115 148 1352 102 2357 197 2473 32 1714 83 126 246 1398 164 792 5 2323
361 20 2163 210 358 243 835 157 1350 27 921 178 1750 196 653 107 186 166 1157 48 36 65 578 152 1589 88 2068 113 1482 78 2359 170 1492 111 256 49 925 83 1931 213 113 34 1229
362 20 1796 149 2436 37 919 83 658 104 853 216 1912 86 189 187 1430 9 2458 61 1864 213 904 130 403 2 2135 178 1673 162 1407 68 397 100 1673 213 955 162 2479 178 560 234 391
363 20 1548 113 919 127 2313 217 1945 110 1383 134 325 153 463 203 2483 236 489 141 2248 41 62 147 2450 20 1649 114 2415 8 316 116 2332 4 1230 240 1037 66 2135 79 1387 174 2492
364 20 1709 105 843 59 1987 181 1564 230 2015 84 572 206 1882 117 2132 64 179 57 384 128 110 225 973 110 1239 110 622 53 133 114 1761 221 822 116 838 104 1840 75 159 209 658
365 20 706 121 401 67 650 155 1833 183 840 120 2007 214 836 95 1149 55 2048 158 995 4 1952 243 557 195 298 178 1207 28 2035 200 1658 139 1451 145 419 216 1683 169 2234 52 898
366 20 1906 231 2192 101 2500 219 1854 77 701 71 751 169 1087 16 1592 135 2021 55 732 185 1750 227 352 86 1357 23 1970 250 223 152 1321 100 1575 128 2095 166 622 79 1485 130 548
367 20 1222 97 692 249 767 132 2478 70 758 112 908 113 1880 99 1606 18 609 109 1178 135 492 192 1167 107 1798 48 2083 1 2364 114 786 140 742 10 1337 28 219 140 1375 100 1387
368 20 2216 116 223 67 1259 91 2048 133 1824 201 1939 242 1160 166 1131 36 1168 157 1517 7 1513 208 643 221 1547 118 1110 76 166 143 533 82 2114 165 107 122 861 173 300 248 1244
369 20 2032 99 492 133 2294 249 1364 177 932 138 1446 58 618 126 286 84 182 95 484 17 2010 96 1270 216 145 152 2023 121 834 173 2359 60 49 125 2383 120 2242 196 2138 37 969
370 20 90 35 636 12 940 57 2290 59 731 51 1588 56 171 90 116 115 284 113 1719 209 2333 102 1538 85 1729 143 695 212 1104 46 33 131 1622 212 1906 101 98 161 365 43 381
371 20 1184 98 2289 54 2489 124 1258 94 1130 70 81 194 1471 27 1717 37 2350 101 333 146 1623 155 2152 47 1298 215 1081 52 828 35 118 114 200 230 1678 90 1023 248 1194 48 1849
372 20 399 186 1421 87 826 120 1052 134 917 110 1478 7 1395 59 951 112 2394 140 1833 241 1793 137 242 173 772 89 1784 72 2499 121 793 76 2353 176 1223 62 1697 50 793 112 776
373 20 692 77 1337 144 693 161 2398 139 1563 4 1972 136 2492 46 483 203 1092 75 1167 215 652 69 1518 170 405 237 957 192 2431 92 2283 130 685 51 2303 24 6 25 1609 15 517
374 20 1056 26 422 245 1472 50 1366 169 1426 59 658 17 2154 1 1456 90 1776 125 719 193 2048 61 1353 98 1835 144 2407 10 688 157 284 219 1203 42 1006 56 1757 178 2012 41 1498
375 20 1741 193 2157 25 2375 190 1052 175 2095 37 1378 245 336 198 1667 173 511 14 773 67 87 247 1842 213 940 122 1424 16 764 51 432 9 436 4 2303 123 2494 206 1958 210 613
376 20 1414 130 1022 122 811 179 1321 23 1161 158 588 16 747 72 2101 230 2100 137 1748 190 2229 229 727 195 642 52 1285 56 1911 35 1259 204 2144 137 2046 249 692 88 1622 49 161
377 20 2340 207 1337 195 260 152 251 32 2232 150 1955 52 2132 188 945 165 1773 33 339 169 1742 102 611 148 808 188 1554 104 2041 45 2378 59 2252 238 2235 3 1360 161 2377 61 698
378 20 383 85 1104 141 44 194 728 133 1017 229 259 227 792 244 2274 153 917 127 1257 97 732 140 235 83 1301 41 2391 77 1543 127 594 130 1519 135 2293 193 2374 94 2156 110 1643
379 20 2294 226 2392 130 2133 245 330 230 2496 15 581 135 2 206 676 120 429 154 1433 153 720 39 393 69 1809 217 1440 87 930 97 1167 98 1594 118 1691 238 513 223 1030 236 535
380 20 242 147 1831 196 1417 45 102 67 1319 81 1994 64 644 249 1143 62 2117 180 1133 86 215 172 2025 155 2159 72 359 205 1439 146 1279 200 290 73 477 78 468 72 1424 115 1643
381 20 987 193 927 161 574 74 1386 117 505 114 2078 44 1677 190 1058 103 292 99 1291 98 2304 233 2187 113 292 221 922 242 950 179 1689 188 452 160 1272 12 176 100 2051 51 2441
382 20 1649 82 1984 200 206 18 891 47 185 59 2195 132 2299 126 785 20 556 92 1369 104 2339 114 401 180 2398 219 1448 244 1442 114 807 104 1799 198 2267 195 2215 51 1805 10 9
383 20 568 66 1201 40 676 103 11 118 1315 128 2116 88 1047 204 2046 176 462 85 196 177 1319 60 1506 26 1885 134 259 106 209 50 210 163 1330 171 651 211 175 92 266 87 701
384 20 2261 16 1550 170 457 141 1830 203 59 155 168 10 1231 17 692 40 1490 190 1542 212 1529 151 743 8 1465 6 665 38 2398 116 1376 169 1028 155 314 242 1683 57 1351 224 1152
385 20 2226 8 2156 108 1754 201 560 218 1063 223 2255 106 928 148 253 219 208 102 1757 126 234 175 799 58 652 76 1751 194 1649 15 1666 215 2449 213 1479 64 1285 46 123 120 644
386 20 79 66 825 143 1777 152 1409 88 2309 92 153 26 492 160 1415 62 1688 65 1023 201 642 162 309 231 1700 188 886 149 1530 153 1298 53 1167 74 2206 131 1320 40 1135 237 1240
387 20 2492 162 1098 208 1282 178 1892 222 1065 70 1679 102 1894 64 1023 220 524 235 2389 68 531 211 1193 191 2403 2 861 224 831 143 2399 179 1697 4 2238 26 407 229 834 33 1630
388 20 964 245 1117 47 204 102 2024 150 1825 239 1375 42 1663 2 1266 210 1226 108 542 96 1792 244 1123 91 1457 177 1376 85 1119 142 1204 83 2067 216 1171 180 1872 30 2407 76 1299
389 20 40 30 1429 53 848 128 324 75 944 87 71 168 1341 215 1298 199 2335 64 1743 79 2168 86 1679 148 1148 209 644 219 834 236 1479 232 779 58 881 115 2178 145 1457 38 2451
390 20 2571 36 968 204 941 116 749 172 1810 183 779 23 2163 221 720 158 975 84 2106 124 2105 203 2429 2 2389 218 396 190 1827 184 795 247 1457 202 260 110 555 42 2460 147 2317
391 20 1136 42 1708 89 392 116 907 72 2174 172 755 183 148 248 844 106 322 6 1891 179 594 250 1779 32 1713 16 831 107 431 241 1782 150 627 213 1195 98 240 247 364 109 1572
392 20 1905 204 2433 86 2322 212 2288 228 1651 91 370 86 750 119 1790 66 832 79 332 37 2260 26 1816 12 1547 64 1999 89 2159 142 1575 199 1427 194 1656 75 2219 141 2015 135 979
393 20 532 225 1238 71 2489 81 360 160 769 36 2465 232 1887 38 2268 244 1534 195 397 216 1026 111 852 57 1378 243 1963 48 1311 199 1154 143 686 101 2330 112 1095 171 2149 185 2185
394 20 1971 161 1319 131 1815 190 2436 120 341 125 2019 213 2425 188 693 76 730 158 1577 198 1064 91 534 223 2194 205 2403 135 1006 151 2166 136 985 35 1631 137 1333 4 400 181 1874
395 20 1863 84 2483 198 1812 55 921 4 1720 151 691 3 1769 35 1733 65 198 49 307 150 2395 159 761 229 2327 24 478 228 1699 145 1853 163 2136 109 1198 208 255 178 1293 198 1104
396 20 1830 17 2497 95 2255 13 2083 143 527 6 1142 88 1627 217 682 233 1241 20 1471 124 642 83 1213 103 1758 11 2367 126 1637 205 754 218 1977 108 68 11 2251 46 803 8 475
397 20 2226 94 1131 42 200 102 1916 88 174 248 670 169 1882 156 2061 215 2273 74 1068 149 2330 4 2087 18 755 36 1227 174 2049 84 1150 53 674 233 412 162 1798 250 1787 187 2149
398 20 612 128 802 212 1062 249 1483 69 631 47 315 36 2034 41 634 96 655 224 808 71 1943 4 1004 46 1586 15 2341 53 1645 39 788 74 2000 167 1609 93 2146 2 310 214 578
399 20 1672 125 1016 90 929 19 834 151 310 6 2465 93 1837 165 880 146 965 35 1195 215 2007 225 1713 170 1298 29 380 221 1628 243 302 83 299 124 1356 48 1758 109 583 12 644
400 20 1732 10 1487 5 1775 129 1461 222 2407 198 1062 140 580 165 1842 136 356 86 1196 21 264 111 1591 166 1492 122 1156 22 1592 60 1379 14 679 246 1313 143 2442 107 666 169 755
401 20 1684 65 2132 18 880 164 2486 109 1753 90 1775 189 461 19 416 89 2299 213 2256 10 1764 33 1265 35 1739 249 834 231 1113 96 1160 82 1233 41 826 208 1237 19 1110 140 1732
402 20 340 195 181 77 1196 240 75 147 1202 109 197 17 2050 231 524 30 1450 223 2459 110 593 65 1771 108 1715 185 361 230 527 129 1942 12 2013 196 1171 178 2133 235 1753 193 249
403 20 533 34 2462 222 93 35 982 11 2174 227 1765 152 1731 56 2261 36 2157 82 1995 31 1345 243 376 144 1424 83 2129 27 1058 198 1847 151 171 51 1214 176 1409 12 377 52 552
404 20 2683 172 186 168 1231 113 1873 218 2054 198 1798 52 2382 96 357 179 1732 150 2485 203 2387 58 802 116 2276 181 1317 176 1828 28 2192 28 2302 179 790 209 1781 24 2447 214 1399
405 20 1132 227 721 201 2378 195 1257 205 2148 24 842 24 1745 232 1802 215 2172 15 1183 162 60 13 791 136 1759 73 1480 26 1809 75 432 231 862 57 1831 46 2253 13 2077 87 315
406 20 1265 183 166 66 1236 189 1628 50 493 237 2080 20 1349 74 657 178 1334 65 1376 166 973 169 1039 175 1166 131 2193 238 670 50 622 54 2429 88 2311 38 1755 130 999 242 2377
407 20 2184 196 810 106 724 243 2128 111 483 57 957 145 2334 29 2276 120 492 34 2230 45 1629 55 1380 161 756 134 1103 165 584 106 564 136 104 117 867 173 2114 66 139 106 1556
408 20 520 86 963 39 1666 36 1891 211 1224 122 1075 129 123 7 1260 152 2178 139 1579 160 1898 201 2000 117 1440 107 1169 80 945 165 651 3 777 167 381 177 702 29 22 195 139
409 20 2254 26 1964 230 525 9 381 218 416 175 750 15 137 34 214 6 2034 181 304 17 1740 177 1898 172 2253 28 2253 137 150 88 327 243 1145 51 1690 25 1883 249 1467 211 459
410 20 2477 232 1144 246 721 122 1173 36 1968 108 1416 241 339 99 2409 12 1033 1 1138 247 1887 28 440 180 478 116 687 36 1058 207 420 95 1819 206 1662 79 889 117 1641 234 1698
411 20 464 219 1135 200 495 41 772 8 89 47 379 165 1637 245 676 35 2457 124 2389 1 1167 41 74 174 1435 70 154 128 1947 106 2497 104 683 121 2293 71 2350 48 2091 162 2445
412 20 1490 122 1473 87 125 95 407 207 2138 116 1750 210 218 246 251 225 2311 123 1325 198 1683 150 1319 53 378 5 1544 163 2135 62 1785 131 2074 51 887 109 1047 182 30 180 2126
413 20 903 38 1623 248 1381 92 191 192 1295 189 34 167 695 239 1149 159 1165 10 2435 202 233 22 717 139 1820 246 2386 85 1231 141 1134 162 597 64 26 209 825 61 183 249 2235
414 20 1914 73 1898 217 53 59 1198 44 2166 170 1676 184 2074 120 974 235 1003 55 1065 165 1531 7 1752 18 1226 19 1539 246 1821 41 1020 100 1119 160 751 196 1273 235 1995 218 946
415 20 2206 174 1225 188 1624 209 191 52 786 44 1264 241 175 218 830 181 1160 151 2339 68 1439 144 1007 169 1326 126 1770 70 398 19 2396 65 1729 117 1014 24 214 71 1788 204 1002
416 20 1392 41 1211 207 757 159 1350 1 872 57 1878 228 124 173 706 218 2434 191 529 188 755 66 1073 113 983 177 843 148 2 87 56 217 1564 26 647 68 1189 170 2126 42 2171
417 20 1036 6 999 29 1756 60 449 43 2137 34 109 17 621 138 631 114 1017 158 1519 19 1922 116 1606 146 1207 45 616 138 2335 34 745 234 1057 57 310 88 1673 31 1330 61 2060
418 20 2888 119 918 72 2027 33 566 6 969 87 1867 156 40 207 1072 113 1091 137 117 244 161 197 71 189 429 158 508 184 2258 146 654 91 526 227 2369 213 1081 230 1846 132 1566
419 20 942 241 1791 179 2238 143 2 67 2345 244 648 1 1907 90 385 68 1370 120 1923 76 1417 15 1202 228 1351 143 838 125 70 151 1964 80 402 61 506 181 1198 19 2307 171 736
420 20 2974 221 1454 122 1528 171 2335 228 829 155 848 128 397 69 1472 142 1324 225 1486 146 1327 66 1036 47 1573 239 461 113 1186 197 2037 202 2092 149 1466 133 2288 228 907 240 1757
421 20 768 78 1403 19 1717 87 322 23 1027 39 1555 2 1311 86 2079 157 280 114 1267 87 817 240 1235 219 1043 27 699 68 1729 64 417 75 1429 161 67 155 669 98 16 69 1705
422 20 738 151 63 101 865 61 32 158 1150 201 2359 123 1064 35 600 55 1717 116 591 21 1711 113 1242 48 481 203 2305 14 1632 14 1155 88 1377 220 1653 34 146 159 2059 78 2330
423 20 625 31 990 116 2015 161 651 69 580 246 373 6 1174 33 1891 116 1992 69 1351 180 1555 69 2280 58 624 3 769 224 785 124 1709 127 526 43 636 248 112 76 531 248 959
424 20 2020 148 1988 92 1957 144 2493 100 2189 17 36 44 1213 189 842 132 1142 97 973 245 1937 230 2007 52 492 232 1669 81 64 246 1868 171 450 227 1431 199 2285 143 623 165 905
425 20 1555 21 147 49 180 120 787 10 1897 2 1437 241 2084 97 1251 223 847 75 1884 196 589 119 2387 12 643 178 516 1 223 34 685 248 126 201 726 63 2243 192 317 72 202
426 20 318 132 673 58 1419 44 564 216 1527 2 1204 204 1315 203 327 176 2158 135 309 46 1063 241 1606 120 1754 109 948 54 1926 127 415 104 1989 69 1674 42 302 89 848 215 336
427 20 722 159 1879 212 1662 133 753 3 2001 68 1816 137 229 30 1437 158 1849 207 1986 29 2374 167 101 148 1834 29 604 79 88 22 1840 180 756 160 215 160 1377 1 1719 71 2384
428 20 1314 93 1569 101 2295 174 408 99 1772 179 1128 61 1603 167 512 5 2500 175 1923 232 1984 62 1732 91 656 249 133 119 1295 191 1613 25 1210 158 84 39 259 119 1306 215 2495
429 20 1560 37 511 181 1525 190 121 207 1087 187 1045 202 1001 115 557 69 2198 74 2239 205 964 217 691 78 103 215 2278 17 1690 1 918 56 1554 67 1826 140 523 10 1520 174 1647
430 20 2073 99 118 50 1766 177 1000 96 1701 206 1331 6 1708 188 292 6 2075 113 1560 236 1198 132 1588 14 2234 130 1788 59 885 67 2144 191 255 146 2470 247 2336 87 405 130 2446
431 20 243 96 1636 162 2151 164 1296 31 174 140 1570 197 1498 183 2292 140 593 131 1579 22 1424 222 35 196 1524 69 50 65 2111 4 662 137 1815 119 66 224 759 199 1602 84 914
432 20 2092 128 788 143 1625 28 2283 37 1127 200 1381 7 2464 85 1635 206 1356 12 1410 68 1550 245 2393 53 960 189 896 139 989 40 1309 96 2195 239 202 119 780 3 525 169 62
433 20 966 56 826 6 1512 56 914 216 1622 248 2045 136 671 187 1871 217 2389 136 1049 231 1509 146 1307 65 1682 86 2116 86 1021 224 182 40 1326 49 2318 40 2070 140 2144 22 2385
434 20 1240 196 1281 134 1820 3 2328 88 427 60 475 67 2441 77 878 101 2097 223 973 193 1021 147 1662 133 2185 70 2444 28 1619 54 1400 88 341 128 297 173 1429 71 2024 187 2024
435 20 609 169 858 48 1923 46 678 153 1649 31 1457 46 1733 187 1131 88 1093 25 67 65 1236 6 295 30 1407 206 1055 173 77 246 1029 71 1950 7 1187 156 1365 34 116 60 2253
436 20 1194 193 607 213 1045 145 1804 199 428 126 472 234 329 34 71 160 536 43 2205 142 1908 14 1933 191 1034 18 2147 197 1620 30 1973 237 2429 6 1563 221 1395 32 214 228 1402
437 20 1316 223 1675 155 2319 149 2312 173 567 250 1304 154 605 89 104 190 1679 90 1384 64 723 37 1378 160 456 200 2421 153 1648 163 487 242 1771 48 25 103 2191 245 965 90 441
438 20 909 43 2002 121 1691 184 1043 193 2322 234 1959 63 774 178 1261 219 699 120 1366 37 1301 243 694 158 715 68 1553 30 433 21 1446 10 1794 99 828 73 1663 49 1848 27 926
439 20 1934 33 879 236 1115 47 1159 211 1323 141 1062 25 1672 153 2326 244 187 158 922 190 249 20 1974 105 1847 48 373 17 1825 180 521 161 654 81 1820 39 105 55 1480 152 1579
440 20 1136 57 723 9 1977 16 1552 74 1710 69 2133 75 540 107 1605 154 36 117 2336 114 509 172 246 241 1842 241 650 198 1162 89 2040 113 2435 31 481 1 1497 99 865 107 1862
441 20 1431 150 1911 162 965 241 1960 45 939 134 485 97 498 22 659 88 332 237 1962 88 652 237 2096 204 383 9 1644 241 897 12 2209 174 1184 61 2439 12 1076 206 1442 90 721
442 20 1977 162 1256 141 1342 81 1219 90 1578 212 870 159 1336 56 38 212 1993 96 2009 119 404 151 2002 184 572 219 428 148 801 97 2492 226 2409 3 216 166 679 107 930 101 224
443 20 2347 233 2357 171 236 172 1473 21 1900 24 2482 19 1196 143 1269 30 474 100 2025 110 443 92 1325 106 1617 94 928 154 1823 143 376 197 2079 186 631 211 82 92 1155 147 334
444 20 1205 46 13 7 855 106 1822 224 830 110 496 27 1313 136 1092 244 1884 224 1119 180 1113 238 601 1 951 41 1980 241 1997 8 518 116 1302 108 560 94 247 229 936 165 331
445 20 373 9 1891 137 117 56 478 158 436 110 39 135 644 94 1730 165 233 46 91 80 12 13 150 110 2048 22 2110 58 922 92 2438 179 1361 187 2046 121 1159 191 2165 193 2319
446 20 1426 55 1622 20 1043 80 1578 55 1066 99 722 195 65 81 2345 31 1128 124 2438 97 2207 12 1309 82 887 200 76 55 873 49 839 176 494 174 1056 191 1274 230 1603 87 898
447 20 1720 98 64 230 860 46 490 84 2452 184 2028 89 1550 72 402 243 2102 245 1371 236 2357 153 2411 161 1652 31 2250 43 2427 177 1732 113 2141 198 1960 164 1648 53 448 110 2157
448 20 1437 26 1476 225 1265 101 1990 103 974 80 762 17 1729 198 2178 228 308 118 572 129 671 191 1571 126 2436 173 1114 183 2267 109 1150 107 237 174 1490 63 2093 60 2009 137 2481
449 20 1699 13 691 135 1991 26 1718 160 836 169 1527 173 2482 27 1562 197 2494 102 1074 37 697 4 1046 191 181 227 948 250 1990 64 227 160 1609 24 620 216 286 165 1295 174 465
450 20 1634 100 487 196 24 191 1640 101 413 188 1509 73 386 71 2422 199 446 206 1019 143 1033 22 1883 210 2187 89 797 209 251 222 788 197 2357 207 1316 37 396 59 1744 97 1452
451 20 864 64 499 171 927 190 676 47 2348 20 997 13 467 66 1072 133 314 170 1579 156 2287 69 2072 186 917 67 405 183 1860 83 645 156 2031 161 181 201 2190 106 308 56 2098
452 20 548 115 2114 184 1427 19 2397 210 195 59 674 154 1992 73 2296 227 1794 29 2410 158 288 214 1814 148 2326 5 1861 116 480 102 1228 98 1055 206 2313 156 490 18 1862 99 513
453 20 1280 131 1939 222 735 114 1086 27 2150 209 1193 235 239 132 1954 90 1128 195 1009 60 1711 91 599 203 1192 226 1377 50 2436 39 2135 99 361 94 1966 238 1374 11 1972 122 2338
454 20 1380 144 1858 216 923 121 1724 204 2404 186 383 233 476 83 2268 134 1098 63 2135 220 964 2 399 168 205 146 2023 140 858 215 1936 48 56 196 51 150 1069 198 1066 26 678
455 20 1367 77 2058 236 1777 41 498 49 2023 1 1309 246 997 246 93 245 1976 14 387 193 1588 18 1093 109 2496 93 191 10 2275 71 2036 32 1765 36 2 85 2461 167 1556 34 2094
456 20 1046 84 683 144 2047 229 1341 153 2191 216 2173 203 2424 132 145 47 2070 23 706 37 886 149 827 218 966 5 304 33 556 33 2390 186 2232 207 440 164 1731 162 1560 28 1700
457 20 1 218 1981 206 255 75 1686 54 2221 1 2151 144 2291 22 1941 146 1317 223 1004 142 1371 125 1979 94 781 4 1141 168 1959 4 2068 71 1413 97 449 37 487 225 826 140 213
458 20 725 164 1082 185 2265 68 2461 239 2216 81 542 95 1190 220 1327 14 666 37 2045 191 1493 241 2059 13 292 231 1041 32 2203 117 311 3 1292 127 173 1 1155 11 1445 171 247
459 20 2190 104 317 196 989 33 1795 173 796 210 2259 58 312 223 918 124 1007 32 1989 170 1311 33 2388 10 738 217 2344 63 1184 18 1836 244 1164 129 1811 14 288 165 29 31 835
460 20 1034 111 2249 236 427 192 494 224 480 129 160 68 734 119 280 43 1890 81 2254 70 869 146 997 186 726 42 966 47 2243 96 881 25 245 66 938 96 2396 60 987 178 2234
461 20 2190 178 129 171 1877 187 1490 220 159 193 1294 174 258 229 157 44 1820 147 1236 58 2048 15 1188 38 988 235 1426 73 339 113 1992 114 192 137 840 105 2496 195 2233 51 264
462 20 2400 38 2064 235 252 99 202 197 1295 127 936 134 667 197 697 21 2068 117 145 53 1640 197 216 214 30 80 2329 38 92 165 2376 155 1380 146 1966 99 487 75 1688 96 2399
463 20 1777 89 1992 65 493 191 397 3 673 76 1208 88 1506 148 2404 15 1142 241 1601 102 2188 141 257 113 2384 162 1108 231 707 48 2119 3 1579 22 513 57 2424 171 2378 113 1778
464 20 1533 7 1211 250 2111 134 1981 133 1882 118 1344 24 2170 188 1625 195 1341 140 776 231 1467 192 1222 115 2180 89 1694 14 1369 164 1895 133 2254 235 1780 177 1837 53 400 180 2177
465 20 369 190 923 170 1874 121 2278 208 1541 131 2464 131 2499 106 107 60 1443 8 2042 17 391 2 2227 79 1149 71 960 12 670 95 2098 224 979 176 2256 105 2418 229 342 148 1941
466 20 904 200 2033 90 1235 7 498 32 1651 56 2002 14 1625 28 1332 7 709 176 351 94 2203 202 371 205 2395 247 165 23 945 3 960 40 1787 65 328 30 41 159 74 229 422
467 20 2388 212 1781 213 1655 118 2172 75 477 195 995 237 801 230 1641 65 2147 40 332 134 2252 154 1948 59 1860 34 329 225 573 62 523 105 2382 248 1168 144 795 209 2492 201 1944
468 20 1567 110 931 3 1573 74 2331 153 488 124 668 195 1633 14 888 161 2150 154 2412 216 426 193 181 32 1300 142 50 93 1794 74 1963 182 986 232 474 153 2462 107 1680 40 192
469 20 2125 155 1347 245 2313 167 2292 220 1709 162 604 43 255 15 1038 104 2037 233 343 77 1515 5 1133 142 1151 235 320 64 2419 197 1560 12 2263 93 583 42 710 46 1143 49 1283
470 20 345 4 943 66 1501 221 260 193 910 43 63 235 811 194 2112 110 522 27 1545 35 1185 160 2153 245 2275 2 672 249 1818 122 404 244 2433 227 790 52 1915 158 2416 43 1301
471 20 1093 235 2007 86 680 230 2336 49 702 31 1072 237 2298 198 1194 63 1224 41 1628 99 1473 89 1061 104 678 234 686 157 2347 61 1217 198 1186 15 621 173 491 152 2334 155 1633
472 20 1621 16 2028 201 713 104 683 204 7 151 100 227 885 147 1937 221 1928 157 688 195 1857 4 1411 43 1598 173 330 101 1145 73 2093 131 1517 244 1566 239 1853 135 104 182 967
473 20 1143 193 1035 134 1118 176 790 137 1403 156 673 240 170 92 2302 70 2458 133 1175 114 1628 127 180 205 433 71 890 43 1965 158 2067 6 1681 115 1547 155 1209 147 97 50 1683
474 20 630 149 1069 42 2060 117 413 21 964 198 1921 137 248 32 712 25 1901 136 2027 98 380 107 1893 180 1983 248 1834 24 1164 141 1417 75 1711 56 309 90 1722 168 85 221 720
475 20 506 247 843 143 1739 203 469 67 2088 123 1581 188 948 161 750 53 1959 163 535 6 2451 250 755 230 2434 21 2096 64 393 56 1827 215 595 160 1187 116 2053 84 2392 184 112
476 20 1624 167 588 70 233 160 963 180 2269 131 2026 71 1158 245 555 34 1595 221 702 114 1369 12 204 226 879 80 828 200 1990 79 1946 157 2297 101 219 110 48 215 1519 227 1071
477 20 23 167 1866 213 413 187 361 235 1307 203 1474 184 972 214 339 249 1920 3 11 85 263 60 383 109 854 187 2020 65 2257 236 280 145 1919 190 2290 103 1775 203 1406 204 1955
478 20 2172 134 2128 176 1577 246 1650 16 2107 248 1088 162 1634 77 2121 173 1250 41 694 172 2093 164 1901 231 27 227 4 244 47 20 1225 237 643 69 950 65 1672 39 1793 159 347
479 20 2061 170 423 57 428 92 2312 56 1872 159 1462 123 1342 6 335 76 1137 157 2075 23 10 140 1303 127 1168 245 1089 97 2014 76 2317 77 1949 203 506 192 96 135 1545 226 1067
480 20 2119 82 2268 185 2180 138 1904 73 299 23 975 82 156 54 1346 208 2084 95 2034 71 2451 173 1526 87 880 172 1180 221 2324 83 982 168 2413 195 1871 157 958 131 2421 114 1047
481 20 1590 189 630 205 1924 46 1224 228 1827 147 377 209 2072 221 706 219 1979 120 579 80 1157 109 460 174 1962 83 390 221 617 243 734 238 1266 44 1424 91 380 76 1739 70 2121
482 20 1428 76 414 21 2306 66 2456 22 1727 92 1035 146 1446 242 1639 114 2254 48 687 244 871 60 759 32 953 87 1190 127 1395 142 871 131 1096 24 604 160 675 36 755 203 2106
483 20 258 160 55 151 1088 137 304 12 1724 135 1926 1 474 183 1850 193 210 235 691 233 2134 35 2449 116 241 205 2134 48 1913 219 2273 218 1802 159 2110 146 736 23 1665 110 81
484 20 2289 47 2231 121 766 152 1703 213 691 154 585 41 169 123 1017 54 1925 20 1354 208 2459 120 1123 65 998 169 499 41 595 233 1572 64 600 78 2248 246 1060 26 2356 249 1584
485 20 1635 88 626 118 858 14 2413 229 1372 156 769 80 721 22 589 46 1770 104 128 200 2347 64 1474 183 1517 18 2285 18 845 13 2161 101 2320 164 2169 162 2133 37 2175 248 30
486 20 2476 195 1465 237 605 230 1551 229 367 162 1066 200 542 213 1053 226 1979 161 1709 221 1634 150 1891 149 2235 102 356 138 2197 173 1962 31 214 194 166 4 644 203 1493 208 37
487 20 563 97 381 243 634 181 968 37 1795 159 599 213 384 18 1599 34 2239 225 1133 219 1343 39 4 152 1936 53 446 195 1030 92 2404 81 1474 115 784 199 1062 182 1148 192 538
488 20 1428 44 568 173 126 168 289 145 2405 9 376 192 1391 25 608 116 1510 105 467 164 1490 233 418 238 181 161 209 73 1164 199 419 114 2275 131 2359 72 2198 94 886 179 1286
489 20 645 83 1402 54 797 159 1150 114 346 190 1365 40 816 20 2114 111 1468 81 1754 176 2058 80 399 163 73 246 2000 14 525 224 125 21 2295 27 249 220 2325 153 386 212 1905
490 20 585 116 1440 111 1737 127 372 169 1456 187 1116 7 1561 31 2312 239 448 196 739 69 287 199 2047 218 2120 1 1867 2 1349 115 512 76 356 188 3 229 1717 79 1031 27 1756
491 20 1557 103 1768 231 1774 24 765 37 1878 47 1213 117 2059 94 479 197 635 73 1341 100 172 105 2271 239 136 69 534 211 1697 176 798 239 2244 35 595 2 1496 106 389 135 611
492 20 2659 37 404 32 2340 61 1340 160 410 68 1418 202 792 232 150 188 2485 92 1087 140 328 105 2329 215 994 174 1884 212 97 228 600 4 2113 162 1612 38 1046 176 1738 195 119
493 20 1149 22 1683 218 160 173 96 22 2419 41 2446 22 1745 218 216 102 2300 86 1113 225 1814 12 2321 236 1668 164 571 79 2177 24 861 44 1036 212 381 221 1353 54 1433 250 14
494 20 26 92 918 121 2400 96 2236 91 2344 154 1372 103 2434 202 2049 119 1761 154 1899 79 1514 189 2418 172 914 108 1908 127 18 30 175 168 1064 68 628 146 1143 243 1742 179 1827
495 20 510 58 712 189 2427 171 1826 9 1466 77 1487 180 69 194 215 35 600 171 2058 228 1066 106 512 23 1994 131 673 14 655 144 2442 61 6 193 659 61 1839 45 1255 49 2
496 20 99 249 656 183 1483 68 980 62 628 241 2008 32 1641 98 2031 67 1228 191 1218 132 701 84 2264 108 1885 173 2399 54 1240 10 1970 46 473 160 176 96 773 189 1125 114 1976
497 20 143 157 162 100 1890 145 2393 203 1828 231 2130 223 533 125 21 8 2462 174 1347 188 2271 177 1995 60 760 149 45 145 2232 191 1981 73 939 16 1342 101 2452 22 986 151 1053
498 20 2794 193 1398 34 971 123 63 196 1074 186 2393 241 2462 218 1613 106 242 108 766 28 1395 192 315 181 826 197 1571 177 2038 150 944 100 464 143 1560 148 1292 147 461 59 2340
499 20 2384 228 1201 229 2441 183 1663 25 1994 108 2346 132 61 94 1847 74 957 73 1656 191 525 122 632 113 244 165 918 93 1386 139 201 225 625 183 1901 32 1746 11 2366 215 2056
500 20 1082 220 1778 124 2143 36 1405 31 2404 206 2317 249 2070 190 1369 127 513 125 673 177 1164 192 1987 175 739 29 1171 45 211 196 2147 190 1835 115 2324 168 532 154 1151 111 462
