1 22 1300 36 3 43 1129 202 94 149 2084 28 646 54 737 147 300 151 605 16 1420 214 1142 68 2253 238 1541 245 1413 8 221 7 1939 137 1284 165 1174 183 500 122 1525 23 1003 136 221 200 1755
2 22 561 75 1725 8 1641 234 1299 84 324 8 2130 168 424 143 1370 88 472 151 2444 160 1975 42 2341 15 2081 208 174 89 733 164 1851 41 2193 133 586 50 1686 86 744 214 1373 236 1571 239 2388
3 22 1778 147 2155 134 2081 50 538 238 1067 148 167 87 178 68 1623 159 1770 176 620 22 2405 120 1516 186 1135 196 1877 173 767 177 2031 12 1119 186 380 35 1356 174 1950 117 2167 181 1346 83 495
4 22 2025 88 2261 79 437 192 269 83 342 118 1428 77 1705 205 1850 26 2373 167 118 81 2453 95 1988 55 250 161 979 66 2331 126 782 232 2316 129 1092 168 1595 236 2414 52 504 144 2001 193 1935
5 22 1992 17 2098 57 1543 121 254 194 1931 35 2215 194 2263 24 2165 160 1022 139 460 65 1030 41 1570 41 1885 67 953 222 1977 199 1512 17 247 119 469 226 1394 196 1585 173 1188 218 997 193 329
6 22 2460 193 1465 16 958 237 663 32 1593 114 659 199 707 109 1688 11 2224 162 1320 230 580 159 1615 220 810 14 1649 43 1437 145 2021 165 605 86 285 150 1254 216 2450 188 1603 214 1465 78 1745
7 22 451 118 937 108 852 71 2123 42 1446 234 485 248 1761 67 1293 100 1257 243 2449 115 2480 47 2277 219 1382 106 461 58 564 75 1158 56 1084 236 545 195 1019 62 2356 19 2271 80 1657 230 2147
8 22 1091 20 751 97 1751 25 458 178 1277 71 2062 95 1577 135 2102 115 2312 89 25 17 2017 26 1397 83 901 134 557 112 1577 40 736 133 507 246 719 113 1973 21 309 197 417 123 2001 206 176
9 22 1854 13 2024 206 1004 117 1134 215 2111 30 2475 178 1006 204 1536 111 640 60 914 75 1014 61 2317 223 2367 168 1245 78 432 16 562 96 375 30 1271 202 2173 82 1244 106 1971 110 1751 201 961
10 22 684 22 685 30 1107 248 750 144 274 66 1510 101 585 220 943 235 965 241 1555 116 1249 11 1646 2 2320 61 671 83 869 170 2275 74 644 249 850 80 244 1 2362 142 1605 80 2331 43 355
11 22 1964 145 2295 213 135 73 2041 24 145 9 633 244 783 98 1496 4 690 48 1864 201 2238 250 810 2 1968 108 2244 95 650 53 1580 25 2408 89 1649 2 830 108 1934 79 809 246 2137 1 517
12 22 1336 135 1222 18 373 134 1764 196 2097 140 870 17 2408 151 299 194 1392 38 1580 224 2187 118 963 70 2090 118 1252 56 801 192 1824 49 351 162 2166 244 1480 221 436 148 1119 38 2209 164 2260
13 22 1795 76 2388 94 2498 149 1586 121 1645 21 1682 192 1475 41 2391 47 569 63 1310 43 1235 241 1183 39 1050 42 1100 30 1262 149 727 53 963 228 1072 106 1918 30 2037 91 1949 231 1742 159 2240
14 22 2379 43 2245 13 2126 198 1037 102 250 94 1736 110 2244 181 982 38 1840 207 1340 220 406 240 289 226 1993 1 1876 200 1040 217 2330 19 2287 80 594 178 138 104 2348 234 2100 149 97 50 834
15 22 1614 79 1719 217 26 215 9 94 582 75 741 41 1946 50 2257 197 420 50 1641 113 1955 232 412 99 587 103 229 103 743 15 1974 103 1037 239 480 141 40 200 2446 70 1884 36 338 108 682
16 22 863 218 1983 228 1283 117 1877 75 1844 90 1358 242 871 154 81 115 2158 79 2151 144 91 34 1414 234 1001 215 2176 172 1154 224 1541 51 455 113 48 179 1316 158 1234 169 1127 23 1548 131 1027
17 22 1885 232 1324 30 1920 61 83 181 261 132 468 195 1419 11 2442 142 1278 227 2386 36 1553 36 1261 92 1279 233 791 19 1481 44 322 188 889 71 539 132 335 10 2171 118 2122 166 2313 205 1141
18 22 1371 209 2282 36 1958 174 1263 66 575 80 1145 77 1288 221 2260 9 1317 229 908 58 161 190 1424 237 2030 180 589 66 1090 33 1662 93 2264 57 1393 15 952 1 1178 11 2188 94 910 127 1161
19 22 2543 108 462 193 1255 67 48 40 1646 220 2121 17 618 30 2094 244 651 105 2170 204 2368 143 2245 153 305 31 1160 62 1349 122 828 15 1683 78 414 70 1424 249 1718 60 392 219 1856 248 1638
20 22 61 150 193 163 1323 174 390 107 1235 184 179 212 647 179 2288 203 2204 93 733 242 571 242 1325 225 1487 116 201 86 1630 172 198 169 140 160 7 81 1078 138 60 64 1296 190 894 5 1936
21 22 1111 205 1733 142 1769 160 2418 2 1631 243 621 30 670 152 234 189 2478 21 918 144 2478 94 2347 162 1240 3 1289 25 2247 72 1837 115 2313 19 80 155 1210 236 701 184 2173 179 1222 191 60
22 22 328 181 1467 75 1019 145 2229 192 334 133 786 179 2447 33 1940 28 1575 156 965 158 2326 169 1852 34 1171 219 2267 132 304 124 814 193 324 204 2439 135 1233 34 1014 149 92 25 1867 78 1981
23 22 2410 215 592 98 1326 80 2309 207 1883 171 1378 107 2331 75 418 242 993 93 501 250 34 96 2097 113 821 120 1402 136 2421 135 1378 72 350 5 1349 217 1979 61 2480 34 759 112 2164 243 287
24 22 1047 21 1163 161 840 21 2050 128 2271 98 2333 39 2497 207 1959 198 2208 245 1126 91 924 23 2160 191 307 112 974 4 1995 55 92 236 1915 218 413 64 395 233 1141 6 1336 125 1682 189 43
25 22 1812 73 1587 97 1799 115 869 100 533 215 32 192 2457 103 1141 225 2477 145 1183 45 1960 179 2310 36 2273 41 1642 209 157 212 843 223 1685 55 1049 74 390 124 492 126 1975 180 811 75 1644
26 22 2530 23 2248 21 873 86 1014 110 1075 21 1762 213 325 170 2376 14 131 229 1166 185 496 228 1208 30 2364 133 2176 20 2319 164 751 229 2237 28 2098 96 1005 210 2124 167 1135 35 1268 209 2299
27 22 2234 32 886 44 1299 2 1681 145 253 56 1840 76 2158 21 2391 134 345 229 1758 113 861 40 554 121 1063 19 372 107 1131 231 319 126 835 193 1369 90 1304 151 1435 75 1348 174 789 177 1563
28 22 2654 248 974 233 268 214 1144 182 678 126 1216 121 1270 92 1968 19 2440 30 1693 161 452 184 2006 125 1390 146 953 90 1173 160 1190 242 750 106 1492 188 469 6 1749 84 2365 154 285 248 972
29 22 34 36 683 214 563 29 289 181 275 202 1614 207 928 249 1097 169 1289 141 1885 152 77 1 391 149 90 139 1974 207 1644 174 863 81 1449 150 2498 192 11 96 2316 188 1457 195 559 13 1002
30 22 2063 159 386 177 2298 63 1957 156 2238 135 541 61 1583 230 1464 123 61 162 1620 47 2278 31 448 189 1080 12 756 137 2439 168 239 129 248 245 992 42 225 210 680 196 618 66 497 190 1823
31 22 1004 202 1871 156 453 45 635 93 1208 242 979 249 2494 117 786 220 1476 140 552 28 381 47 94 171 2236 129 127 88 1816 227 863 136 1714 118 1800 213 1199 119 1287 21 490 190 1508 238 1823
32 22 1661 14 1928 220 787 99 199 128 1344 199 20 115 922 150 914 167 863 209 1065 32 641 248 1417 181 1156 45 1989 178 210 53 614 245 1688 14 466 133 610 160 312 99 1292 206 909 144 100
33 22 575 1 1118 161 648 147 763 62 1999 17 1890 179 1387 82 1691 198 2445 243 409 230 2288 37 900 117 521 52 695 185 2434 6 938 168 1446 237 944 93 1138 47 1117 20 492 116 1589 236 2056
34 22 1283 176 748 34 1314 157 1611 186 921 60 266 64 1369 185 40 151 1634 14 1225 62 960 58 2184 165 1756 124 423 188 467 227 1170 237 2328 211 1417 133 2198 152 45 76 424 226 2489 200 408
35 22 1334 26 23 89 2431 44 2439 240 1534 39 2409 176 1223 203 930 18 2345 4 1573 188 1372 58 1349 204 1054 14 2114 161 2191 103 2001 82 1561 241 874 11 368 69 2399 181 1578 68 1606 229 1066
36 22 1954 238 914 10 146 103 1948 131 999 76 729 64 293 177 450 92 2170 9 101 124 512 40 1485 213 607 218 2198 117 1728 92 567 235 979 105 2295 128 1354 125 1973 210 95 46 1653 100 1216
37 22 2571 22 491 103 841 221 870 69 2332 230 1 139 1209 82 127 160 1815 6 1369 203 376 102 1381 114 532 33 481 13 650 81 1688 45 1422 130 1538 229 2455 222 934 38 1578 172 542 201 1088
38 22 2605 35 1999 95 1085 160 344 125 1776 84 1559 158 1832 35 526 180 1907 246 1142 202 141 201 1801 166 636 163 573 63 1036 3 1392 100 775 4 664 155 2199 238 2033 51 1590 172 759 26 2215
39 22 2109 94 963 140 1707 54 503 58 1422 152 2315 137 708 107 384 236 1862 250 1156 241 1937 5 921 217 1016 13 1226 189 946 146 2060 3 954 182 111 119 80 29 1009 125 1453 229 1860 120 1122
40 22 1740 53 873 128 2336 86 1551 45 1118 93 2032 227 1406 236 785 211 541 175 1926 176 80 225 985 190 1540 214 206 135 1223 149 1654 33 502 100 449 210 1024 97 1173 245 154 192 377 18 1792
41 22 848 64 2308 113 1927 83 2303 235 534 6 2000 64 353 250 1761 193 2187 207 396 92 496 11 2156 41 1075 83 1161 151 1518 2 2126 201 2319 150 1618 13 125 107 2209 191 475 213 1063 101 918
42 22 234 68 16 164 111 86 172 147 2058 152 1627 79 1288 85 724 81 1581 204 23 112 990 119 1992 135 611 148 1507 94 701 65 698 100 2244 31 55 95 1976 127 1522 160 1083 124 2265 39 924
43 22 310 198 1781 66 1945 207 99 82 1107 155 844 82 248 243 1048 206 1657 93 163 139 1537 176 1815 226 303 187 2063 97 669 217 1151 16 2409 212 15 70 1409 226 1251 128 249 232 1851 80 113
44 22 1572 248 1090 53 1593 29 2237 145 674 13 1537 40 1445 175 2429 49 2098 140 539 211 478 182 25 87 1664 157 398 38 2471 163 1900 94 321 241 733 176 460 27 540 211 1653 192 238 240 857
45 22 1323 3 1183 218 1266 224 1493 131 465 92 1948 21 202 114 804 157 347 113 446 2 1289 44 1787 229 1580 76 1393 228 1321 107 455 119 1783 18 1791 116 543 134 1083 13 1712 112 2002 134 1628
46 22 1286 3 1360 41 1262 102 1658 102 1776 14 29 37 711 216 1071 187 2200 62 146 32 2122 19 867 42 1741 200 975 223 2013 246 1343 19 2397 162 1632 169 497 8 2163 203 734 53 2480 55 1617
47 22 2549 90 1905 203 754 24 641 100 1839 234 1858 241 1844 235 299 65 1517 10 2099 23 1774 26 1719 177 1514 157 178 168 1036 201 861 102 1749 239 1406 119 2082 203 1222 59 839 211 605 104 1204
48 22 383 161 732 20 2013 200 563 233 500 27 498 160 898 139 1832 100 854 70 435 116 1655 167 2059 211 699 111 1670 167 1075 147 1441 65 7 234 2452 223 822 211 2039 142 1920 9 1410 216 901
49 22 792 138 2074 3 1138 90 1448 96 1413 188 1458 31 1352 219 2198 140 2335 178 2100 204 24 51 357 137 796 194 1462 101 788 107 965 204 42 250 1690 175 353 52 1423 41 1772 78 1927 220 1809
50 22 1277 186 1678 171 1164 38 1260 90 2033 97 521 187 981 177 1986 30 2 215 1361 130 1890 124 2359 120 720 38 326 150 1797 174 875 15 2224 32 92 169 1017 22 1821 137 2362 132 350 45 1394
51 22 6 155 976 138 2379 165 2160 63 1422 5 909 85 935 106 828 156 2146 150 1734 173 315 13 1988 78 374 180 461 85 2210 16 2433 63 2217 24 393 155 361 27 739 62 1283 247 2119 97 503
52 22 937 247 231 28 161 79 445 163 1011 215 821 77 1554 100 1860 44 431 111 2191 39 1278 72 835 1 1666 168 1194 127 1112 239 373 85 1253 69 1207 97 1236 90 377 91 1334 215 832 55 2490
53 22 1573 207 1321 186 1232 90 2295 5 1117 203 91 211 1908 163 940 178 1738 147 1784 143 542 75 944 1 388 199 909 143 2133 178 2136 95 454 230 909 70 1356 244 1784 44 1616 111 2264 234 2342
54 22 1184 35 209 56 1140 108 856 31 309 80 2490 156 1787 105 1529 73 1568 168 1242 222 626 188 1448 213 407 81 1179 169 2239 124 252 31 1035 226 2232 249 2477 75 1301 6 623 90 578 87 612
55 22 1586 60 1294 194 2109 76 1636 120 902 226 2145 151 538 191 1984 108 174 206 769 224 512 40 1217 36 1090 241 1083 54 1851 175 2045 118 1172 62 458 78 1461 222 182 150 17 109 1591 76 1625
56 22 1779 222 1008 84 1793 63 2261 160 592 81 2308 246 1062 73 1338 10 758 161 1894 70 1 23 631 207 2454 185 1948 40 1075 14 446 244 1886 173 1921 95 1777 120 1065 206 2145 66 990 184 1606
57 22 2333 94 665 143 2146 41 875 237 988 58 205 195 76 233 883 223 75 31 311 31 898 87 2370 72 2475 202 582 112 2492 227 597 134 1815 177 1605 5 192 167 272 11 2394 41 453 131 578
58 22 1117 147 1662 213 706 249 2450 58 2151 191 1625 65 2043 106 441 56 907 62 937 34 1111 3 1422 140 1187 67 1050 121 1618 152 290 141 1285 234 687 7 2226 158 1449 193 49 67 1215 186 978
59 22 1265 174 823 227 1647 194 1625 96 1379 46 1541 184 459 37 1111 169 1267 231 2255 78 1704 89 1156 98 2387 32 1144 150 499 136 898 220 1949 56 1177 111 2232 134 2316 148 1733 3 1366 55 393
60 22 90 145 1362 85 457 73 304 19 383 148 841 26 900 190 306 208 779 58 1255 25 832 109 534 39 764 114 2024 212 1712 210 563 213 1216 206 307 25 1021 109 129 196 1651 158 687 106 1545
61 22 2133 169 335 229 2255 38 898 183 210 205 2357 198 1601 204 2319 18 1076 37 691 221 74 95 238 31 1479 59 1691 47 2335 201 954 244 2295 185 410 93 1575 199 1585 115 2285 158 22 187 1930
62 22 605 17 2494 162 1914 113 2059 169 1484 44 663 215 248 35 1891 123 2358 248 935 36 1002 125 877 25 2089 154 208 118 2485 201 2249 120 882 83 978 181 1803 39 1771 14 2361 190 2078 196 1255
63 22 1911 26 2002 19 327 243 1089 74 1062 149 838 217 651 51 2399 121 447 68 1189 89 2268 121 145 156 1022 241 413 79 247 202 2036 38 1549 26 1994 75 1994 3 1890 139 2488 16 2164 34 736
64 22 1766 23 1101 67 529 159 2492 228 2373 17 144 26 2063 219 221 213 1274 238 2301 245 208 18 2247 80 1903 93 1868 29 112 166 1394 239 2036 47 666 7 637 223 1562 167 489 140 716 135 1301
65 22 1506 2 1794 37 1218 86 2223 15 1906 88 820 103 984 205 593 173 334 162 117 97 2334 85 265 58 626 174 1668 216 844 146 936 217 869 144 1055 245 2001 13 1857 126 2422 241 2080 176 1021
66 22 1780 50 1280 79 339 14 698 59 701 186 18 243 1503 198 2382 192 1060 75 693 180 1673 214 2083 165 2214 39 948 140 2373 168 1453 37 723 41 1268 227 702 160 184 34 1133 10 1924 236 2182
67 22 1758 194 2411 214 1251 113 1212 138 1490 92 44 134 1926 244 260 245 2351 148 1676 19 1645 99 605 191 539 204 2405 118 463 61 982 8 686 38 175 10 709 53 290 137 1777 40 1492 242 2157
68 22 1350 126 605 2 1012 122 326 245 1884 174 2141 59 587 197 2025 198 522 53 844 204 33 135 531 74 1131 219 1299 234 239 223 919 155 2336 105 335 236 1765 226 96 149 470 177 1570 229 444
69 22 1413 101 361 194 1970 39 335 206 737 154 1997 135 1341 122 318 10 332 143 1222 227 818 177 985 46 166 88 1409 226 1549 31 1744 47 1542 72 389 237 1619 175 2490 169 1570 202 1514 145 1898
70 22 888 223 240 91 1731 181 2324 115 2022 142 1480 210 1045 20 1571 112 898 143 2209 160 1946 103 1961 154 2024 142 1727 31 2263 52 1278 204 2271 102 1992 33 2257 137 1751 62 1299 142 1079 4 1265
71 22 1463 180 2384 132 56 111 2228 197 293 184 843 196 2422 121 696 138 899 178 1309 75 746 41 103 233 953 235 1262 203 1922 243 7 140 1658 42 251 174 370 190 1076 197 565 11 366 96 518
72 22 836 20 1616 31 2209 182 35 100 1001 204 1396 137 776 221 1005 25 650 117 1407 120 1537 195 334 115 967 59 774 115 1502 164 1000 58 1750 108 289 50 1528 106 1394 68 1147 140 2059 39 2113
73 22 1778 239 1 156 2400 113 200 21 2184 65 1461 17 2264 101 1689 143 2004 116 318 198 708 76 1003 24 348 238 60 21 1620 48 1296 173 2255 217 1920 181 809 80 400 29 2279 8 1149 175 2180
74 22 811 55 854 123 1022 161 577 70 1657 172 1181 159 1702 178 1866 43 820 107 1638 63 1215 96 883 239 611 70 2395 72 1178 80 1970 160 172 99 2002 119 1856 174 619 1 1499 190 308 197 1263
75 22 139 154 577 238 1820 133 919 30 1671 153 474 245 2433 217 101 210 1428 227 2477 174 712 194 1986 200 2277 78 360 118 1657 33 1845 159 137 36 1988 190 1825 29 441 198 215 250 202 29 657
76 22 1197 77 898 208 684 15 1644 168 1517 239 1942 2 1235 45 596 247 1972 103 559 115 917 29 595 88 6 32 110 187 66 65 91 16 1959 151 2347 145 707 250 123 100 2162 77 1444 109 1662
77 22 2503 107 1482 60 1915 241 1774 77 120 31 718 200 2013 232 1744 152 1694 206 1868 39 2024 195 798 55 592 130 1375 41 511 126 110 163 1725 63 1375 68 620 9 1426 51 408 195 788 189 1000
78 22 2738 249 1096 244 1734 23 2287 192 811 96 2146 229 2143 183 482 13 1650 239 693 80 2095 50 24 192 857 20 509 142 1820 206 1119 142 768 129 878 190 1899 48 1554 93 1534 84 439 195 1014
79 22 354 226 1747 244 721 205 1893 182 1113 179 2460 24 2323 59 1311 201 1495 51 2100 169 822 230 1951 159 2279 28 365 170 275 117 2020 71 2415 200 142 179 2183 131 2037 146 2199 242 1740 240 1586
80 22 1678 114 1689 54 2141 19 396 224 811 22 2455 230 187 235 1082 176 1493 21 1644 160 1606 135 1261 28 1275 216 1796 125 2182 108 265 143 2163 127 2167 236 1471 73 942 133 2042 134 442 191 1390
81 22 885 183 2010 114 1839 39 146 192 2008 62 1272 1 1708 192 422 170 119 8 2078 228 2376 64 117 42 15 207 206 116 1049 157 1844 40 2095 7 1867 225 1470 50 645 161 693 114 1053 20 1335
82 22 2247 26 1800 213 519 64 1035 101 937 51 1187 136 1613 188 1560 89 501 42 790 202 1545 35 1087 17 1211 229 652 28 2072 60 1263 14 134 240 599 60 400 167 801 237 233 119 458 177 541
83 22 456 53 338 152 2117 75 948 227 2070 237 1506 73 369 215 383 201 1155 75 2247 150 1654 27 2034 207 1781 226 1777 83 148 58 1579 235 1737 92 1997 39 1970 224 2190 134 211 150 1207 197 2104
84 22 2683 142 1875 164 1077 111 2208 51 2403 103 465 38 1996 218 1146 212 1832 149 1179 169 1870 243 200 111 1062 48 1425 35 552 236 1018 137 983 153 2319 72 1746 74 1763 244 2209 69 2177 108 2179
85 22 2260 3 10 235 996 81 1537 238 2404 212 586 158 1553 48 1667 193 2024 186 2431 37 985 95 2490 95 1797 50 1275 228 642 69 972 166 161 17 1655 245 1423 29 2286 245 1784 6 1827 188 463
86 22 2272 212 589 55 2381 200 23 134 2246 38 1526 68 2022 130 1749 60 930 112 1137 201 1630 221 50 236 2249 141 1997 16 1533 41 795 46 118 39 2175 234 1519 82 1276 173 757 13 660 34 713
87 22 2296 22 804 147 1493 187 1160 236 678 200 1278 112 1588 57 449 156 1764 209 1220 118 1498 167 121 193 184 240 2093 149 572 42 1673 106 789 40 2415 106 1083 250 1327 103 83 66 583 25 704
88 22 2450 193 549 190 1142 145 2492 76 863 196 2332 205 921 124 1469 68 2234 5 2194 202 2036 101 2322 152 1833 43 211 132 942 226 1396 171 2202 134 1192 230 258 192 1749 196 114 150 1990 46 682
89 22 1955 66 695 130 1866 63 2255 22 1525 223 1009 178 898 176 194 89 309 204 1360 247 745 19 855 171 1846 13 1718 212 149 216 251 154 251 134 636 75 2190 199 1159 119 1620 205 1114 167 264
90 22 398 20 1582 244 567 64 317 20 1190 62 2265 156 2055 164 1731 90 2120 239 1155 207 1771 202 1004 247 132 136 1799 220 2237 166 1649 183 416 106 571 203 1253 158 1529 138 104 32 2371 1 474
91 22 2281 218 1832 201 726 6 2277 213 733 154 947 39 988 155 30 125 1085 153 927 188 1092 181 456 157 2367 205 666 143 2436 174 626 250 931 134 1138 12 2310 31 1256 46 249 124 862 14 2015
92 22 2281 206 296 215 1120 41 1610 192 1546 245 999 182 688 118 1700 155 2086 98 2344 59 575 37 935 82 986 122 118 139 1349 201 929 190 82 230 197 20 276 224 792 209 1321 17 2181 25 2256
93 22 1543 45 2063 171 2179 242 828 77 430 142 793 26 2320 235 54 13 2207 91 1829 160 1628 67 1220 240 384 19 1256 74 420 208 358 92 568 213 446 62 1640 75 922 224 710 49 750 125 468
94 22 788 198 2117 143 1620 204 464 21 418 50 985 228 720 92 1398 81 2292 29 1532 139 219 153 241 125 1967 86 1715 211 883 111 326 214 237 17 692 177 1920 32 2258 218 645 113 221 130 853
95 22 2576 107 746 102 802 210 929 123 286 83 1647 174 119 89 1926 100 325 17 1931 225 2316 226 349 17 420 154 2136 35 1394 127 896 156 297 142 2292 215 1625 92 1894 200 1281 91 2217 21 2444
96 22 1986 55 128 186 173 28 237 139 2367 28 720 90 1016 235 1619 64 2051 59 188 200 2353 189 1449 138 1783 55 1341 138 1944 12 951 242 1559 92 900 158 973 236 1590 94 1423 45 661 110 1178
97 22 285 163 2216 85 279 33 1378 159 1894 205 1441 234 23 22 1597 113 1338 23 223 74 236 52 374 108 1405 209 1631 249 1885 131 1722 45 2107 22 524 17 471 88 534 120 2145 36 2122 40 2294
98 22 896 40 2125 44 1310 65 363 30 2035 54 443 107 683 22 2015 95 1018 60 964 64 1585 230 192 75 1965 177 1389 244 1449 66 2078 36 1705 30 2021 154 221 95 1787 196 2490 95 1146 140 151
99 22 1405 51 643 54 1451 203 2160 226 1188 151 467 195 776 196 1930 161 200 142 1554 23 1081 2 159 20 1182 42 306 201 1507 112 2218 17 2164 53 75 107 1513 159 425 220 1546 191 258 146 1297
100 22 2560 237 1724 3 173 52 863 54 2070 86 175 90 1626 205 590 149 1427 144 1814 235 574 161 478 233 2254 133 2145 47 1324 59 211 204 2391 173 1862 210 546 10 1050 144 1185 88 1452 34 525
101 22 1518 94 1160 250 658 210 684 247 225 20 1829 241 2137 192 1379 153 1121 154 1053 69 2012 98 303 116 1656 232 1609 97 865 161 2235 205 1619 173 1688 53 1745 137 252 85 1760 63 656 246 519
102 22 145 24 821 120 336 100 333 94 1459 189 903 197 1613 234 769 216 1701 92 987 242 2427 145 1265 33 187 214 2417 113 1572 29 602 70 13 45 2128 212 653 172 2296 35 1168 73 245 231 1867
103 22 693 236 250 34 238 132 2466 163 1640 10 447 82 891 21 859 101 2290 198 777 245 2315 97 34 120 1015 89 1817 28 201 83 11 43 265 72 1383 98 746 42 1521 193 1672 119 1166 149 2392
104 22 1902 171 590 87 298 79 714 250 288 147 2219 54 1966 196 251 208 1824 114 668 93 470 143 2193 135 1349 212 1056 212 1526 139 1115 86 739 59 899 65 1784 96 2369 82 1889 102 545 128 1647
105 22 953 8 2283 9 1415 234 2467 46 1241 110 1072 44 1895 246 2235 63 1216 139 441 244 108 103 610 17 1866 66 810 211 617 131 2423 128 816 198 2182 96 2478 129 2039 43 2465 26 1339 53 1759
106 22 1339 183 1137 33 1006 248 2474 220 1042 157 2038 111 1084 38 1742 153 2356 51 757 237 2457 245 1294 37 150 4 421 47 2431 51 1330 222 810 133 1925 144 782 168 1906 118 862 205 123 12 1709
107 22 2117 155 670 137 977 35 1156 146 34 229 1725 98 1608 36 702 7 14 79 90 200 1917 173 2196 202 1903 238 209 37 796 145 1414 228 1578 18 1994 19 1348 36 2445 163 426 127 996 6 1980
108 22 2092 5 2002 145 796 70 836 71 1211 181 2228 196 736 21 2330 122 1451 240 336 30 373 179 1904 10 2412 110 1665 172 2182 25 564 124 81 167 253 85 1580 139 1542 144 1553 200 585 183 2361
109 22 509 65 1491 190 1221 10 66 210 2024 14 761 115 873 88 1000 100 754 164 1788 8 1140 129 236 176 1992 13 277 143 2290 131 150 51 2465 133 1482 238 941 170 680 198 630 21 1634 230 786
110 22 978 245 1702 155 1083 3 2178 217 1802 10 595 113 1302 119 284 244 2139 171 985 168 240 203 2135 13 504 194 2004 92 611 183 433 17 591 148 791 136 1899 214 1546 35 1376 184 2411 167 276
111 22 1787 146 1620 95 265 40 2310 53 1802 155 1877 29 1376 62 2278 162 665 49 1222 12 1776 215 1173 209 1070 225 214 153 361 209 2228 243 1767 73 1019 132 447 129 562 21 2403 105 159 223 1645
112 22 2689 242 2306 52 2080 228 242 151 545 104 161 241 2393 188 2297 71 1530 122 1496 240 1104 177 2080 123 335 16 1282 71 1478 209 2479 249 311 81 807 25 2396 112 2039 218 2093 60 1204 217 548
113 22 2826 120 1706 131 1378 190 59 189 1176 77 109 55 1139 51 1201 23 1534 144 889 100 2150 112 1699 127 1601 226 1248 149 2285 117 1095 33 1392 173 810 164 1258 130 2378 238 2166 239 1894 249 702
114 22 1588 241 2472 49 155 41 1655 13 1275 101 75 101 88 232 1515 221 2486 36 1669 53 1022 19 382 27 1857 37 335 12 107 239 1919 12 2459 75 1614 56 407 120 515 62 649 234 2160 155 322
115 22 2356 101 260 19 200 230 2463 40 738 147 804 28 186 231 1577 14 714 22 574 250 455 151 2226 16 1050 223 1688 116 2406 60 2021 136 1244 234 1718 192 1797 206 723 229 2296 12 2412 128 1238
116 22 817 82 1951 223 973 67 913 203 352 194 1018 90 1262 68 44 164 237 96 1894 90 2150 141 2412 123 401 186 1193 24 1124 122 31 5 1651 11 2467 130 590 100 1361 213 2355 70 1529 200 1624
117 22 318 68 2395 123 296 86 395 222 2320 136 1704 39 2251 138 1570 176 212 76 2071 170 1203 106 2444 93 1323 68 2015 238 881 227 271 192 129 108 754 139 66 39 1766 193 991 123 2052 185 2481
118 22 467 15 1736 13 24 98 212 84 1927 155 1563 228 1728 40 1487 209 113 242 56 6 1608 131 786 145 1832 171 598 51 2416 36 906 224 1897 135 2261 70 287 144 737 213 100 81 1004 67 410
119 22 2277 119 925 27 572 216 2379 66 850 177 1 235 26 129 695 197 1351 31 184 138 469 66 2364 131 505 174 2254 200 2349 37 204 173 2436 97 2105 243 1204 158 2087 39 2437 51 392 73 961
120 22 2495 104 75 82 276 180 442 69 1909 112 976 46 572 248 960 133 1806 62 2251 101 1681 234 603 128 1443 60 2329 13 1170 165 111 142 2233 6 1329 95 1001 189 1780 161 1327 104 2037 173 1170
121 22 416 28 112 36 1971 37 1131 92 1884 224 1058 157 548 117 1477 211 1910 66 989 180 383 194 1932 126 679 161 425 199 1555 128 817 182 2102 201 2414 166 73 47 195 133 1386 148 498 52 921
122 22 969 219 1706 28 430 237 1247 206 2476 171 301 158 1777 43 253 74 2255 103 174 155 274 133 1857 186 2207 99 1481 69 439 192 2131 192 2476 35 1937 155 76 84 1288 140 1305 13 397 243 448
123 22 2435 59 810 84 1333 238 281 95 54 21 356 128 951 73 1822 38 359 177 1129 230 171 123 263 156 1220 38 923 148 1914 171 268 245 903 165 1313 20 2306 141 602 206 986 209 1331 80 322
124 22 1707 249 1630 132 753 95 1247 111 2142 60 1470 128 2276 157 503 9 102 192 1553 162 214 188 1174 1 284 189 2058 250 1226 249 1872 2 1331 217 348 36 900 45 448 97 321 89 1446 208 2322
125 22 2045 230 1221 170 623 248 2423 143 2026 58 1442 122 1887 40 1318 149 1802 200 846 35 1630 228 1079 206 2209 238 2002 66 1229 19 753 50 517 145 2091 12 1312 152 2218 93 2223 159 2193 36 478
126 22 550 45 1960 16 1283 68 2116 18 37 15 459 169 1888 91 933 97 1226 125 1538 126 956 131 674 245 726 56 984 241 922 62 2061 235 1240 218 332 116 2400 82 1036 49 1818 221 1299 114 892
127 22 934 154 1798 36 464 84 1099 172 390 113 979 72 2226 129 1907 110 778 58 2285 16 50 64 2388 194 636 109 2420 145 108 224 709 41 2089 162 1468 125 1546 138 1680 108 626 249 627 194 1195
128 22 829 202 499 60 591 172 189 35 973 47 918 130 365 7 1589 44 1942 141 727 105 855 125 1222 227 259 42 2116 60 588 137 563 34 1488 140 274 51 834 114 1055 166 334 18 2455 220 1163
129 22 42 148 819 176 614 82 1844 64 1571 88 1852 218 521 176 2393 200 1986 168 416 101 1354 21 1828 20 1791 124 887 115 1953 13 2497 30 1101 33 229 160 2100 69 1344 240 1763 244 134 182 2352
130 22 1361 159 1957 171 2431 143 232 161 2300 95 1396 46 2078 151 1943 172 423 41 251 89 463 15 1752 201 2110 150 2412 207 763 193 1633 217 2108 71 1249 193 781 152 1082 101 2352 180 2019 7 634
131 22 158 160 736 136 778 78 1214 56 2010 232 2110 248 810 213 1321 13 1833 31 1633 141 2068 139 54 78 551 52 2305 16 1494 5 81 144 2498 80 1022 116 2059 43 1166 232 2417 145 957 46 854
132 22 1320 168 699 113 230 110 2217 30 1562 40 851 4 1875 232 768 41 1550 66 1564 124 2296 127 2375 68 1411 237 1368 244 1015 207 421 212 344 87 2086 57 1148 98 1133 127 2170 179 1325 134 2365
133 22 1540 80 738 110 249 200 237 51 1427 66 814 175 678 41 1500 94 2022 234 1391 2 72 149 97 148 1722 248 279 183 1642 74 2464 142 1248 119 391 177 2447 81 1836 39 697 14 1665 145 1423
134 22 750 124 56 35 134 134 2240 138 950 95 1769 135 217 205 1613 45 1960 88 2371 30 913 23 416 172 190 44 2315 180 480 232 413 154 356 54 1168 113 781 250 1881 134 429 18 158 233 2041
135 22 1365 13 204 144 1421 59 1069 14 809 201 2497 66 911 10 303 171 1206 9 1463 85 1458 1 593 191 1190 30 2452 17 156 66 255 149 524 185 384 217 1241 74 1905 236 1948 218 1963 101 1140
136 22 1879 123 1049 240 1980 29 351 171 1047 7 1432 145 975 18 1647 158 1731 129 704 162 2354 89 1547 75 1208 194 1250 62 242 214 966 12 503 215 2176 37 1547 96 2026 11 1801 168 390 24 95
137 22 1245 25 444 64 2367 67 1196 90 462 236 2439 76 442 193 2069 66 1773 53 234 202 2227 210 1446 184 226 205 287 57 1090 101 1054 223 2371 81 963 223 175 51 1890 120 1244 36 670 160 561
138 22 2548 113 832 224 1641 10 1911 142 1057 238 96 164 2185 14 1335 130 1148 60 2032 11 1928 229 2258 52 1352 199 1661 228 1295 56 1877 21 1037 234 1734 223 1622 104 200 19 1893 243 136 212 1253
139 22 2162 116 2248 142 1369 153 2106 127 1582 44 873 140 1078 145 500 41 11 101 1087 165 2198 54 37 98 1203 209 2463 49 1290 125 2009 95 520 113 1305 28 1242 74 192 174 1670 41 673 160 346
140 22 2274 123 310 145 1748 230 880 60 1683 67 1080 189 1430 11 1146 46 3 172 340 39 508 125 1426 26 1578 126 1816 191 803 207 2405 168 465 190 2458 32 91 159 2330 136 1095 43 1778 248 609
141 22 440 202 249 159 595 58 2401 114 641 158 1001 166 409 44 2004 55 82 113 2223 183 1356 86 680 120 2100 6 965 40 805 201 1497 70 329 162 299 1 1114 193 2196 137 697 250 34 139 88
142 22 988 73 1292 94 2192 16 2241 143 1509 229 1407 151 925 91 207 16 1775 48 1102 167 212 218 624 199 1236 180 1116 236 603 187 1280 130 2321 2 867 114 1724 191 1694 8 2131 147 1390 249 936
143 22 2044 43 2162 10 109 15 254 1 2230 123 447 161 28 224 529 40 1285 126 484 151 543 139 388 110 175 144 594 90 2425 242 1736 198 853 244 753 174 2079 38 35 87 1298 91 1588 57 424
144 22 80 209 2397 167 122 214 22 8 2349 71 443 236 1098 123 242 85 293 190 1148 137 496 87 105 119 255 68 189 57 2439 75 1220 34 781 155 2438 216 1078 144 2450 10 1848 238 709 94 564
145 22 2512 44 1491 67 2238 19 1944 70 1024 50 1521 205 697 242 436 104 26 211 1390 121 1225 153 2245 93 2208 89 2187 120 1312 33 168 187 797 166 2056 203 1315 17 2483 236 687 249 77 226 1537
146 22 758 50 639 131 435 217 2360 126 1625 117 1952 115 1707 142 2167 36 913 77 1153 57 2427 65 1232 1 1869 197 888 225 348 191 814 170 617 191 927 135 388 212 332 39 1319 220 2052 159 383
147 22 1762 225 948 88 2418 179 1268 120 1412 90 1202 131 1042 181 2256 189 86 245 1752 76 354 67 277 95 2308 177 1775 225 1335 152 1034 38 73 103 1157 206 1979 141 1252 78 1657 224 2110 120 590
148 22 2858 224 508 102 1487 99 2417 177 1910 219 1287 25 2107 196 252 63 2077 230 1718 198 832 189 217 15 1170 235 2403 196 1470 195 509 233 583 222 896 183 1419 250 946 49 2110 49 348 204 1717
149 22 810 213 336 4 687 117 1254 157 2206 53 1303 144 340 108 675 10 2489 123 1776 233 2330 192 1000 163 200 25 1073 26 571 12 603 175 1718 153 706 159 1799 30 1444 177 1428 6 300 78 2435
150 22 1492 211 1999 23 1163 9 1174 187 1972 67 886 179 2499 201 366 48 518 134 551 30 989 204 686 1 192 205 2395 159 1653 81 2291 198 838 2 576 68 765 215 131 95 586 102 1986 184 549
151 22 2213 199 2354 38 35 119 866 50 495 15 663 6 1644 176 2307 33 350 58 1912 6 2410 245 1610 34 1105 75 1126 203 1722 15 1269 178 2039 70 12 104 1317 25 2127 168 1093 189 578 217 957
152 22 179 220 1169 24 1628 231 1023 106 2312 154 1596 82 1258 56 986 150 1658 43 1794 113 14 30 1158 112 2195 180 110 36 1078 53 948 142 1724 183 255 76 1937 235 2460 125 2463 154 1709 77 1176
153 22 2663 225 1674 22 1530 207 1804 95 2318 67 568 239 1563 3 2483 113 1787 64 278 232 1339 182 2439 19 2072 120 971 178 1586 45 2106 230 36 217 2046 122 1274 218 217 97 150 30 1786 51 2473
154 22 2489 19 1165 193 2000 168 2296 67 178 168 779 41 999 194 1571 62 154 193 2077 134 403 115 419 6 688 202 1564 146 806 67 760 239 500 178 2498 205 377 62 680 158 904 25 2103 236 240
155 22 2737 172 860 194 392 240 2056 148 2292 226 857 90 585 166 131 224 2422 122 1024 154 1803 112 767 176 1924 35 331 142 148 111 1591 158 2223 130 1993 128 784 139 1715 63 825 197 797 18 2112
156 22 50 54 1292 193 1370 225 457 212 1334 60 2245 167 1360 148 1238 213 325 190 402 142 68 113 1275 37 436 234 563 129 1309 214 806 222 142 99 2455 168 2297 32 267 5 1460 7 1652 96 2206
157 22 53 27 2413 79 580 48 2277 187 705 137 850 88 968 168 615 104 1829 205 142 92 2010 39 2225 65 423 165 2024 106 408 25 1972 50 1892 56 691 62 2131 234 1402 198 1989 151 175 65 1571
158 22 912 56 1974 95 545 229 1554 29 827 94 2265 104 1423 43 1130 1 2123 21 1113 191 1771 49 1501 9 2251 176 1621 75 2438 224 2218 152 427 245 2138 152 1399 149 1415 160 1317 169 174 175 1386
159 22 1602 82 2499 8 849 100 1381 151 1779 230 2393 52 2122 50 794 61 1087 233 2093 4 155 103 171 159 834 92 517 182 527 141 1400 40 462 41 1785 72 619 64 426 142 488 36 187 6 2324
160 22 1110 135 302 236 343 221 1071 191 469 52 1744 155 1861 33 269 237 491 30 180 25 2109 36 2093 227 1364 83 1932 80 1952 231 1426 161 1610 154 2125 133 1769 154 1410 50 753 6 480 46 1342
161 22 1127 229 2214 237 1082 141 154 38 284 140 813 249 381 83 1002 247 835 188 381 135 1380 207 1648 182 693 133 2459 164 573 209 1646 54 2398 5 2474 156 314 5 1513 225 2226 51 26 222 1809
162 22 1104 71 1995 165 417 17 463 232 2393 170 280 71 255 154 606 51 1731 97 1944 250 2349 89 1030 93 1496 21 1290 109 1877 217 1755 189 1851 179 853 88 7 242 47 62 1025 104 815 28 1914
163 22 173 216 546 113 459 22 871 99 53 85 681 33 1345 111 2346 119 2442 84 910 199 2150 248 106 200 209 146 2128 56 14 45 22 73 1000 55 933 33 1729 145 2001 108 2056 125 637 37 187
164 22 265 211 1599 250 692 70 1200 230 1681 122 230 17 54 93 1867 121 1366 36 2345 175 1298 34 156 30 602 94 1595 222 950 208 212 210 39 45 776 156 224 136 2365 76 1316 248 1970 210 357
165 22 2009 33 507 191 1257 148 311 121 212 225 374 50 1588 121 1563 188 2247 115 1709 221 862 62 1536 52 2185 158 1509 204 759 6 872 195 1430 211 1670 47 103 197 1179 55 346 70 1584 2 247
166 22 2270 33 633 70 2236 153 1106 250 1915 237 1026 7 808 175 443 93 974 240 1282 128 2231 53 1517 49 1093 177 1735 32 2282 135 113 184 145 69 1934 112 1560 153 1311 195 815 231 743 17 1292
167 22 216 20 883 19 972 77 1175 19 392 104 1546 216 1391 116 1899 95 1837 131 2443 39 408 119 1232 94 443 103 904 110 1166 110 467 163 104 59 355 37 521 69 1680 215 2436 144 530 146 943
168 22 299 224 1609 127 2439 33 1521 166 101 145 1331 149 2427 242 1873 20 644 165 1134 202 618 247 1242 24 185 31 173 83 719 232 581 112 2305 216 942 213 1154 18 286 24 621 135 1042 105 1658
169 22 2744 173 1704 98 755 110 1908 196 1262 69 2233 244 730 187 983 19 1030 239 1502 16 250 226 123 39 580 147 66 82 65 120 83 202 404 132 488 247 113 126 2089 238 1314 115 1934 14 1230
170 22 972 32 2055 92 2340 5 2221 197 2441 68 1810 66 2296 5 1746 63 915 241 2457 19 1579 173 1059 226 1319 66 349 4 1107 191 1132 245 2049 54 1887 53 1383 69 1368 215 152 70 2333 178 2074
171 22 519 86 1942 37 2133 176 518 94 785 51 917 91 1495 55 1920 20 1484 64 634 126 2154 181 2249 205 905 115 2032 68 1315 134 1395 201 253 214 171 70 939 111 2269 22 1783 176 1617 125 1587
172 22 539 103 539 191 2297 52 2060 47 316 59 1674 76 2263 125 1525 3 1967 79 1776 44 197 43 2155 112 1997 142 1915 66 1380 123 836 114 1016 230 1664 19 2181 175 748 212 18 85 1683 23 1231
173 22 1369 65 1168 4 2045 234 302 146 440 219 2083 150 1764 250 389 156 1618 30 356 88 644 47 795 194 1300 33 179 86 1609 36 988 148 1395 209 1956 37 105 134 1097 113 2234 231 796 19 1641
174 22 830 233 1090 53 1995 108 1674 248 1536 149 1386 37 1342 209 1295 195 2418 110 100 154 437 107 1357 150 893 55 614 124 1495 209 1443 47 1234 183 208 212 1820 68 301 35 1648 51 2334 24 509
175 22 2423 16 184 167 740 197 82 9 971 80 1273 186 436 190 1800 146 37 154 165 104 130 235 1117 159 1901 96 611 109 2146 128 1862 79 1003 58 1003 204 1339 113 2085 204 904 195 1738 110 548
176 22 470 163 1773 58 707 121 1836 132 661 193 2395 96 345 112 1198 194 2418 52 2070 190 2078 123 1589 124 915 211 2176 148 935 230 1367 16 1485 184 1232 142 1758 19 1011 126 2077 211 236 216 896
177 22 2296 161 93 240 1237 152 1877 29 492 95 63 182 126 31 2327 198 1569 240 654 70 1734 52 2244 56 943 147 1506 138 1155 46 846 36 609 4 1151 84 504 10 759 230 339 93 1501 44 268
178 22 2132 131 1084 247 561 115 996 104 534 207 1028 144 200 19 669 104 689 63 1479 196 1348 17 2254 95 2269 63 2144 63 2296 226 1321 181 2199 241 1054 18 1545 131 1457 78 1458 222 1609 19 1170
179 22 641 44 1061 36 1166 154 2403 115 319 12 1937 42 1110 134 2120 34 558 1 513 72 932 99 750 179 1687 92 2300 172 293 250 758 58 989 143 914 206 2145 57 1604 94 418 153 1177 118 517
180 22 2395 242 363 91 2467 41 2336 221 1270 206 1175 176 885 187 1281 114 2036 153 294 65 16 122 2018 127 1527 173 2022 202 599 146 1712 107 1565 30 775 122 2084 24 862 195 398 140 2327 106 2216
181 22 1839 16 959 142 426 77 2047 217 162 191 1265 186 2041 183 1735 79 1190 9 854 162 179 183 66 245 1832 141 2320 35 1044 177 1544 195 1753 204 1172 9 1903 6 1061 209 878 155 701 23 1130
182 22 65 197 2468 63 1873 93 1104 202 1282 100 1742 142 1477 231 932 158 157 28 495 170 1352 159 698 179 1677 29 573 125 1060 117 882 77 555 92 530 219 2358 232 2244 53 1229 116 1188 41 2232
183 22 998 185 1395 163 539 190 2051 112 1353 73 881 130 758 27 1372 236 1209 106 847 115 360 84 280 198 142 109 1942 27 1542 48 1006 43 1065 202 1139 237 2000 124 1578 179 378 177 2289 144 1249
184 22 2226 104 1666 14 499 123 1210 78 1275 236 1926 247 440 229 886 18 1070 51 1204 241 1978 231 2351 156 763 84 2213 88 562 120 1783 207 1134 249 1901 234 2460 142 2132 97 133 239 549 75 1332
185 22 1490 203 275 64 1580 138 1134 37 891 143 1757 176 1648 70 1919 234 1727 206 1250 148 274 37 1069 76 2066 4 643 164 532 166 2057 225 1371 174 1384 38 651 110 1765 64 1691 142 1221 44 1506
186 22 2418 97 1165 31 1842 80 1811 19 1030 233 2402 18 1540 205 1506 85 995 221 1424 230 1142 63 809 114 2141 81 587 56 2135 43 2099 16 2007 81 754 140 870 165 1163 10 2005 240 1323 238 61
187 22 1058 25 1 210 1109 12 2424 164 1292 201 1103 100 950 221 1988 18 1268 127 100 242 894 14 594 192 534 198 1349 220 724 227 1658 224 2047 146 2419 23 2068 149 1468 136 609 147 1869 18 358
188 22 2063 66 2415 187 460 26 1322 88 1536 159 1223 173 2344 139 113 68 2216 223 127 173 2256 6 288 198 2299 141 2032 28 426 44 482 233 1810 170 1523 34 2486 91 1814 225 2240 208 1474 82 219
189 22 3031 164 1001 209 631 230 195 170 2156 33 2131 170 1398 9 275 205 310 229 1821 27 1868 200 383 69 2333 190 121 236 103 171 1086 153 1242 139 90 162 2424 71 1098 137 711 112 1599 16 64
190 22 435 198 532 167 2408 6 1006 176 459 21 2074 126 669 48 1528 11 442 57 1993 91 1122 110 644 49 2032 30 1946 50 1747 224 2249 115 1373 139 209 233 1695 9 74 145 2286 180 1979 35 2445
191 22 1855 175 1248 93 319 109 2325 244 1727 115 1528 99 594 108 2347 125 262 43 696 179 859 86 1362 160 1464 8 1031 4 2041 135 3 43 895 202 15 213 1052 218 1632 61 2376 125 1739 207 271
192 22 2726 162 1880 65 1471 114 295 4 9 70 2178 74 15 180 1651 197 2121 240 2333 198 54 11 2150 172 148 141 584 13 1144 5 2304 157 2354 160 1387 61 1972 226 2093 68 527 179 1884 247 1085
193 22 129 26 1711 143 1064 225 516 16 17 65 699 134 765 149 718 245 866 139 439 213 635 230 241 248 2458 167 163 164 2219 151 1370 48 2472 152 1827 20 2380 50 963 211 2092 171 40 61 1157
194 22 2629 105 307 36 5 26 819 173 1682 218 295 45 632 94 159 222 2142 157 829 86 265 109 2226 76 1727 97 2374 122 1280 127 1605 243 1690 78 891 234 870 178 2447 17 607 246 244 166 1717
195 22 393 102 433 248 850 232 1198 152 1425 228 1564 83 1321 61 2248 185 545 226 208 101 1484 169 1541 70 2007 80 837 7 1656 72 1617 130 581 87 1478 99 761 110 683 195 2093 61 984 115 1336
196 22 1676 242 809 166 892 58 1288 40 932 44 76 228 1256 54 470 24 73 4 1713 203 291 148 1006 22 404 240 539 192 529 154 960 120 2438 228 969 80 375 195 891 120 1845 25 1570 103 1932
197 22 1590 110 374 220 93 54 942 108 263 93 2395 91 1857 249 1447 47 797 67 180 113 157 27 2249 48 2100 78 17 213 1367 194 1448 53 448 187 488 208 998 227 1028 85 1254 188 1108 187 1720
198 22 2218 219 1427 196 922 80 2267 114 511 214 670 63 24 179 42 154 1249 222 5 26 285 147 1539 1 1030 142 671 187 2333 229 89 119 1385 63 722 73 1581 1 1966 27 1153 165 1527 131 1542
199 22 1203 192 1730 63 2028 29 2407 44 2257 108 959 179 1322 121 1546 131 1582 109 2039 30 1333 104 1388 55 2084 150 1257 208 512 66 1868 15 1149 123 880 17 1084 203 103 169 2271 37 696 202 1155
200 22 2093 8 1716 130 1778 42 1476 58 1093 82 1619 23 507 205 331 131 2166 44 1291 16 540 183 1077 37 1239 72 2046 42 830 102 2326 112 1342 155 1213 198 1484 151 2394 60 1848 181 1290 95 1809
201 22 2596 238 906 193 1605 77 659 146 1288 100 1894 110 1783 171 8 170 1293 16 1648 246 1981 14 340 122 2292 89 1130 248 650 106 1611 33 1980 139 810 83 1701 40 26 101 2483 12 2039 145 173
202 22 100 62 59 87 578 228 486 194 2374 227 793 226 1708 128 362 47 290 129 1819 1 1559 188 2286 161 805 247 1373 177 652 207 2259 129 129 169 447 72 489 114 1677 159 1263 129 532 119 1077
203 22 2632 192 188 153 2386 191 931 161 2 100 2008 247 2329 81 1926 173 1761 74 1188 112 2290 101 2391 34 1804 189 2036 51 1860 121 1850 105 1428 203 2074 29 1261 5 1895 3 1912 249 2160 126 790
204 22 2117 70 626 236 2100 169 1038 152 651 231 2206 242 1120 179 247 202 593 84 1858 217 1809 167 2080 115 1704 208 1436 89 501 212 1901 219 1253 74 381 129 1444 189 911 98 1435 51 181 137 138
205 22 1884 246 1670 7 869 17 1708 161 1053 142 2435 167 1982 1 864 41 2079 106 1034 12 2104 187 1565 107 1543 16 1334 36 281 45 302 150 1281 155 780 67 2136 175 1642 51 214 150 2011 159 2104
206 22 393 150 2272 86 680 213 24 48 894 87 416 75 80 249 1794 121 1229 21 371 11 1987 1 1064 144 1024 195 113 7 1308 165 613 208 544 132 1428 246 2488 131 537 189 565 38 1011 157 2406
207 22 2123 131 2173 57 345 131 1647 155 521 201 1475 150 1952 201 221 246 1711 50 1514 55 2046 100 1614 86 896 126 458 125 949 39 481 151 1477 119 1405 23 382 31 553 123 518 29 194 81 78
208 22 1283 44 2186 216 2249 43 1333 16 2068 197 2188 88 954 123 328 2 793 187 1368 20 2491 210 518 30 574 149 695 107 2251 125 648 104 1365 180 825 65 97 95 508 92 2240 243 2246 117 2188
209 22 2393 210 188 98 912 116 1510 161 421 104 681 240 1576 87 1423 83 1990 247 1125 155 1221 246 463 40 907 128 1967 219 1854 109 1829 79 1851 4 2070 237 971 93 716 136 259 108 337 123 479
210 22 1192 115 2008 199 1337 61 1175 240 1381 250 349 230 1881 139 2198 23 797 60 2132 123 796 125 1737 127 1339 172 1305 157 161 191 109 156 1662 7 1784 160 1642 49 807 117 2152 96 433 228 1588
211 22 2770 103 813 73 911 228 1557 141 1407 216 1349 38 1607 60 1762 68 2250 113 1296 234 519 43 609 65 894 199 661 216 629 139 1902 248 952 201 2426 217 2281 199 2272 6 255 4 491 189 1736
212 22 2131 98 1759 188 364 11 559 171 2 154 675 86 1722 21 2492 105 1871 244 91 132 4 103 273 15 482 64 1180 130 1080 104 936 27 772 248 2044 25 2212 23 1840 191 578 153 578 9 984
213 22 1403 239 1508 212 494 123 1656 188 2401 99 1974 192 58 185 1564 92 1409 206 1867 95 495 205 1491 127 317 3 1914 214 486 94 563 210 2411 204 328 145 1246 153 1771 137 1321 60 1680 178 1604
214 22 1893 34 498 155 1352 169 1049 39 891 178 2149 51 1084 56 1403 126 970 130 2387 77 1219 204 1584 12 636 71 1807 161 238 221 616 133 958 167 2169 177 1551 244 1759 106 750 110 705 141 71
215 22 1549 65 582 243 2303 31 1299 158 2083 132 217 181 2392 149 1420 196 211 128 2230 200 144 19 175 173 1906 7 2287 60 2100 101 1751 13 1397 21 15 133 2041 69 396 212 2349 154 1095 64 2230
216 22 140 192 1801 4 2323 162 1927 48 1307 30 1518 107 2219 148 1985 159 1668 11 189 16 381 85 2035 88 798 3 1246 154 577 248 1143 219 157 245 1156 52 685 160 732 227 1374 6 2056 177 1951
217 22 1009 208 1675 149 2341 178 1284 41 1971 57 945 52 2331 10 1832 163 1603 111 800 109 562 122 652 201 1212 11 1384 131 315 7 917 195 1929 29 1688 249 2045 48 1563 127 1482 166 953 199 1881
218 22 774 77 617 92 2083 114 1170 147 70 76 44 130 333 142 2064 2 2038 210 36 235 2343 93 1226 190 2109 98 850 121 2359 224 1480 16 833 33 1387 162 1270 3 2006 97 2140 210 740 197 550
219 22 1723 91 763 126 1991 24 1492 247 1162 107 822 194 28 38 2230 54 1567 103 730 18 260 161 263 187 1574 204 2485 246 1688 112 2317 152 424 116 593 144 2244 180 539 24 844 49 324 227 2486
220 22 493 94 1843 180 1616 56 2190 9 1451 103 1240 83 2272 65 1417 74 2112 54 2392 50 1699 180 1429 44 1923 191 823 216 116 79 984 43 806 17 616 135 1712 4 602 187 736 36 1324 235 692
221 22 1135 47 397 140 1302 166 1000 169 1625 195 1672 146 972 119 1104 196 1865 188 1799 16 666 195 15 216 39 72 739 239 975 11 179 110 1930 144 780 7 1232 118 1743 75 385 183 725 249 1637
222 22 291 1 473 217 1440 189 1522 11 46 55 1368 111 3 168 1593 154 317 184 1110 151 2280 20 2487 81 1873 103 1328 9 472 44 2274 202 936 127 1955 19 1174 243 841 144 1524 2 424 18 1739
223 22 1925 13 705 58 2177 86 720 71 1321 164 1040 133 2475 48 934 182 827 185 2399 33 2455 1 1185 88 799 221 1473 173 593 134 1969 170 2338 54 1031 213 63 141 1717 127 1294 47 2434 4 1240
224 22 2147 70 819 91 1981 173 1772 121 166 128 1209 107 1969 160 1636 126 1414 195 2024 143 2374 64 2021 10 762 246 545 119 2436 206 181 177 806 58 1924 212 188 111 489 1 1088 105 729 10 767
225 22 1678 76 1929 239 887 212 1346 2 985 240 2442 158 715 160 3 126 886 220 1309 191 1523 81 1818 221 704 249 1238 207 2485 12 67 143 1379 213 2265 50 49 127 975 161 2030 140 2073 96 1384
226 22 3156 94 2312 155 1114 106 1143 192 1856 176 1607 194 1580 234 1696 238 255 193 23 105 879 137 700 78 758 100 302 55 1462 192 1638 177 1335 138 2436 60 1554 186 855 108 2354 177 1451 240 375
227 22 1571 141 1280 35 2119 89 1836 80 2411 14 1407 75 1257 177 2311 70 899 4 1076 207 198 200 2443 82 834 45 248 70 102 103 833 3 1138 95 2127 118 2170 237 1634 46 891 46 511 236 517
228 22 759 50 1139 181 1424 148 1662 236 1646 11 2378 41 1444 29 1343 30 2415 219 1177 87 1190 55 1190 101 936 181 2193 185 648 206 1167 194 50 78 857 66 2105 224 169 141 768 242 2452 85 601
229 22 1057 146 575 68 2009 61 1475 245 231 61 2170 32 203 119 1615 206 1753 26 2015 55 2280 113 1089 13 2406 185 1639 220 720 40 608 72 990 217 134 167 1780 48 2440 68 2413 163 1863 60 878
230 22 119 233 224 77 964 178 2427 28 2053 175 30 11 814 209 1021 50 698 161 2084 227 307 94 1666 48 2042 234 2310 55 1155 213 384 144 540 70 1082 182 1484 130 1014 153 1740 107 171 231 1925
231 22 2732 169 1689 85 847 227 357 167 1637 55 806 145 399 78 1271 18 2229 128 2032 194 1156 217 2100 212 1789 7 1184 109 1756 24 1724 132 1926 218 239 216 1933 168 172 35 2217 226 1277 138 1386
232 22 1593 50 1645 147 995 85 859 162 262 149 2102 141 2023 205 1915 242 168 5 2044 45 1930 119 560 226 809 31 1510 37 10 46 2060 209 401 193 1883 222 186 109 1826 87 853 191 2409 247 1745
233 22 897 33 1136 182 1076 83 754 167 1858 218 1934 127 1961 3 796 97 1370 225 1464 204 2436 81 771 157 1940 112 2033 56 1601 96 1032 42 1263 104 1426 128 1388 104 2249 13 98 176 2408 162 2103
234 22 2434 249 768 132 158 84 2112 170 1069 153 609 79 430 191 1801 23 2458 108 1845 220 1586 92 2315 72 945 74 1037 89 1146 243 1004 26 2029 17 1417 52 1622 69 79 122 2470 53 2 151 315
235 22 1126 86 1094 230 610 102 1007 224 933 85 568 65 2165 90 1133 200 390 25 314 166 1650 112 1264 44 215 36 635 188 1665 114 1196 154 1153 146 19 21 1631 170 856 136 937 29 95 24 1295
236 22 2685 173 866 84 890 122 102 239 449 56 224 240 656 138 2239 114 66 47 20 113 2068 102 2066 33 2163 128 643 169 671 90 547 21 96 177 2247 188 1148 192 1798 60 1344 109 71 186 1497
237 22 1492 118 1546 71 377 172 838 58 536 135 503 136 2468 230 1960 68 1679 195 1899 131 2381 174 1852 169 266 98 1689 67 1957 154 805 149 1228 197 324 129 2209 106 1402 191 1262 73 1565 235 1733
238 22 945 190 1298 41 126 50 1468 245 1550 82 1252 155 2085 164 471 132 261 26 1848 202 904 98 1643 92 1616 110 1185 223 820 157 606 124 58 33 1958 61 363 170 109 230 270 9 437 191 2107
239 22 2072 8 315 128 1921 226 158 6 470 195 1326 49 2134 185 1395 64 2033 163 475 6 722 155 192 74 2426 228 2414 23 553 217 2428 65 170 167 2284 189 476 184 1320 99 985 72 329 150 2410
240 22 1791 62 1718 118 230 245 2443 65 1834 98 383 124 2170 87 270 123 1652 32 1646 73 737 225 1739 147 466 241 120 205 421 130 1178 87 274 164 311 56 1934 144 1428 78 1026 20 622 19 1526
241 22 1825 44 2345 128 919 29 2079 48 302 94 325 249 792 100 864 125 2317 49 651 124 2203 13 310 43 2285 125 1748 102 1916 227 2104 187 522 215 2083 57 212 245 1646 102 2074 22 147 138 1393
242 22 215 217 1953 173 1672 229 2070 60 1444 25 891 218 1463 132 543 143 1205 168 137 207 483 10 1663 56 2102 67 299 28 1776 110 1691 137 2329 225 1926 243 1581 113 88 144 194 87 2231 197 659
243 22 2466 60 2036 179 1482 167 1742 205 1515 169 379 51 2033 233 2310 232 430 78 513 150 919 191 1368 118 2456 55 592 135 1962 107 2181 104 2445 13 528 182 875 166 401 73 1346 33 2166 78 829
244 22 2153 136 420 45 338 234 1031 167 1081 141 52 21 2404 67 548 154 896 125 891 217 2492 193 1597 141 1892 250 1615 141 648 157 698 173 1999 201 2274 160 1152 154 808 143 1202 12 2002 191 901
245 22 635 166 2366 223 1919 205 2304 168 583 4 413 176 348 13 258 14 1452 142 889 208 857 124 1365 20 1546 113 1028 105 1932 185 2228 170 2097 177 209 82 856 158 1813 135 56 56 1848 144 598
246 22 2022 99 2128 88 1892 181 895 18 1327 74 2096 223 1583 51 775 217 1826 179 1774 227 536 89 779 217 1910 136 2190 100 1528 26 475 140 630 202 538 186 777 243 2339 83 1421 136 97 210 2227
247 22 294 47 1724 118 1979 173 1467 20 1719 233 1860 205 1525 122 1636 150 526 14 1390 139 1571 131 673 241 1821 198 1664 219 436 80 2465 53 1428 91 1601 91 1795 197 2426 133 606 67 1710 90 880
248 22 2746 18 1642 114 625 69 2002 87 2465 49 2214 214 2044 167 1835 220 1948 238 2133 149 2002 76 977 42 1684 207 612 199 2 128 598 103 323 222 2081 239 671 130 2330 116 1457 2 479 119 2418
249 22 1865 200 681 135 2147 74 130 192 168 24 2455 77 1931 161 276 108 1315 212 2193 221 166 154 2163 183 566 120 1115 203 620 10 1806 192 1399 2 1978 68 1990 180 1286 164 1726 146 1040 26 1267
250 22 3158 88 1365 168 2181 161 1281 171 2056 214 61 7 668 144 905 144 2465 158 2163 101 1723 42 853 206 940 63 951 154 31 244 1753 134 2474 129 388 132 319 148 373 229 1225 220 1301 127 1361
251 22 1088 15 1657 190 1351 80 977 236 1598 232 526 117 1672 110 2081 175 1247 36 540 83 253 122 2490 57 1764 184 69 245 770 38 186 32 1406 188 159 181 1748 31 1199 66 1622 112 498 234 2297
252 22 2621 53 1770 26 643 159 1365 112 1914 65 1676 199 1591 168 1559 192 1450 184 1433 242 2273 105 1236 17 1190 186 1212 103 2269 231 2112 173 1771 15 2233 209 1039 163 2401 230 1505 34 1208 240 260
253 22 467 95 1666 36 782 106 674 127 642 162 2125 201 422 111 1904 8 405 233 1861 57 1075 84 247 210 2083 85 1138 223 375 60 1686 116 264 218 1762 212 2198 31 282 103 122 53 172 105 2297
254 22 2123 162 1483 37 1348 37 1352 41 2085 94 1754 16 123 236 493 113 1100 159 816 207 511 81 350 115 1159 210 378 189 1014 141 2212 63 1432 95 618 202 253 198 1154 67 461 41 2485 173 2413
255 22 720 160 1207 225 1927 114 2386 115 1669 213 775 114 848 238 1903 47 1747 24 750 200 494 46 82 32 213 124 1235 241 2442 25 290 227 730 18 2272 212 1673 205 330 240 618 114 815 206 2333
256 22 1941 136 2041 4 264 243 375 50 372 143 1625 37 809 53 1335 221 1846 200 2394 111 1330 65 2208 243 1309 63 284 78 993 76 500 206 2401 82 415 68 1660 230 2104 198 866 7 52 33 1324
257 22 239 166 1542 190 2034 26 589 123 1310 111 901 58 971 223 2277 133 243 86 1569 244 317 172 1824 42 2068 1 2011 45 2406 193 1280 108 564 40 864 2 1060 197 1355 91 90 121 568 19 887
258 22 1752 85 1986 92 1406 143 729 2 593 151 2418 146 2475 138 2324 141 2455 191 587 121 2314 205 1836 226 400 86 530 36 2442 95 643 95 1818 141 1669 31 39 123 1598 250 973 29 950 140 2373
259 22 1199 129 2153 131 31 5 778 24 53 21 1888 168 2345 206 120 207 1896 160 410 117 637 248 1346 183 284 45 414 189 777 212 2443 28 2388 179 904 198 1506 66 1671 190 1984 50 375 160 2272
260 22 211 198 400 3 1726 163 1316 164 1006 227 387 94 1491 213 98 178 356 191 1469 52 1655 231 917 5 1576 17 522 223 111 150 1987 17 207 14 1824 130 812 30 817 74 1824 7 62 46 758
261 22 645 6 72 180 224 226 173 224 1710 187 78 232 638 26 1063 240 975 126 1454 159 2329 207 1300 203 803 145 1137 189 2312 83 1030 239 2441 107 1234 172 625 118 1123 26 2494 104 1306 3 2238
262 22 323 218 2155 153 2422 72 744 148 1362 196 943 212 641 92 410 191 96 121 1065 175 1870 236 1306 32 439 144 739 60 1082 131 90 130 1689 169 2171 161 913 207 1268 202 1552 250 2363 210 1847
263 22 2096 206 2381 122 314 102 333 115 1674 15 1140 95 649 143 63 39 360 47 417 7 1803 130 1613 146 378 126 773 43 1445 150 7 204 1762 155 1431 46 712 198 567 4 109 68 561 28 2498
264 22 1806 25 1051 66 622 231 2060 182 723 8 364 166 1151 107 1074 51 1624 194 1169 20 2279 192 1477 105 2433 73 1172 204 2056 120 2138 81 1614 147 2170 99 1424 214 2027 225 288 72 1457 217 397
265 22 1264 24 1846 121 863 127 2408 78 1748 236 1659 78 293 95 1167 159 1104 127 1881 199 1530 68 704 91 2202 102 48 15 2339 92 57 46 803 55 129 173 701 200 1212 24 951 228 2156 179 1869
266 22 1234 53 1056 19 2414 97 2278 179 550 165 420 50 1848 101 1369 52 765 39 1192 50 1721 59 575 210 1730 229 2081 43 1477 195 2164 16 1125 10 618 136 3 134 501 8 1193 103 1579 67 560
267 22 430 121 702 195 900 33 2476 171 1249 144 2339 119 886 21 1143 206 2216 104 669 112 476 204 417 88 1844 242 1205 226 1390 48 1379 152 1980 186 1640 169 782 101 803 158 1241 29 2410 224 1543
268 22 1943 34 396 32 871 235 220 50 2414 69 9 11 2023 12 2443 78 925 1 350 223 747 180 1083 164 1361 190 2466 115 2029 127 2063 118 2442 206 1962 111 1055 149 62 96 619 144 1216 220 1024
269 22 2583 44 432 68 1662 212 380 102 1935 72 1834 220 2111 119 1263 194 1251 247 828 63 648 88 1971 169 1814 226 1369 119 462 112 954 115 327 163 2355 194 2125 213 651 19 1832 189 1525 23 1295
270 22 1246 222 1061 20 1817 230 1456 234 2397 180 594 16 817 27 1961 207 634 229 1122 211 844 46 1974 148 2098 192 904 148 1082 231 2253 51 1913 98 613 47 1170 232 58 27 1496 33 494 211 1410
271 22 3074 93 2329 241 1454 54 1119 67 588 242 504 133 1345 137 1986 201 122 170 2379 17 1603 84 1075 127 2026 55 1591 191 1984 70 18 179 640 248 197 172 1831 239 424 191 922 142 932 208 1975
272 22 1456 191 2424 120 1084 40 1514 9 2465 7 196 168 97 36 46 134 1834 92 92 96 941 160 1987 135 1192 189 2013 85 1701 185 1405 44 1024 216 1051 123 232 44 773 18 912 148 2142 23 1503
273 22 2207 218 64 222 2191 108 91 97 1713 154 242 190 2498 180 2452 68 2303 42 5 244 760 197 386 68 952 32 487 29 361 33 604 158 774 99 1263 84 877 124 1912 228 211 76 2109 231 387
274 22 717 149 1470 19 383 124 2204 133 1481 203 2226 236 1772 95 778 172 2493 30 1330 13 549 127 352 182 1073 38 1549 150 419 240 172 207 2482 96 560 115 682 155 403 154 1244 180 1029 11 168
275 22 1131 60 1950 18 1528 39 2109 2 501 10 1976 180 1066 176 718 176 414 214 347 149 996 64 864 52 1095 11 1237 199 997 154 1779 219 2227 5 1387 62 221 154 596 217 1745 172 352 90 1931
276 22 974 244 750 136 1377 110 2322 126 200 104 868 10 218 31 414 121 2499 114 363 21 990 236 2170 145 1983 130 1411 181 1125 209 1336 151 2144 26 2302 4 1039 184 2036 174 651 167 1166 123 271
277 22 1755 40 2443 211 852 233 1240 235 311 156 1039 172 1950 161 1076 136 1950 111 167 108 289 183 2138 37 820 95 1396 116 1366 137 1938 162 1347 191 1289 118 766 5 2065 58 892 236 2385 79 519
278 22 705 153 1543 240 345 69 2147 172 1686 50 698 150 1817 78 335 243 1248 164 82 152 525 38 742 115 1858 36 1074 76 68 234 848 178 855 215 2467 159 1285 52 1945 176 1553 161 2310 210 1839
279 22 1359 216 2341 130 2391 31 2355 81 971 35 1948 112 1577 36 218 82 1879 33 2497 249 1243 75 1839 241 795 128 1598 151 883 17 976 224 15 115 2192 212 1624 249 137 246 1427 21 786 199 502
280 22 1229 192 1318 172 1852 182 1744 8 235 11 1299 240 1414 153 263 60 77 84 1239 17 2134 122 2394 209 642 31 1111 179 1114 159 407 211 2364 127 630 37 182 27 1443 197 1358 98 606 31 2291
281 22 837 70 2493 201 2281 184 247 56 866 82 844 247 1204 11 1053 72 924 211 1297 98 2103 80 2291 85 1394 29 1338 211 1196 249 1462 234 330 204 315 108 476 60 562 232 616 149 1993 102 1169
282 22 1332 63 1279 90 1112 62 1055 61 2453 131 1265 147 509 99 823 25 772 198 557 161 562 236 1691 237 1019 73 48 180 1406 133 26 44 1415 75 614 76 2419 100 2409 83 866 71 594 201 1268
283 22 3168 245 112 214 199 58 725 186 1202 228 1688 39 2378 155 1374 1 69 183 242 172 2399 138 1216 181 1253 116 461 248 2392 34 204 246 646 73 712 118 216 75 278 229 1719 219 1496 74 1163
284 22 1937 154 766 234 1286 21 615 117 1854 127 1834 53 2071 82 834 130 1465 152 762 150 754 180 2238 134 144 47 228 11 778 161 2137 53 2201 29 2493 74 2500 222 664 132 7 232 1514 209 3
285 22 855 184 339 19 1343 216 2336 84 1672 172 2445 210 829 120 1640 136 1397 37 1452 12 710 150 1627 241 2032 237 1540 122 1467 10 1109 180 887 53 1342 8 1483 189 1119 176 578 42 327 167 1765
286 22 55 83 2455 43 1525 57 1309 30 1263 85 691 240 1667 173 2173 134 203 167 490 175 776 142 1187 124 759 57 497 177 1762 40 222 167 1979 167 918 182 1196 50 575 128 1289 185 602 100 1809
287 22 2598 177 11 205 416 19 166 116 1322 82 937 222 633 203 1473 125 597 148 1886 239 831 224 1991 165 2081 22 1795 85 1441 89 1797 169 68 53 1765 189 1846 24 987 29 345 180 2182 92 1352
288 22 143 199 2305 126 1830 205 783 138 2453 181 80 61 841 39 1281 125 35 205 2223 188 2272 114 1217 20 2189 12 1368 204 988 42 58 67 357 91 1873 239 94 231 6 129 2365 15 603 116 1744
289 22 1167 41 132 151 780 99 2378 144 1761 51 1513 128 192 248 1193 124 20 163 1613 140 2092 105 1622 143 1361 239 2085 90 901 68 618 101 1569 177 1837 113 1088 7 1478 101 1307 9 2114 88 1973
290 22 1226 14 1432 10 1002 239 1068 147 921 222 2314 25 1937 169 413 140 1434 183 2048 195 178 108 378 209 1996 17 1129 175 161 113 2232 62 1117 180 848 33 820 1 1111 63 1212 173 1992 152 1454
291 22 1132 232 1627 195 528 21 502 249 683 25 1207 149 1433 140 2422 59 52 205 906 156 499 134 138 56 2015 69 1761 84 1770 223 2134 200 842 65 705 45 1200 80 1193 25 516 108 1307 133 1872
292 22 1787 179 283 131 788 77 802 160 1728 203 647 54 1938 51 2207 101 812 236 462 25 929 224 1570 202 2180 92 1125 66 627 131 624 107 2284 203 316 198 1977 76 601 32 2425 106 849 235 421
293 22 375 84 867 108 2434 120 2462 13 589 11 1728 119 102 244 1727 210 953 42 680 139 706 212 1998 141 2285 110 1535 58 1851 14 890 125 1362 102 753 69 2445 97 907 226 562 159 1041 55 827
294 22 2221 139 991 235 318 165 170 165 1181 219 1625 12 871 166 2100 47 2457 34 86 193 1039 74 1463 241 133 147 1404 159 2300 210 524 157 717 64 346 104 1169 240 133 114 1060 168 2214 147 1738
295 22 88 178 706 121 2346 171 1008 154 2390 35 515 43 373 177 1295 70 503 50 227 61 2217 245 1541 88 2122 86 901 134 2073 204 820 42 795 58 1629 207 634 115 669 236 2177 156 971 175 1770
296 22 1833 189 457 16 2268 12 1701 35 2211 113 1176 88 869 34 1208 122 2334 195 1532 219 2087 148 1575 185 906 82 2298 75 1704 17 2278 189 1394 73 1457 48 2056 116 910 104 1335 46 555 44 1187
297 22 1944 87 125 126 835 194 94 198 2335 208 1025 182 359 115 2326 115 597 75 503 133 761 156 2184 72 1900 68 2386 129 2029 151 1801 249 2452 60 350 76 594 205 712 25 132 205 338 38 2115
298 22 866 249 2273 46 2353 16 136 79 373 143 1751 210 1925 165 86 199 249 133 506 141 2058 206 806 184 1245 62 745 151 1958 24 695 192 1060 126 1430 8 207 203 1975 199 38 143 1878 205 310
299 22 2514 123 2141 30 1961 207 2115 4 1800 82 1500 250 674 11 2488 199 659 64 656 78 1224 233 1096 32 1387 218 543 117 1331 126 152 69 1088 21 1936 162 1133 207 2404 243 704 43 965 217 1838
300 22 2268 15 437 32 2140 151 1561 155 907 202 651 78 2485 54 1526 212 1494 20 447 101 134 13 419 88 1845 101 2043 233 1639 111 774 22 1272 70 1538 132 552 28 1784 236 372 95 865 156 796
301 22 1017 148 1972 175 43 136 2226 92 21 142 2332 217 1929 39 1783 72 1035 108 1398 175 2021 45 895 222 1773 244 1173 78 567 155 1300 245 280 233 915 248 1817 247 251 90 1997 165 1030 40 982
302 22 1475 180 2377 13 609 9 1151 17 133 188 973 208 385 142 1091 92 556 225 403 151 1584 92 873 105 1838 34 1935 126 2453 147 45 204 1440 220 1780 44 933 38 741 219 2474 71 44 39 548
303 22 944 30 306 240 1820 166 1844 73 1461 45 1268 3 2254 157 218 100 1110 35 459 121 1028 53 2362 134 635 26 153 138 66 173 215 158 1070 49 2351 122 2193 155 2153 78 1362 120 70 114 2069
304 22 1931 114 228 235 1964 121 1419 15 1640 55 1917 152 1220 147 2360 53 98 130 73 66 2430 65 850 247 350 167 1097 242 2272 205 2054 7 1363 119 1614 218 2014 145 2435 64 2313 83 1277 64 292
305 22 687 5 558 90 340 107 1652 120 2461 58 2332 146 1271 36 2466 59 2296 143 400 26 1760 43 1389 108 830 34 578 18 1221 219 1769 213 337 17 1367 191 2154 179 1185 247 1633 184 2081 212 686
306 22 2529 22 874 168 1171 244 370 14 2392 157 785 143 177 139 1754 31 2487 69 538 136 1500 80 2467 108 1814 155 2168 233 1260 77 2291 148 1334 194 2072 200 1153 16 471 54 66 238 775 157 1966
307 22 1756 2 2106 54 2386 1 359 102 101 205 293 178 1451 121 819 171 70 120 1107 199 892 32 588 6 1325 200 1927 70 1906 143 2078 109 1695 147 1716 138 750 75 2146 36 1350 198 1685 43 1704
308 22 351 39 1424 224 1001 119 1342 191 459 181 1529 46 2203 138 1010 178 917 250 1712 144 420 63 1040 82 1650 49 2449 221 907 158 563 109 111 124 1563 6 425 91 846 77 221 119 353 87 1911
309 22 1992 23 2439 202 1762 157 932 31 1717 96 73 160 2183 2 700 128 676 139 858 89 2292 80 1769 96 1793 102 100 189 1336 16 1575 217 158 218 2399 184 1200 217 780 133 2363 109 2298 187 2066
310 22 2755 79 2398 117 1077 212 14 29 1735 146 1680 156 789 249 111 125 734 89 2138 209 2496 130 441 11 37 100 15 50 1140 175 1949 190 2426 47 2447 191 1722 29 1828 170 2049 51 1133 231 1263
311 22 850 72 974 87 2400 244 2135 212 2046 241 880 73 1700 163 688 243 849 237 2488 16 1816 128 2367 18 579 193 906 245 754 95 1081 151 1923 224 786 162 1420 239 1950 216 339 155 1875 52 869
312 22 2745 243 409 11 1090 162 1735 84 470 243 580 7 594 24 787 243 81 75 1598 128 1674 65 688 172 1327 171 1943 51 1581 156 1222 161 1334 8 1918 152 2415 198 526 184 245 168 1129 222 1243
313 22 2050 15 2131 143 286 136 1135 25 1671 168 934 159 256 205 2182 53 1801 228 1590 6 521 232 374 210 1876 239 2251 93 545 232 960 144 2269 93 367 15 1287 76 626 33 122 111 2366 37 456
314 22 1180 123 226 232 373 241 1767 78 1390 93 479 1 597 190 1026 227 882 111 445 48 672 29 1569 77 385 212 2485 111 1761 43 321 71 835 104 1233 178 1780 60 874 111 1761 44 2330 112 1593
315 22 435 6 497 191 820 214 1275 41 2259 197 1045 52 270 150 1277 198 2438 118 1736 42 2438 123 928 124 1971 13 1460 225 2229 208 1807 177 2038 9 2193 219 1560 224 2401 210 1739 109 2112 205 2227
316 22 1177 165 1751 92 12 19 454 130 1506 57 234 75 2308 137 1293 134 1912 7 1128 24 906 117 1332 94 752 157 505 89 1770 232 1047 41 1038 149 494 86 1598 46 1738 181 2441 65 854 4 2499
317 22 2221 249 321 204 200 56 1327 188 1178 113 2178 25 1743 94 1423 51 916 133 1397 197 2116 249 2227 119 412 50 2169 203 1191 247 23 74 1063 170 1039 114 1838 247 701 29 1371 120 2022 14 2112
318 22 2512 81 69 149 1632 124 536 149 604 105 1593 32 1262 90 823 154 625 207 1230 248 334 44 1258 181 1497 66 476 178 1110 181 493 240 2420 148 2144 105 358 125 971 78 1187 57 2395 74 1640
319 22 321 153 947 65 534 121 564 216 1152 226 1732 38 2290 207 115 122 432 42 583 124 2249 31 231 206 1131 99 2085 155 97 82 1344 188 2149 213 586 58 1802 92 2114 151 845 124 796 12 1373
320 22 2020 241 1039 147 1862 19 562 51 457 199 1048 73 2387 84 2000 7 731 170 798 205 880 170 2448 114 2309 127 1896 59 1213 248 884 92 1981 161 1258 85 33 36 323 151 1157 66 1201 175 2264
321 22 572 147 339 165 1068 142 2275 60 1143 68 46 143 2242 31 1978 129 2063 179 2280 41 1854 15 551 123 330 88 1911 126 755 103 1876 17 713 67 180 135 2105 109 1286 177 1232 29 1653 50 775
322 22 517 68 976 206 754 68 827 237 2338 72 2451 124 1167 162 2481 184 70 128 763 74 1354 61 1453 64 1021 3 305 236 1594 157 1699 28 40 245 2292 48 1846 24 1811 218 2011 238 1973 32 146
323 22 706 58 1852 230 1663 179 150 36 1748 175 451 45 1108 124 2073 72 1268 203 70 85 165 127 1817 46 2071 122 2159 200 570 83 564 181 123 163 1823 114 179 123 1745 157 2312 122 77 193 926
324 22 1955 235 1079 94 699 214 2339 120 877 40 123 196 1458 6 1485 224 491 240 1857 22 551 225 1167 66 388 242 32 147 1293 211 1495 104 1004 157 1107 132 2069 31 2019 16 1963 94 12 135 1177
325 22 1401 248 1357 25 424 17 1968 169 501 244 280 247 1055 34 1402 109 1128 115 978 106 488 171 515 136 2365 57 1971 248 221 119 52 104 400 33 1663 25 944 193 521 77 1622 237 822 139 1609
326 22 1637 241 679 221 2408 223 735 249 2338 67 1133 59 2067 217 2372 189 1741 180 1869 44 2028 53 2350 37 637 13 1964 40 1195 40 1752 134 906 131 1402 199 2002 144 901 17 587 130 1064 99 482
327 22 94 218 205 159 1869 140 1042 206 404 133 2127 70 1860 105 2175 135 10 8 1932 110 1880 153 1214 145 2407 36 1967 225 338 24 1900 155 1025 153 1989 94 1246 13 2122 130 2338 144 1382 64 131
328 22 2191 30 1093 88 1802 193 991 146 264 153 1631 242 1029 218 891 147 1314 3 200 164 143 32 1038 102 1533 123 696 65 1115 148 1352 102 2357 197 2473 32 1714 83 126 246 1398 164 792 5 2323
329 22 1083 210 358 243 835 157 1350 27 921 178 1750 196 653 107 186 166 1157 48 36 65 578 152 1589 88 2068 113 1482 78 2359 170 1492 111 256 49 925 83 1931 213 113 34 1229 218 1489 244 369
330 22 1704 83 658 104 853 216 1912 86 189 187 1430 9 2458 61 1864 213 904 130 403 2 2135 178 1673 162 1407 68 397 100 1673 213 955 162 2479 178 560 234 391 175 1123 92 1266 232 2162 195 1099
331 22 2059 134 325 153 463 203 2483 236 489 141 2248 41 62 147 2450 20 1649 114 2415 8 316 116 2332 4 1230 240 1037 66 2135 79 1387 174 2492 159 1050 85 585 199 1810 157 2296 202 832 58 2060
332 22 2166 117 2132 64 179 57 384 128 110 225 973 110 1239 110 622 53 133 114 1761 221 822 116 838 104 1840 75 159 209 658 167 1208 41 666 65 1544 184 1822 84 1197 201 2132 84 949 115 550
333 22 2198 158 995 4 1952 243 557 195 298 178 1207 28 2035 200 1658 139 1451 145 419 216 1683 169 2234 52 898 65 2310 220 1001 250 2183 186 769 71 705 76 1685 109 153 160 1342 203 546 74 1844
334 22 2000 227 352 86 1357 23 1970 250 223 152 1321 100 1575 128 2095 166 622 79 1485 130 548 184 967 70 2484 77 1316 248 693 76 1111 91 1128 188 986 161 175 61 1083 118 1343 50 1916 117 1065
335 22 161 48 2083 1 2364 114 786 140 742 10 1337 28 219 140 1375 100 1387 152 1160 23 665 126 905 205 1321 183 2002 194 2415 116 1659 114 360 117 1569 152 67 152 2075 65 2207 155 1172 111 760
336 22 54 143 533 82 2114 165 107 122 861 173 300 248 1244 200 985 50 1321 230 2488 137 1765 94 1378 145 575 62 1257 29 833 19 941 49 168 201 958 127 2154 15 1511 203 1203 84 1722 236 599
337 22 102 125 2383 120 2242 196 2138 37 969 206 347 64 115 94 568 229 588 74 505 159 560 18 895 12 1148 29 1130 172 2084 234 1015 154 841 173 1430 70 2115 111 453 4 1303 163 2116 191 1009
338 22 1963 161 365 43 381 12 973 229 539 249 1236 126 936 113 696 9 1938 148 263 172 361 235 1007 34 1456 163 1543 216 468 130 2149 109 520 83 341 12 1139 20 2293 168 895 103 2471 120 475
339 22 1676 136 1851 143 870 83 1193 106 1339 92 1097 148 61 140 585 96 1118 240 1393 184 2407 180 1367 25 1727 78 881 179 718 250 1207 80 755 236 1752 123 617 170 500 80 1119 78 442 77 1337
340 22 1928 70 1606 240 1387 157 39 198 1351 250 451 49 2025 110 749 117 2146 66 685 152 1695 41 2366 96 1911 244 911 229 1293 69 501 231 238 1 245 161 143 52 785 26 422 245 1472 50 1366
341 22 2985 143 589 66 168 216 2 146 900 178 1243 72 1924 205 603 136 977 184 1432 241 94 69 1562 29 2181 121 419 101 556 176 1774 202 401 150 1333 193 2157 25 2375 190 1052 175 2095 37 1378
342 22 2176 34 1980 167 1726 52 131 78 662 9 2470 185 2128 94 1218 143 158 77 502 44 90 44 37 231 1226 250 2057 196 2097 62 1729 130 1022 122 811 179 1321 23 1161 158 588 16 747 72 2101
343 22 2043 210 1363 175 1897 223 2290 73 1945 65 520 129 553 192 345 126 2033 215 1361 205 2482 70 874 163 484 17 1387 207 1337 195 260 152 251 32 2232 150 1955 52 2132 188 945 165 1773 33 339
344 22 1179 175 1018 62 1479 81 1878 156 1031 205 442 238 585 226 2374 224 28 136 1610 238 601 70 2385 85 1104 141 44 194 728 133 1017 229 259 227 792 244 2274 153 917 127 1257 97 732 140 235
345 22 1227 131 405 240 767 155 1268 60 1295 152 1346 230 1927 238 934 216 1094 165 347 226 2392 130 2133 245 330 230 2496 15 581 135 2 206 676 120 429 154 1433 153 720 39 393 69 1809 217 1440
346 22 2138 93 966 117 977 160 1172 170 2378 52 2224 103 2352 54 1889 147 1831 196 1417 45 102 67 1319 81 1994 64 644 249 1143 62 2117 180 1133 86 215 172 2025 155 2159 72 359 205 1439 146 1279
347 22 135 29 721 48 778 47 713 143 1144 165 246 193 927 161 574 74 1386 117 505 114 2078 44 1677 190 1058 103 292 99 1291 98 2304 233 2187 113 292 221 922 242 950 179 1689 188 452 160 1272
348 22 106 18 1000 206 506 245 917 82 1984 200 206 18 891 47 185 59 2195 132 2299 126 785 20 556 92 1369 104 2339 114 401 180 2398 219 1448 244 1442 114 807 104 1799 198 2267 195 2215 51 1805
349 22 1456 1 1785 66 1201 40 676 103 11 118 1315 128 2116 88 1047 204 2046 176 462 85 196 177 1319 60 1506 26 1885 134 259 106 209 50 210 163 1330 171 651 211 175 92 266 87 701 63 160
350 22 657 170 457 141 1830 203 59 155 168 10 1231 17 692 40 1490 190 1542 212 1529 151 743 8 1465 6 665 38 2398 116 1376 169 1028 155 314 242 1683 57 1351 224 1152 244 77 216 1080 176 2010
351 22 193 218 1063 223 2255 106 928 148 253 219 208 102 1757 126 234 175 799 58 652 76 1751 194 1649 15 1666 215 2449 213 1479 64 1285 46 123 120 644 212 651 83 1421 178 1516 141 879 231 919
352 22 1159 26 492 160 1415 62 1688 65 1023 201 642 162 309 231 1700 188 886 149 1530 153 1298 53 1167 74 2206 131 1320 40 1135 237 1240 9 1613 110 2073 129 1775 190 2211 107 694 168 1016 190 640
353 22 664 220 524 235 2389 68 531 211 1193 191 2403 2 861 224 831 143 2399 179 1697 4 2238 26 407 229 834 33 1630 225 2447 112 462 21 1011 203 1497 183 2386 138 413 167 12 127 2099 123 1079
354 22 1860 96 1792 244 1123 91 1457 177 1376 85 1119 142 1204 83 2067 216 1171 180 1872 30 2407 76 1299 94 291 143 525 85 1275 33 741 95 870 8 1673 135 2149 130 1984 234 640 175 789 217 854
355 22 510 148 1148 209 644 219 834 236 1479 232 779 58 881 115 2178 145 1457 38 2451 4 354 97 2034 95 1153 75 1720 181 1829 78 230 217 2208 72 1574 98 837 211 1232 211 2021 243 16 239 2177
356 22 1999 190 1827 184 795 247 1457 202 260 110 555 42 2460 147 2317 225 413 171 888 40 1158 91 720 218 1716 76 1827 15 2471 85 1052 33 59 190 1784 60 2494 178 313 172 158 84 1066 44 2408
357 22 2308 150 627 213 1195 98 240 247 364 109 1572 107 2038 244 854 233 2116 229 2278 166 910 37 859 75 1181 179 651 84 787 34 362 226 259 182 116 155 633 200 882 216 1419 158 1990 143 1932
358 22 2654 75 2219 141 2015 135 979 209 2250 124 704 249 803 36 1599 77 353 247 2312 189 375 227 2432 154 1942 40 2152 103 1102 86 568 138 2428 197 480 132 1985 116 1428 69 1005 233 1115 110 1706
359 22 1047 185 2185 47 1602 132 1304 182 1900 244 1197 35 1248 202 2123 243 1877 70 753 73 1574 158 1975 107 907 54 2230 220 2049 241 1349 101 1506 217 1354 99 342 164 1364 134 40 40 1802 188 1724
360 22 137 249 1972 182 543 93 35 172 1508 70 26 177 349 174 642 20 481 31 1495 240 1582 77 2289 233 236 48 2276 170 1445 186 1621 214 1081 120 2077 26 1778 130 1977 111 1913 17 2497 95 2255
361 22 2585 209 1429 53 59 115 872 163 2168 69 2325 125 193 148 1237 65 821 122 1025 176 109 237 1257 164 2048 76 2178 198 1078 7 108 226 453 81 75 48 2440 94 1131 42 200 102 1916 88 174
362 22 515 67 1690 189 1557 207 2142 228 736 107 1481 233 31 209 174 76 358 123 1733 205 831 115 526 68 2321 42 1618 180 2499 179 1869 215 2193 128 802 212 1062 249 1483 69 631 47 315 36 2034
363 22 356 64 955 66 2238 81 705 195 35 101 457 159 143 235 521 165 381 79 733 200 1664 161 924 215 19 31 2139 58 815 125 1016 90 929 19 834 151 310 6 2465 93 1837 165 880 146 965
364 22 1077 120 2144 201 2245 172 1699 130 282 38 2207 163 2430 31 826 30 1240 136 471 176 1087 59 118 65 1811 10 1487 5 1775 129 1461 222 2407 198 1062 140 580 165 1842 136 356 86 1196 21 264
365 22 2331 160 1657 150 1215 116 219 160 595 138 131 68 2457 132 1425 245 1066 67 1682 76 1906 65 2132 18 880 164 2486 109 1753 90 1775 189 461 19 416 89 2299 213 2256 10 1764 33 1265 35 1739
366 22 1486 84 2310 112 953 116 817 124 402 83 2072 124 188 111 1400 174 2005 195 181 77 1196 240 75 147 1202 109 197 17 2050 231 524 30 1450 223 2459 110 593 65 1771 108 1715 185 361 230 527
367 22 543 195 115 202 1956 118 1771 214 2349 176 1926 25 293 34 2462 222 93 35 982 11 2174 227 1765 152 1731 56 2261 36 2157 82 1995 31 1345 243 376 144 1424 83 2129 27 1058 198 1847 151 171
368 22 275 122 1756 141 112 38 511 56 659 172 186 168 1231 113 1873 218 2054 198 1798 52 2382 96 357 179 1732 150 2485 203 2387 58 802 116 2276 181 1317 176 1828 28 2192 28 2302 179 790 209 1781
369 22 1325 245 2138 140 2429 227 721 201 2378 195 1257 205 2148 24 842 24 1745 232 1802 215 2172 15 1183 162 60 13 791 136 1759 73 1480 26 1809 75 432 231 862 57 1831 46 2253 13 2077 87 315
370 22 796 183 166 66 1236 189 1628 50 493 237 2080 20 1349 74 657 178 1334 65 1376 166 973 169 1039 175 1166 131 2193 238 670 50 622 54 2429 88 2311 38 1755 130 999 242 2377 125 1955 81 1059
371 22 1318 243 2128 111 483 57 957 145 2334 29 2276 120 492 34 2230 45 1629 55 1380 161 756 134 1103 165 584 106 564 136 104 117 867 173 2114 66 139 106 1556 237 859 97 385 167 358 190 2103
372 22 131 122 1075 129 123 7 1260 152 2178 139 1579 160 1898 201 2000 117 1440 107 1169 80 945 165 651 3 777 167 381 177 702 29 22 195 139 56 252 197 2296 53 88 39 2178 42 1743 75 141
373 22 1151 34 214 6 2034 181 304 17 1740 177 1898 172 2253 28 2253 137 150 88 327 243 1145 51 1690 25 1883 249 1467 211 459 246 2319 115 2454 73 1211 118 356 197 1074 142 2410 34 982 241 113
374 22 1300 1 1138 247 1887 28 440 180 478 116 687 36 1058 207 420 95 1819 206 1662 79 889 117 1641 234 1698 235 2186 114 1993 50 405 78 77 9 465 38 1649 164 2449 68 341 246 1235 239 3
375 22 360 41 74 174 1435 70 154 128 1947 106 2497 104 683 121 2293 71 2350 48 2091 162 2445 55 1214 148 863 13 950 41 2065 214 1158 175 2099 22 2454 26 2249 232 1223 133 1977 169 1500 132 526
376 22 1250 5 1544 163 2135 62 1785 131 2074 51 887 109 1047 182 30 180 2126 138 374 163 2472 139 915 20 1917 130 1883 4 1667 70 2381 115 1588 117 99 244 2017 24 218 72 1385 182 2455 239 849
377 22 1374 141 1134 162 597 64 26 209 825 61 183 249 2235 78 728 190 2163 6 581 120 437 217 1692 168 1832 208 1199 98 2345 101 543 107 1642 154 66 176 180 123 189 154 2455 183 404 102 993
378 22 261 160 751 196 1273 235 1995 218 946 187 1740 123 1873 163 2085 20 518 79 433 127 2401 18 2171 83 1805 116 1510 234 674 144 1434 101 1684 133 1260 177 692 40 182 240 643 173 1165 102 240
379 22 2095 71 1788 204 1002 218 401 122 2067 76 1583 135 9 88 569 188 2272 13 1721 71 2177 244 1910 53 1878 76 654 108 1126 99 1767 85 1472 1 863 6 2166 157 253 65 674 119 1696 213 420
380 22 764 136 58 100 284 176 591 45 428 214 336 11 169 63 1372 64 1132 102 1578 152 183 193 1160 161 1457 121 450 62 1376 234 336 75 2338 106 564 31 872 168 310 133 604 206 1653 119 918
381 22 664 203 326 57 58 97 868 187 1558 4 2069 108 1123 110 1367 12 2431 17 1968 8 1890 43 1576 51 1838 226 1451 66 904 53 2270 237 2130 109 2293 185 1311 157 2455 241 1791 179 2238 143 2
382 22 1515 235 2435 65 9 191 897 39 673 137 1191 193 751 142 149 121 2276 136 1427 84 1241 7 1506 197 799 41 606 51 1809 120 185 231 1704 74 980 221 1454 122 1528 171 2335 228 829 155 848
383 22 1516 40 682 148 1419 133 2245 149 1459 133 653 104 462 158 2385 47 1127 119 1969 204 2015 210 1483 147 1329 229 2272 91 2397 176 2308 78 1403 19 1717 87 322 23 1027 39 1555 2 1311 86 2079
384 22 175 28 1140 127 865 82 2400 124 2188 105 270 70 674 173 639 42 741 143 1604 7 1542 67 978 2 690 171 1028 151 63 101 865 61 32 158 1150 201 2359 123 1064 35 600 55 1717 116 591
385 22 624 172 1124 125 473 49 2022 231 140 164 133 116 880 138 2191 166 336 15 1582 206 773 233 927 31 990 116 2015 161 651 69 580 246 373 6 1174 33 1891 116 1992 69 1351 180 1555 69 2280
386 22 770 63 21 77 2236 79 1236 171 1266 53 427 64 2472 12 751 54 2478 96 696 148 1988 92 1957 144 2493 100 2189 17 36 44 1213 189 842 132 1142 97 973 245 1937 230 2007 52 492 232 1669
387 22 2127 7 2457 187 1707 45 2267 144 1983 229 1426 63 1641 91 1710 21 147 49 180 120 787 10 1897 2 1437 241 2084 97 1251 223 847 75 1884 196 589 119 2387 12 643 178 516 1 223 34 685
388 22 395 13 2004 73 624 225 1920 32 713 21 1805 132 673 58 1419 44 564 216 1527 2 1204 204 1315 203 327 176 2158 135 309 46 1063 241 1606 120 1754 109 948 54 1926 127 415 104 1989 69 1674
389 22 628 31 881 85 2147 34 334 159 1879 212 1662 133 753 3 2001 68 1816 137 229 30 1437 158 1849 207 1986 29 2374 167 101 148 1834 29 604 79 88 22 1840 180 756 160 215 160 1377 1 1719
390 22 596 239 839 93 1569 101 2295 174 408 99 1772 179 1128 61 1603 167 512 5 2500 175 1923 232 1984 62 1732 91 656 249 133 119 1295 191 1613 25 1210 158 84 39 259 119 1306 215 2495 129 368
391 22 1101 181 1525 190 121 207 1087 187 1045 202 1001 115 557 69 2198 74 2239 205 964 217 691 78 103 215 2278 17 1690 1 918 56 1554 67 1826 140 523 10 1520 174 1647 160 986 12 496 177 1768
392 22 1758 96 1701 206 1331 6 1708 188 292 6 2075 113 1560 236 1198 132 1588 14 2234 130 1788 59 885 67 2144 191 255 146 2470 247 2336 87 405 130 2446 218 958 164 1612 216 1633 130 306 18 1393
393 22 1953 197 1498 183 2292 140 593 131 1579 22 1424 222 35 196 1524 69 50 65 2111 4 662 137 1815 119 66 224 759 199 1602 84 914 24 1271 79 1429 163 273 229 361 113 1998 139 63 247 842
394 22 1260 206 1356 12 1410 68 1550 245 2393 53 960 189 896 139 989 40 1309 96 2195 239 202 119 780 3 525 169 62 237 551 83 53 152 557 92 2153 163 2474 205 1355 68 1870 188 2169 239 1359
395 22 1735 231 1509 146 1307 65 1682 86 2116 86 1021 224 182 40 1326 49 2318 40 2070 140 2144 22 2385 102 1952 129 1335 182 23 233 876 43 599 48 663 245 765 88 1001 210 2227 98 1929 103 1470
396 22 1025 133 2185 70 2444 28 1619 54 1400 88 341 128 297 173 1429 71 2024 187 2024 140 1681 86 477 193 453 68 1525 165 308 146 455 174 1862 114 875 110 241 7 646 124 51 30 294 141 2057
397 22 1933 173 77 246 1029 71 1950 7 1187 156 1365 34 116 60 2253 83 1928 61 2122 105 1446 181 1986 43 1258 48 2335 33 338 8 1592 54 427 221 1417 191 132 194 1906 104 178 215 1969 162 297
398 22 28 237 2429 6 1563 221 1395 32 214 228 1402 113 2224 168 1549 232 1490 232 1730 57 2492 131 1533 61 885 11 1897 168 896 139 631 73 361 138 1594 46 1992 243 1522 165 1621 49 2418 178 471
399 22 2154 103 2191 245 965 90 441 111 429 201 1201 170 1840 105 1928 233 2338 196 629 78 1780 127 2188 70 1200 137 364 131 2429 70 1571 72 676 156 299 44 201 145 93 180 989 83 729 167 483
400 22 557 27 926 105 327 88 2359 112 466 116 2108 133 1404 107 241 168 1527 233 2438 19 1573 93 1894 25 192 198 1042 185 477 38 170 183 1795 53 1608 66 809 182 386 11 542 148 1512 158 2106
401 22 2825 73 87 198 156 156 732 171 683 214 745 54 1066 161 1535 4 1166 234 1131 51 1720 25 2407 185 2407 65 1973 117 882 204 1127 244 306 49 4 150 985 87 1065 187 1363 150 1911 162 965
402 22 2230 196 448 94 1337 49 967 50 219 66 879 34 2370 197 874 66 2363 210 2037 39 81 165 2402 90 112 221 1738 119 607 244 114 108 2060 145 897 73 1426 162 1256 141 1342 81 1219 90 1578
403 22 1358 87 1584 134 553 4 2115 200 956 201 1188 41 1508 201 1832 58 2187 43 1476 81 970 250 2260 241 21 22 1654 68 1066 93 1008 23 1811 233 2357 171 236 172 1473 21 1900 24 2482 19 1196
404 22 2111 127 299 48 994 203 1100 45 913 133 1059 162 931 93 1538 183 1422 38 1964 208 1860 64 2107 9 911 116 1462 34 2400 46 13 7 855 106 1822 224 830 110 496 27 1313 136 1092 244 1884
405 22 104 112 1796 112 2377 61 6 96 402 198 2406 200 76 52 1158 131 1080 56 940 25 2290 94 1647 34 1184 9 1891 137 117 56 478 158 436 110 39 135 644 94 1730 165 233 46 91 80 12
406 22 2078 15 1091 205 213 211 572 93 918 244 1787 137 1864 205 1207 116 1906 217 1928 232 434 55 1622 20 1043 80 1578 55 1066 99 722 195 65 81 2345 31 1128 124 2438 97 2207 12 1309 82 887
407 22 1855 8 548 88 488 84 1754 50 1734 106 1902 128 2298 161 867 90 1703 98 64 230 860 46 490 84 2452 184 2028 89 1550 72 402 243 2102 245 1371 236 2357 153 2411 161 1652 31 2250 43 2427
408 22 2174 174 1124 215 1980 196 1639 165 523 45 1091 216 1575 26 1476 225 1265 101 1990 103 974 80 762 17 1729 198 2178 228 308 118 572 129 671 191 1571 126 2436 173 1114 183 2267 109 1150 107 237
409 22 1967 149 621 210 599 201 1362 249 1410 13 691 135 1991 26 1718 160 836 169 1527 173 2482 27 1562 197 2494 102 1074 37 697 4 1046 191 181 227 948 250 1990 64 227 160 1609 24 620 216 286
410 22 1737 130 1734 47 1690 100 487 196 24 191 1640 101 413 188 1509 73 386 71 2422 199 446 206 1019 143 1033 22 1883 210 2187 89 797 209 251 222 788 197 2357 207 1316 37 396 59 1744 97 1452
411 22 1487 64 499 171 927 190 676 47 2348 20 997 13 467 66 1072 133 314 170 1579 156 2287 69 2072 186 917 67 405 183 1860 83 645 156 2031 161 181 201 2190 106 308 56 2098 95 1149 212 1832
412 22 2172 19 2397 210 195 59 674 154 1992 73 2296 227 1794 29 2410 158 288 214 1814 148 2326 5 1861 116 480 102 1228 98 1055 206 2313 156 490 18 1862 99 513 58 1307 194 2211 74 1134 109 262
413 22 561 209 1193 235 239 132 1954 90 1128 195 1009 60 1711 91 599 203 1192 226 1377 50 2436 39 2135 99 361 94 1966 238 1374 11 1972 122 2338 124 1437 186 2155 93 1204 173 2038 241 1856 39 2324
414 22 2203 83 2268 134 1098 63 2135 220 964 2 399 168 205 146 2023 140 858 215 1936 48 56 196 51 150 1069 198 1066 26 678 120 762 206 2360 178 410 50 490 203 8 131 2458 100 2460 10 2443
415 22 855 14 387 193 1588 18 1093 109 2496 93 191 10 2275 71 2036 32 1765 36 2 85 2461 167 1556 34 2094 171 835 69 1438 205 2281 135 1521 220 2158 218 2025 243 1311 15 470 207 226 71 364
416 22 974 149 827 218 966 5 304 33 556 33 2390 186 2232 207 440 164 1731 162 1560 28 1700 107 2172 199 2059 26 743 169 537 223 8 216 1436 230 218 195 1457 132 2230 101 1413 138 1243 198 937
417 22 2310 4 1141 168 1959 4 2068 71 1413 97 449 37 487 225 826 140 213 1 1640 109 1841 227 679 247 2385 222 806 55 945 119 2196 133 138 67 364 205 1903 150 2408 206 121 30 2304 105 311
418 22 1179 117 311 3 1292 127 173 1 1155 11 1445 171 247 81 1037 32 1957 99 323 180 1721 80 2091 226 572 32 2225 92 1240 101 315 199 1697 132 329 239 97 74 2166 235 622 119 177 184 2432
419 22 2177 129 1811 14 288 165 29 31 835 244 1102 225 2357 43 1914 50 2231 48 1283 16 675 74 1187 28 427 189 802 226 700 87 1451 100 1860 73 417 97 464 225 951 89 241 25 658 94 958
420 22 271 60 987 178 2234 117 1778 13 1709 188 1867 149 2195 16 1928 130 1737 26 2287 16 436 182 1463 124 574 205 143 119 378 99 2342 143 721 34 1129 200 1138 20 1368 84 1046 250 1948 224 506
421 22 665 205 380 207 2342 26 984 21 1965 130 1264 94 1337 67 1963 70 210 207 1167 15 527 164 1961 22 2131 3 799 233 372 10 1645 238 1549 138 1459 197 983 49 750 169 952 240 2416 89 1992
422 22 1636 50 1908 40 26 68 758 121 875 151 1480 241 149 115 2409 161 1019 219 1406 26 1123 239 1612 111 2301 71 472 212 29 158 217 52 562 243 1709 238 1123 178 2137 7 1211 250 2111 134 1981
423 22 1869 189 1175 135 231 217 1871 163 1947 135 1391 78 2303 147 1913 123 1145 218 883 170 136 137 1631 190 1330 226 2350 178 1770 184 521 40 1792 218 1383 190 923 170 1874 121 2278 208 1541 131 2464
424 22 62 250 1056 11 594 145 77 205 165 40 18 223 784 115 701 96 114 67 947 210 2239 98 1756 226 1049 242 2285 35 1480 195 405 200 2033 90 1235 7 498 32 1651 56 2002 14 1625 28 1332
425 22 1320 71 1754 36 937 221 2017 38 2042 240 2466 17 224 95 21 96 392 179 644 33 293 5 1583 8 2286 43 1185 212 1781 213 1655 118 2172 75 477 195 995 237 801 230 1641 65 2147 40 332
426 22 385 226 1535 195 590 186 334 33 2248 58 616 53 1045 239 2480 117 1436 80 2089 250 2010 195 2017 110 931 3 1573 74 2331 153 488 124 668 195 1633 14 888 161 2150 154 2412 216 426 193 181
427 22 738 130 1419 5 928 180 737 197 1812 99 2318 48 1527 247 1068 168 400 20 1598 155 1347 245 2313 167 2292 220 1709 162 604 43 255 15 1038 104 2037 233 343 77 1515 5 1133 142 1151 235 320
428 22 2826 242 1961 156 118 227 925 59 415 71 454 115 486 129 2304 4 943 66 1501 221 260 193 910 43 63 235 811 194 2112 110 522 27 1545 35 1185 160 2153 245 2275 2 672 249 1818 122 404
429 22 2078 244 2261 79 518 192 1578 242 428 131 329 235 2007 86 680 230 2336 49 702 31 1072 237 2298 198 1194 63 1224 41 1628 99 1473 89 1061 104 678 234 686 157 2347 61 1217 198 1186 15 621
430 22 2327 50 1519 234 1549 164 1048 16 2028 201 713 104 683 204 7 151 100 227 885 147 1937 221 1928 157 688 195 1857 4 1411 43 1598 173 330 101 1145 73 2093 131 1517 244 1566 239 1853 135 104
431 22 1168 97 1375 193 1035 134 1118 176 790 137 1403 156 673 240 170 92 2302 70 2458 133 1175 114 1628 127 180 205 433 71 890 43 1965 158 2067 6 1681 115 1547 155 1209 147 97 50 1683 114 1488
432 22 458 42 2060 117 413 21 964 198 1921 137 248 32 712 25 1901 136 2027 98 380 107 1893 180 1983 248 1834 24 1164 141 1417 75 1711 56 309 90 1722 168 85 221 720 70 2467 85 1424 174 2028
433 22 2103 67 2088 123 1581 188 948 161 750 53 1959 163 535 6 2451 250 755 230 2434 21 2096 64 393 56 1827 215 595 160 1187 116 2053 84 2392 184 112 47 1666 59 697 24 1591 97 1792 227 1307
434 22 390 71 1158 245 555 34 1595 221 702 114 1369 12 204 226 879 80 828 200 1990 79 1946 157 2297 101 219 110 48 215 1519 227 1071 146 1663 187 2127 42 1866 37 2350 131 2030 148 1838 98 2132
435 22 887 249 1920 3 11 85 263 60 383 109 854 187 2020 65 2257 236 280 145 1919 190 2290 103 1775 203 1406 204 1955 2 1340 213 1759 158 2454 165 159 211 2480 109 1616 164 764 213 1721 125 403
436 22 1542 172 2093 164 1901 231 27 227 4 244 47 20 1225 237 643 69 950 65 1672 39 1793 159 347 188 1698 43 564 43 912 232 551 188 1585 147 1225 135 53 34 752 114 1561 208 226 1 1397
437 22 1607 127 1168 245 1089 97 2014 76 2317 77 1949 203 506 192 96 135 1545 226 1067 212 819 227 1845 218 1372 191 721 30 230 98 817 16 537 135 2077 209 944 204 702 246 1726 153 866 88 1720
438 22 843 221 2324 83 982 168 2413 195 1871 157 958 131 2421 114 1047 211 1886 63 2047 193 452 123 2279 183 1463 38 2084 208 2201 71 2184 198 1191 58 798 116 1082 46 1734 197 823 39 2206 62 2422
439 22 668 238 1266 44 1424 91 380 76 1739 70 2121 132 752 42 207 231 657 246 215 173 920 104 1457 145 2416 164 1135 226 473 69 2433 88 595 76 319 96 866 119 1262 140 1420 88 1304 110 240
440 22 1993 160 675 36 755 203 2106 173 1600 6 1507 109 1370 31 119 173 1347 193 5 48 1827 185 1923 21 2345 70 2327 214 346 245 1151 25 2048 214 474 192 2187 228 2179 181 1583 211 1459 74 228
441 22 946 110 81 24 470 224 1205 77 1513 171 2122 70 1537 59 410 17 1230 102 534 193 195 136 2076 246 1196 113 642 100 1683 50 410 60 2330 158 639 60 772 225 2458 106 259 236 2488 159 2361
442 22 3034 63 1172 86 136 242 2285 138 1555 77 800 73 217 59 456 177 1035 13 1995 235 637 148 1828 152 180 229 180 85 129 217 1005 232 1638 217 1616 214 363 218 2476 3 1979 195 1465 237 605
443 22 1693 156 2281 37 1617 107 1994 55 2122 106 2258 198 1603 171 2202 164 1494 190 1482 224 1017 36 1378 220 1725 197 307 22 1937 17 39 65 2023 150 2077 4 1807 97 381 243 634 181 968 37 1795
444 22 245 60 2127 39 177 160 335 224 2247 114 2188 135 385 1 1515 194 528 45 1941 103 915 241 809 148 1147 79 1983 107 1813 115 1914 54 517 44 568 173 126 168 289 145 2405 9 376 192 1391
445 22 747 61 1155 151 1047 47 1636 149 2324 42 2379 19 1602 21 724 117 1990 42 1140 228 1304 236 717 220 938 89 1786 129 1356 83 1402 54 797 159 1150 114 346 190 1365 40 816 20 2114 111 1468
446 22 2121 176 1752 206 798 40 1630 8 2451 200 131 53 2232 13 210 230 263 25 2191 233 1525 39 2119 191 676 116 1440 111 1737 127 372 169 1456 187 1116 7 1561 31 2312 239 448 196 739 69 287
447 22 729 205 2180 212 6 187 17 135 1143 52 751 36 1880 1 2290 172 787 104 269 176 613 103 1768 231 1774 24 765 37 1878 47 1213 117 2059 94 479 197 635 73 1341 100 172 105 2271 239 136
448 22 2514 54 2109 170 1756 80 2384 225 348 60 16 150 1052 39 1346 62 1663 37 404 32 2340 61 1340 160 410 68 1418 202 792 232 150 188 2485 92 1087 140 328 105 2329 215 994 174 1884 212 97
449 22 2044 60 31 212 1617 162 379 105 1756 174 1945 12 2443 22 1683 218 160 173 96 22 2419 41 2446 22 1745 218 216 102 2300 86 1113 225 1814 12 2321 236 1668 164 571 79 2177 24 861 44 1036
450 22 2469 39 2206 136 535 144 2497 2 1186 92 918 121 2400 96 2236 91 2344 154 1372 103 2434 202 2049 119 1761 154 1899 79 1514 189 2418 172 914 108 1908 127 18 30 175 168 1064 68 628 146 1143
451 22 595 175 1787 183 26 58 712 189 2427 171 1826 9 1466 77 1487 180 69 194 215 35 600 171 2058 228 1066 106 512 23 1994 131 673 14 655 144 2442 61 6 193 659 61 1839 45 1255 49 2
452 22 1803 249 656 183 1483 68 980 62 628 241 2008 32 1641 98 2031 67 1228 191 1218 132 701 84 2264 108 1885 173 2399 54 1240 10 1970 46 473 160 176 96 773 189 1125 114 1976 11 1570 17 992
453 22 1134 145 2393 203 1828 231 2130 223 533 125 21 8 2462 174 1347 188 2271 177 1995 60 760 149 45 145 2232 191 1981 73 939 16 1342 101 2452 22 986 151 1053 14 1926 140 337 98 1225 7 1958
454 22 86 186 2393 241 2462 218 1613 106 242 108 766 28 1395 192 315 181 826 197 1571 177 2038 150 944 100 464 143 1560 148 1292 147 461 59 2340 239 2277 121 2285 245 1830 167 247 200 1076 235 1317
455 22 677 94 1847 74 957 73 1656 191 525 122 632 113 244 165 918 93 1386 139 201 225 625 183 1901 32 1746 11 2366 215 2056 227 2191 178 1238 215 351 141 307 241 2052 232 2485 207 1900 137 1261
456 22 81 125 673 177 1164 192 1987 175 739 29 1171 45 211 196 2147 190 1835 115 2324 168 532 154 1151 111 462 95 1284 247 1867 158 1342 116 728 69 1372 131 1105 144 1617 228 2121 183 1661 173 1895
457 22 1036 177 101 103 1768 231 2254 132 244 45 969 198 1926 73 2295 158 746 218 1148 211 2409 94 1132 223 2446 65 128 202 1425 216 2375 142 2190 81 701 35 1897 116 1855 197 2033 18 223 140 1438
458 22 962 224 112 73 472 210 978 109 1714 207 1212 160 1387 54 1010 2 1918 62 129 4 1752 65 1379 6 1710 169 303 184 427 46 1793 87 1575 191 553 53 377 197 50 247 336 207 2480 23 237
459 22 2335 230 1725 107 1430 26 427 217 1697 250 797 156 1708 206 390 191 1393 29 475 182 2264 87 298 57 1786 207 2207 240 327 1 2117 91 1648 71 881 153 14 185 1755 33 984 38 2318 199 2083
460 22 1907 182 426 55 2387 224 1139 102 613 62 1162 137 754 227 2428 44 2443 31 352 176 486 17 2178 114 1136 43 1606 71 726 205 356 156 2240 42 996 123 2179 131 788 124 2092 20 1698 69 307
461 22 954 103 1558 225 1343 131 1931 71 1341 143 1976 92 272 87 553 204 1480 186 60 116 123 216 2326 6 2242 146 159 76 2118 109 2083 65 1042 166 656 188 1636 233 77 83 782 221 2061 164 1360
462 22 1606 112 2358 86 1303 169 789 101 1780 181 652 34 1684 77 1653 178 1372 193 1973 195 1190 212 2322 55 82 99 2292 147 1439 3 1081 25 2125 99 115 202 1959 30 2236 156 1335 80 1109 176 2414
463 22 2839 239 539 22 2299 197 265 69 1376 123 1040 246 1559 65 1165 54 1473 19 725 47 2072 239 162 224 601 249 769 128 577 185 323 80 1242 81 2153 195 783 16 2021 101 110 219 1335 205 2301
464 22 1108 239 666 58 1976 18 683 26 1889 28 1967 82 884 131 1738 112 593 114 229 196 2028 63 248 197 227 234 754 136 670 39 1556 118 254 69 2124 93 1936 178 2181 168 416 24 356 18 1614
465 22 749 57 2231 169 2127 108 266 110 252 12 2262 234 1283 30 1186 200 1622 140 470 43 192 1 922 28 476 151 891 23 83 132 1413 163 963 119 929 44 1395 96 850 201 2199 135 255 208 1496
466 22 351 137 1198 185 1981 216 1627 34 1138 134 2319 42 60 11 508 24 2120 97 9 243 21 116 309 250 2376 173 1524 24 703 237 92 85 968 99 2412 250 473 175 82 217 445 107 63 193 622
467 22 2445 73 1941 188 1772 202 153 191 1779 87 1417 135 334 192 338 107 1389 73 1835 86 1063 110 293 80 977 43 1404 142 92 132 1625 155 263 57 884 239 813 183 1181 46 2247 25 800 128 2078
468 22 2480 147 269 170 1943 60 2128 155 2165 109 2264 132 383 158 1888 23 2132 74 214 207 428 47 1808 186 1022 228 819 218 1604 155 1280 127 1818 142 1033 58 957 187 1794 67 2212 24 881 36 2097
469 22 253 227 2110 189 1202 226 1803 36 2442 236 1554 95 633 61 704 63 2042 69 1432 133 1276 40 164 89 1402 149 203 96 2155 88 1517 201 791 80 241 227 277 97 1768 50 1029 177 247 209 442
470 22 1694 5 11 163 2314 6 358 154 674 27 484 171 1220 157 1520 126 1796 1 2152 108 604 71 1402 220 1197 201 2489 64 2354 170 1344 163 1085 60 1138 90 2103 149 2466 158 2306 126 1679 90 2074
471 22 273 195 1581 78 1091 75 793 241 2375 61 1452 138 1983 35 2452 31 1337 243 2275 157 1321 135 1336 87 2248 44 2088 204 1319 149 1486 209 1771 208 2456 217 1551 25 283 219 1345 69 327 182 1960
472 22 1017 139 1658 215 504 133 954 64 2185 113 608 57 485 53 673 242 1460 229 1121 218 1151 37 1169 227 1466 128 855 136 65 70 764 64 1705 212 1420 16 727 228 635 104 244 173 2435 102 288
473 22 1262 180 1214 172 464 226 1819 17 699 111 44 77 207 89 150 180 2364 204 1965 235 1178 56 340 171 822 185 1650 43 2337 35 1673 44 524 27 1443 183 1750 3 796 54 2107 25 443 23 1902
474 22 869 61 286 87 1657 113 1348 102 2355 212 561 81 403 212 445 93 911 236 991 27 1641 47 592 104 726 171 1371 75 1691 44 131 11 1150 75 693 142 2395 115 825 139 1356 79 1415 50 371
475 22 2675 114 485 181 2490 36 1629 106 1698 242 1681 211 2088 121 151 46 667 157 2003 158 1985 10 2205 201 2414 214 1578 175 1977 54 1336 156 902 101 145 243 684 66 1521 87 742 76 2439 25 2001
476 22 901 39 1604 175 1502 70 1808 33 47 9 391 137 753 31 712 154 1203 63 490 8 698 199 2138 154 1899 149 52 133 54 7 1827 191 2035 32 100 37 1945 122 576 145 1261 136 1365 43 2078
477 22 2323 178 1907 142 227 122 338 16 2313 144 928 153 1339 14 1305 221 1319 102 2146 184 1428 159 889 96 2330 67 247 6 379 248 2308 156 623 210 1753 172 1959 140 2091 243 1867 236 936 13 2277
478 22 1199 18 2102 141 985 87 1674 8 2396 101 648 175 724 129 2036 191 2461 220 313 96 2452 166 657 244 2197 116 811 157 1967 94 471 133 1888 174 2038 181 273 15 1245 197 2496 232 2257 50 896
479 22 481 116 1420 11 1780 243 1686 40 199 180 1150 184 1373 23 955 74 1738 195 42 119 1390 181 2259 214 1908 241 2209 92 1098 169 2237 61 239 22 1211 221 1402 178 273 10 551 187 798 166 893
480 22 1614 162 1993 4 10 6 2424 193 45 176 2178 110 382 186 1497 244 1706 228 855 187 2258 35 1402 64 2062 111 658 79 1005 81 125 30 422 8 126 16 23 67 1949 94 1423 126 1562 193 2032
481 22 117 46 608 94 2274 28 680 126 12 141 893 189 226 246 370 163 1447 74 906 195 1173 119 285 217 150 205 1859 18 2024 163 2106 194 883 23 701 66 2346 204 473 70 1962 59 612 132 1138
482 22 2368 55 389 203 935 228 2391 116 777 38 2265 218 572 237 2378 157 2187 207 1508 247 1837 99 1660 162 1362 234 1905 177 1194 236 1943 23 1338 71 311 87 1403 135 1004 175 699 235 1125 150 1365
483 22 1472 10 2212 175 1434 13 315 41 285 47 864 139 141 199 1234 70 1134 230 1337 75 168 93 871 63 113 90 981 121 866 218 517 102 1268 170 456 190 722 154 1766 17 213 107 2184 250 2261
484 22 2283 124 1779 188 2222 187 1263 221 943 223 1433 64 2064 26 1720 88 154 159 1876 249 1760 216 359 94 277 79 2344 196 2157 68 613 74 957 118 144 196 1894 142 564 158 1027 119 393 242 837
485 22 1544 162 1889 33 1367 88 864 115 147 41 1693 160 749 191 1422 197 319 175 542 169 767 174 2366 54 1601 82 1721 107 1108 52 1710 153 1496 6 2083 29 2184 151 2171 225 1930 229 365 152 1669
486 22 2773 185 1102 219 1633 112 1564 242 1787 95 1641 102 1890 213 211 121 740 115 1920 27 2222 34 1647 246 1131 219 1459 207 1418 133 1449 161 1775 129 830 52 101 117 365 242 802 178 1972 110 1484
487 22 1512 71 1284 135 2022 246 1231 101 1410 140 878 44 215 88 1689 237 482 102 551 178 1041 33 1771 205 2426 228 1661 108 1780 80 1831 5 2495 6 1976 149 83 247 1087 102 240 6 1066 94 55
488 22 2152 71 1006 65 1256 23 1688 30 122 134 627 224 918 110 219 4 1259 213 1420 108 656 235 321 58 2098 197 857 121 731 205 973 180 1661 84 1820 197 2462 106 373 75 1552 250 1650 144 2182
489 22 1054 139 2332 104 336 95 225 179 1084 16 465 32 766 153 703 25 1564 46 1970 22 674 152 1955 38 15 245 1560 52 745 205 1184 24 1489 50 154 4 2174 58 1680 28 1592 142 604 120 887
490 22 2264 145 830 128 2431 30 2274 50 2297 58 896 57 2226 223 2147 248 1069 106 551 178 1470 202 938 145 2199 139 2403 184 1090 78 1557 189 1216 128 1705 79 566 176 387 87 1936 188 1923 168 350
491 22 145 76 1059 58 2032 205 1817 215 2005 196 1063 28 1948 215 1187 183 740 89 139 13 1624 84 2020 2 680 242 946 184 1688 24 503 54 1102 250 2446 13 1581 53 1316 57 1308 178 1019 17 1853
492 22 321 159 740 223 158 34 1722 182 564 13 2250 116 1795 29 2008 43 2302 29 2496 102 1737 212 66 180 1 79 959 181 728 161 984 52 909 143 1335 175 2274 115 1854 12 536 114 649 111 1900
493 22 1155 136 2377 241 936 197 2433 162 2370 85 1041 25 253 244 1523 26 381 120 445 193 1712 112 972 110 2075 205 366 127 204 151 2288 88 329 52 1448 149 1856 114 2315 193 743 21 983 2 1019
494 22 384 137 1089 208 143 216 2129 245 275 232 745 250 1765 159 324 206 1501 1 2015 159 339 112 2089 8 802 232 1180 132 744 180 1018 130 2333 148 1142 62 920 173 1728 3 1518 133 1427 160 1144
495 22 587 126 650 129 1163 89 1404 186 2234 130 1902 54 2152 21 1246 124 1732 61 564 145 1092 249 488 16 291 218 915 159 2476 60 2082 160 2133 102 1473 225 1463 5 1515 106 436 183 2334 14 2385
496 22 2052 133 1206 17 944 54 551 119 2323 182 438 54 1497 175 656 113 925 46 540 180 2002 200 2044 165 831 203 2496 141 845 184 1686 141 373 40 2296 191 84 93 2104 9 2382 128 959 97 477
497 22 1062 114 1362 9 746 82 2464 248 1403 248 436 174 694 39 1553 231 2067 159 790 121 881 225 2364 52 223 94 97 32 453 188 1059 5 294 122 2154 1 1588 19 1275 168 1318 250 1448 73 2276
498 22 256 215 1442 142 1488 114 2241 112 1079 151 247 8 1665 21 472 182 371 182 1482 73 537 239 1598 14 2453 207 426 4 607 17 152 241 176 184 1871 215 1269 24 1141 28 1682 141 2485 182 205
499 22 636 167 1585 120 955 102 2038 82 1000 79 607 186 1237 170 233 137 2078 160 471 222 1082 68 153 231 650 92 2089 9 2191 138 97 156 443 230 776 110 782 168 1167 89 564 148 2235 84 45
500 22 392 119 1014 29 887 250 93 4 2122 99 739 2 1562 228 863 38 1623 22 1192 92 1435 145 278 219 1303 2 1015 189 1315 20 1640 62 1647 164 120 2 1752 142 57 53 642 155 1175 244 879
