1 32 32944 1 1 0 1 1 1 0 1 1 1 1 1 1 1 1 1 1 0 1 1 0 1 1 0 1 1 1 1 1 1 1 1 
2 32 42894 1 1 0 1 1 1 1 1 1 1 1 1 1 1 0 1 1 1 1 1 1 1 1 1 1 1 1 0 1 1 1 1 
3 32 38725 1 0 1 0 1 1 1 1 1 0 1 1 0 0 1 1 0 1 1 1 1 0 1 1 1 1 1 0 1 1 1 1 
4 32 36645 1 1 0 0 0 1 1 0 1 1 1 1 1 1 1 1 1 0 1 1 1 1 1 1 0 1 0 1 1 1 0 0 
5 32 43155 1 1 1 1 1 1 1 1 1 0 1 1 1 1 1 1 1 0 1 1 1 0 1 1 1 1 1 1 1 0 1 1 
6 32 18600 1 1 1 0 1 1 0 0 0 1 0 0 1 1 0 1 0 0 0 0 1 0 0 1 0 0 0 0 0 0 0 0 
7 32 24927 0 1 0 1 1 1 0 0 0 1 1 1 0 1 1 1 0 0 0 0 0 1 0 1 0 0 0 0 0 1 1 0 
8 32 29988 0 0 1 1 0 0 1 1 0 0 0 1 0 0 0 1 0 1 0 1 1 0 1 1 0 1 0 1 1 1 1 1 
9 32 44774 1 1 0 1 1 1 1 0 1 0 1 1 1 1 1 1 1 1 1 1 1 1 1 1 1 1 0 1 1 1 1 1 
10 32 40223 1 1 1 0 1 1 1 1 1 0 0 1 1 1 1 1 1 0 1 1 0 1 1 1 1 1 1 1 1 1 1 1 
11 32 31268 0 0 0 0 1 1 0 0 1 1 1 0 1 1 1 0 0 1 1 1 0 0 0 1 1 0 1 0 1 1 1 1 
12 32 8499 1 0 0 0 0 1 1 0 0 0 0 0 0 0 0 0 0 1 0 0 0 0 0 0 0 0 1 0 0 0 0 0 
13 32 23137 1 0 1 1 0 0 0 0 0 0 0 0 0 1 0 0 0 0 1 0 1 1 0 1 1 1 0 1 1 0 1 0 
14 32 22374 1 0 1 1 1 0 0 0 1 0 0 1 0 0 0 0 0 0 1 0 0 0 0 0 1 0 1 1 0 0 0 1 
15 32 28663 1 0 1 1 1 1 0 1 1 1 1 0 0 0 1 0 0 1 0 0 0 1 1 0 0 0 1 0 0 1 0 1 
16 32 16116 0 0 0 1 0 1 1 1 0 0 0 0 0 0 1 0 1 1 0 0 0 0 0 0 0 0 0 0 0 1 1 0 
17 32 18747 0 0 0 0 0 0 0 0 0 1 0 0 1 0 0 1 0 0 1 1 1 1 0 0 0 1 0 0 0 1 0 1 
18 32 46462 1 1 1 1 1 1 1 1 1 1 1 1 1 1 1 0 1 1 1 1 1 1 1 1 1 1 1 1 1 1 1 1 
19 32 20068 1 1 1 0 1 1 1 0 0 0 1 0 1 0 0 0 0 0 0 1 0 0 0 1 1 1 1 0 0 0 0 0 
20 32 37085 1 1 0 1 0 0 1 0 1 1 0 0 0 1 0 1 1 1 1 1 1 1 1 1 1 1 1 1 1 0 1 1 
21 32 40069 1 1 1 1 1 1 1 1 1 1 1 1 0 1 0 1 1 1 1 1 1 1 1 1 1 1 0 1 1 1 1 1 
22 32 28482 1 0 1 1 0 1 1 1 1 1 1 0 1 1 0 1 0 0 1 0 1 1 0 0 1 0 1 1 0 1 1 1 
23 32 14255 0 1 0 0 1 1 0 0 1 1 0 1 0 0 0 1 0 0 0 1 0 0 0 1 1 0 0 1 0 0 0 0 
24 32 35275 1 0 1 1 1 1 1 1 1 1 1 1 1 0 1 1 1 1 1 0 1 1 1 1 0 0 1 1 1 0 1 1 
25 32 38104 1 0 1 1 1 1 1 1 1 1 1 1 1 1 1 0 1 1 1 1 1 1 1 1 1 1 1 1 1 1 1 1 
26 32 35729 1 1 1 0 1 0 1 1 1 1 0 1 0 1 1 1 0 1 1 1 1 1 0 1 1 1 1 1 0 0 1 0 
27 32 33825 1 0 1 0 1 1 0 1 0 1 1 1 1 1 1 1 0 1 1 1 1 0 1 1 1 1 0 0 1 1 1 1 
28 32 17936 1 1 1 1 1 0 0 0 1 0 0 0 0 1 0 1 0 0 1 0 0 1 0 0 0 0 0 0 1 0 0 1 
29 32 28525 1 1 1 1 1 1 1 1 1 0 0 1 0 1 1 1 0 0 0 0 1 1 1 0 1 0 0 1 0 1 0 1 
30 32 25932 1 1 1 0 0 1 0 0 1 1 0 1 0 0 1 0 1 0 0 1 0 0 1 0 1 0 1 1 0 1 1 0 
31 32 32802 1 1 1 1 1 1 0 0 1 1 0 1 1 1 1 1 0 0 0 1 0 0 0 0 1 1 1 1 0 0 1 1 
32 32 39078 1 0 1 1 1 1 1 1 1 0 1 1 1 1 1 1 1 0 1 1 1 1 0 1 0 1 1 0 1 0 1 1 
33 32 34682 1 0 1 1 1 1 1 0 0 0 1 0 1 0 1 0 1 1 0 1 1 1 1 1 0 0 1 1 1 1 1 1 
34 32 16286 0 0 0 0 1 1 0 1 0 0 0 0 0 1 0 0 0 1 1 1 0 1 1 1 0 0 0 0 0 0 0 0 
35 32 35349 1 1 1 1 0 1 1 1 0 1 1 1 0 0 1 0 1 1 1 1 1 1 1 1 1 1 1 1 1 0 1 0 
36 32 25104 1 0 0 0 1 0 1 1 0 0 0 0 0 0 0 1 1 1 1 1 1 1 1 1 0 1 1 1 0 1 0 1 
37 32 19806 0 0 1 1 0 0 0 0 1 0 1 1 0 1 0 0 0 1 0 1 1 1 0 1 0 0 1 0 0 0 0 1 
38 32 2675 0 0 0 0 0 0 0 0 0 1 0 0 0 0 0 0 0 0 0 0 1 0 0 0 0 0 0 0 0 0 0 0 
39 32 37342 1 1 1 1 1 1 1 1 1 0 1 1 1 1 1 1 0 1 1 1 1 1 1 1 1 1 1 1 1 0 0 1 
40 32 5586 1 0 0 0 0 0 0 0 0 0 1 0 0 0 1 0 0 0 0 0 0 0 0 0 0 1 0 0 0 0 0 0 
41 32 24885 0 1 1 1 0 0 0 0 1 1 0 1 0 0 1 1 1 1 0 0 0 1 1 1 0 1 0 1 0 0 0 1 
42 32 27371 1 0 0 1 1 0 1 1 1 0 0 0 1 0 0 0 1 1 1 0 1 1 1 1 0 0 1 1 1 0 0 1 
43 32 38973 1 1 1 1 1 0 1 1 1 1 1 1 1 1 1 1 1 1 1 1 1 1 1 1 1 1 1 1 1 1 1 1 
44 32 29821 0 1 1 1 0 1 1 0 1 1 1 1 0 0 0 0 0 0 0 1 1 1 1 1 1 1 0 0 1 0 1 1 
45 32 35250 0 1 1 0 0 1 1 1 1 1 1 1 1 1 1 1 0 0 0 1 0 1 1 0 0 0 1 1 1 1 1 0 
46 32 37585 1 0 1 1 0 0 1 1 1 1 1 1 1 1 1 1 1 0 0 1 1 1 1 1 1 1 0 1 1 1 0 0 
47 32 22000 0 0 0 0 0 1 0 1 0 0 1 0 0 0 0 1 0 0 1 0 0 1 1 1 1 1 1 0 0 1 0 1 
48 32 33045 0 0 1 1 0 1 1 0 1 0 1 1 1 0 1 1 0 0 0 1 1 0 1 1 0 0 1 1 1 1 0 1 
49 32 30551 1 1 1 1 1 0 0 1 1 0 1 0 1 0 1 1 0 1 0 1 1 0 1 1 1 0 1 1 1 0 1 1 
50 32 34122 1 1 0 1 1 1 1 0 1 1 0 0 1 1 1 0 1 1 1 1 1 0 1 1 1 1 1 1 1 0 1 0 
51 32 37373 1 1 1 1 0 1 1 0 1 1 1 1 1 1 1 1 1 0 1 1 1 1 1 1 0 1 1 1 1 1 1 1 
52 32 14065 0 0 0 0 1 0 0 0 1 0 0 0 1 0 1 0 0 0 0 0 1 0 0 0 0 0 1 1 0 0 0 0 
53 32 30844 1 1 0 0 1 0 1 0 1 1 1 1 1 0 0 1 1 0 0 0 1 1 1 0 1 1 1 1 1 1 0 1 
54 32 37947 0 1 1 1 1 0 1 1 1 1 1 1 1 1 1 1 0 1 1 1 0 1 1 1 1 1 1 1 1 1 1 1 
55 32 42334 1 0 1 0 1 1 1 1 1 1 1 1 0 0 1 1 0 1 1 1 1 0 1 0 0 1 0 1 1 1 0 1 
56 32 23990 0 1 0 1 0 1 1 0 0 1 0 0 1 0 0 1 0 0 1 1 0 0 0 1 1 1 1 0 0 0 0 1 
57 32 35957 1 1 0 1 1 1 1 1 1 1 1 1 0 0 1 1 1 0 1 1 1 1 1 1 1 1 1 1 1 1 1 0 
58 32 24152 0 0 0 0 1 0 1 1 0 0 1 0 1 1 0 1 0 1 1 0 1 0 0 0 0 0 1 1 0 0 0 1 
59 32 38870 0 1 0 0 1 1 0 1 1 0 1 1 1 1 1 1 1 1 0 1 0 1 1 1 1 1 0 1 1 1 1 0 
60 32 39251 1 1 1 1 1 0 1 1 1 1 0 1 0 1 0 1 1 0 1 1 1 1 0 0 1 1 1 1 1 1 1 1 
61 32 24419 0 1 0 0 0 0 1 0 1 1 0 1 0 1 0 0 0 0 0 0 1 1 1 0 1 1 0 1 0 1 0 1 
62 32 39392 0 1 1 1 1 1 1 0 1 0 1 1 1 1 0 1 1 1 1 1 1 0 0 1 1 1 1 1 0 0 0 0 
63 32 36515 1 1 1 1 1 1 1 1 0 1 1 1 1 1 1 1 0 1 1 1 0 1 0 1 0 1 1 1 1 1 1 1 
64 32 32826 0 1 1 1 1 0 1 1 1 1 1 1 0 1 1 0 0 1 0 1 1 1 0 1 1 1 1 1 1 1 0 1 
65 32 20419 1 0 1 0 0 0 0 1 0 0 1 0 1 0 1 0 1 1 0 0 0 0 1 1 0 1 0 1 0 1 0 0 
66 32 17980 0 0 1 1 1 1 1 0 1 0 0 1 0 0 1 0 0 1 1 0 0 0 0 0 0 0 0 0 1 1 1 0 
67 32 10239 0 1 0 0 0 0 0 1 0 0 0 0 0 0 0 0 0 1 0 0 0 1 0 1 0 0 0 0 0 0 1 1 
68 32 21132 1 1 0 0 0 1 1 0 1 1 0 1 0 0 1 0 1 0 0 1 1 1 0 1 0 0 0 0 0 0 0 0 
69 32 12146 0 0 0 0 1 1 1 0 0 1 1 0 0 0 0 0 0 0 0 1 0 0 1 0 0 0 0 1 1 0 0 0 
70 32 29007 1 1 0 1 0 1 1 0 1 1 1 1 1 0 0 0 0 0 1 1 0 1 0 1 0 0 1 0 1 1 1 0 
71 32 28277 1 1 1 1 1 0 1 0 0 1 0 0 1 1 1 1 0 0 1 0 0 1 1 0 1 1 1 1 0 0 0 0 
72 32 31872 0 1 1 1 1 1 1 1 1 0 0 0 1 0 1 1 0 1 1 1 1 1 0 1 1 1 1 1 1 1 1 1 
73 32 47922 1 1 1 1 1 1 1 1 1 0 1 1 1 1 1 1 1 1 1 1 1 1 1 1 1 1 1 1 1 1 1 1 
74 32 18784 0 0 1 1 1 0 0 0 0 0 0 1 0 1 0 0 1 0 0 0 1 1 0 0 1 1 1 1 0 0 0 0 
75 32 26121 0 1 0 0 1 0 1 0 0 0 1 0 1 0 0 1 0 1 1 1 1 1 1 1 0 1 0 1 1 1 0 1 
76 32 30995 1 0 1 1 0 1 0 1 0 1 1 1 0 1 1 1 0 1 1 1 1 0 1 0 0 1 1 1 1 0 1 0 
77 32 13678 0 0 0 0 1 0 0 1 0 0 1 1 0 1 1 0 0 0 0 0 0 0 0 0 1 0 0 0 0 0 1 0 
78 32 30692 0 1 1 1 0 1 0 1 1 1 0 1 1 1 1 1 0 0 0 1 1 0 1 0 0 1 0 0 0 1 1 0 
79 32 33953 1 1 1 1 1 1 1 1 1 1 0 1 1 1 1 1 1 1 1 1 1 1 0 1 1 1 1 1 1 1 1 1 
80 32 38694 0 1 1 1 0 0 1 1 0 1 1 1 1 1 1 1 1 0 1 1 1 1 1 1 1 1 0 0 1 1 1 1 
81 32 13981 0 0 1 0 0 1 0 0 0 0 1 0 0 0 0 1 0 0 1 0 1 0 1 0 0 0 0 0 1 0 0 0 
82 32 23505 1 0 0 1 0 0 1 0 0 1 0 0 0 1 0 0 1 0 0 0 0 0 1 0 1 0 1 1 1 1 0 1 
83 32 35791 1 0 1 1 1 1 1 0 1 1 1 1 0 1 1 1 0 0 1 1 0 0 1 1 0 0 1 1 0 1 1 1 
84 32 22871 1 0 0 1 0 0 1 1 1 1 0 1 1 0 1 1 0 1 0 0 1 1 0 0 0 0 0 0 1 0 0 0 
85 32 11975 0 1 1 0 0 0 1 0 0 0 1 0 0 1 1 0 0 0 0 1 0 1 0 0 0 0 0 1 0 0 0 0 
86 32 35242 1 1 1 0 1 1 0 1 1 1 1 0 1 1 0 0 1 1 0 1 1 0 1 1 0 1 1 1 1 1 0 0 
87 32 39452 1 1 1 1 1 1 1 1 1 1 1 1 1 1 1 1 1 0 0 1 0 1 1 1 1 1 1 1 1 0 1 1 
88 32 33810 0 0 1 1 1 1 1 1 0 1 1 1 1 1 1 1 0 1 1 1 0 1 1 1 1 1 1 1 1 1 0 1 
89 32 28100 1 0 1 0 0 0 1 1 1 1 0 1 0 0 1 1 1 0 1 0 0 0 1 1 1 0 1 1 0 1 1 1 
90 32 34489 1 0 0 0 1 0 1 1 1 0 1 1 0 1 1 1 1 0 0 1 1 1 1 0 0 0 1 0 0 1 1 1 
91 32 38867 1 1 1 1 1 1 1 1 1 1 1 1 1 1 1 1 1 1 1 1 1 1 1 1 1 0 1 0 1 1 1 1 
92 32 26020 1 1 0 0 0 0 1 1 0 1 0 1 0 0 1 1 0 1 0 0 0 0 1 1 1 1 0 0 1 1 0 0 
93 32 33761 1 1 1 1 1 1 0 1 1 0 0 0 0 1 1 1 1 1 1 1 1 1 1 1 0 1 1 1 1 1 1 1 
94 32 16761 0 0 0 1 0 0 1 1 1 1 0 0 0 0 0 0 0 0 0 1 0 1 0 0 1 1 1 0 0 0 1 0 
95 32 6675 0 0 0 0 1 1 1 0 0 0 0 0 0 0 0 0 0 0 0 0 0 0 0 1 0 0 0 0 0 0 0 0 
96 32 40382 1 1 1 1 1 1 1 1 1 1 1 1 1 1 1 0 1 1 1 1 1 0 1 1 1 1 1 0 1 1 0 1 
97 32 21247 0 1 1 0 0 0 0 0 1 1 0 0 1 0 0 1 0 1 0 0 0 1 0 1 0 1 0 0 1 1 0 0 
98 32 35387 1 1 1 1 0 1 1 1 1 0 0 1 1 1 0 1 1 1 1 1 1 1 1 1 1 1 0 1 1 0 0 1 
99 32 33328 1 1 1 0 1 1 0 1 1 1 1 1 1 1 1 0 1 1 1 1 0 1 1 1 1 1 1 1 0 1 1 1 
100 32 29177 1 0 0 1 1 0 0 1 1 0 0 0 0 1 1 1 1 1 1 1 0 1 1 0 0 0 1 1 1 1 1 1 
101 32 35893 1 1 1 1 1 0 1 1 1 0 0 1 0 1 1 0 1 0 1 0 1 0 0 0 1 1 1 1 1 1 1 1 
102 32 23717 0 0 1 0 0 0 0 1 1 0 1 0 0 1 0 1 0 0 1 1 0 0 1 0 1 0 1 1 0 0 1 0 
103 32 40221 1 1 1 1 1 1 1 1 1 1 1 0 0 1 1 0 1 0 1 1 0 0 1 1 1 0 0 1 1 1 1 0 
104 32 19865 0 1 0 1 0 0 1 1 0 1 1 0 0 0 1 0 1 1 0 1 0 1 0 0 0 1 0 1 0 1 0 0 
105 32 26421 1 1 1 1 1 0 1 1 0 1 1 0 1 1 0 0 0 1 0 1 1 0 0 0 1 0 0 1 1 0 1 0 
106 32 42023 1 0 1 1 1 1 1 1 0 1 1 0 1 0 1 0 1 1 0 1 1 0 1 1 1 1 1 1 0 1 1 1 
107 32 17566 0 1 0 0 0 1 0 1 0 1 0 0 1 1 0 1 1 0 0 1 0 0 0 1 0 0 0 0 0 0 0 0 
108 32 5642 1 1 0 0 0 0 0 0 0 0 0 0 0 0 0 0 0 0 0 0 0 0 0 0 0 0 0 0 0 1 1 0 
109 32 36229 1 1 1 1 1 1 1 1 0 1 1 1 1 0 1 1 1 1 1 1 0 1 1 1 1 0 1 1 0 0 0 1 
110 32 19967 1 1 0 1 0 0 0 0 0 0 0 0 0 0 1 0 1 0 0 0 1 0 1 1 1 1 1 0 0 0 0 1 
111 32 36086 1 1 1 1 1 1 1 1 1 1 1 1 1 1 1 1 1 1 1 1 1 1 0 1 1 1 1 1 1 1 1 1 
112 32 28726 1 1 1 1 1 0 1 0 0 0 0 1 0 1 0 1 0 0 1 0 0 0 1 1 0 1 1 1 1 0 0 0 
113 32 12457 1 1 0 0 0 0 0 1 0 0 1 0 1 0 0 0 0 0 0 0 0 1 1 0 0 0 0 1 0 0 0 0 
114 32 24800 0 1 0 1 0 1 1 1 0 0 0 1 0 1 1 0 0 1 1 1 1 1 1 0 1 0 1 0 0 0 1 0 
115 32 24174 0 0 0 0 0 1 1 0 0 0 1 1 0 1 1 1 0 0 0 1 0 0 1 1 0 0 1 1 0 1 1 1 
116 32 12200 0 1 0 0 0 0 0 1 0 1 0 0 1 1 0 1 0 0 1 0 0 1 1 0 0 0 0 1 0 0 0 0 
117 32 32272 1 1 1 1 1 1 1 1 1 1 1 1 1 1 1 1 1 1 1 1 1 1 0 1 1 1 1 0 1 1 1 1 
118 32 43295 1 1 1 1 1 1 1 1 1 1 1 1 1 1 1 1 1 1 1 0 1 1 1 0 1 1 1 1 1 0 1 1 
119 32 1783 0 0 0 0 0 0 0 0 0 1 0 0 0 0 0 0 0 0 0 0 0 0 0 0 0 0 0 0 0 0 0 0 
120 32 39159 1 1 1 0 1 1 1 1 1 1 0 1 1 1 0 1 0 1 1 0 1 1 1 0 1 1 1 1 1 1 1 1 
121 32 30920 1 1 1 1 1 1 1 1 1 1 1 1 1 0 1 1 1 0 1 1 1 1 0 0 1 1 1 1 1 1 1 1 
122 32 6964 0 0 0 0 0 0 0 0 0 0 0 0 0 1 0 0 0 0 0 0 1 0 0 1 0 0 0 0 1 0 0 0 
123 32 31065 0 1 1 0 1 1 1 1 1 1 1 1 1 1 0 1 0 0 1 1 1 1 1 1 1 1 1 0 0 0 0 1 
124 32 16905 0 0 1 0 1 0 1 0 0 0 0 0 0 0 0 0 0 1 1 0 0 1 0 1 1 0 0 1 0 0 0 1 
125 32 34068 1 1 1 1 1 1 1 1 0 1 1 1 1 0 1 0 1 1 0 1 1 0 1 0 0 1 1 1 1 0 0 0 
126 32 3461 0 0 0 0 0 0 0 0 0 0 0 0 0 0 0 0 0 0 0 0 0 0 0 0 0 0 0 0 0 1 0 1 
127 32 37087 1 0 1 1 1 1 1 1 1 1 0 0 1 1 1 1 1 1 1 0 1 1 1 0 1 1 1 1 1 0 1 1 
128 32 37304 1 0 1 1 1 0 1 1 1 0 0 1 1 1 1 0 1 1 0 1 1 1 1 1 0 1 1 1 1 0 1 0 
129 32 10958 0 1 0 0 0 0 0 0 0 0 1 0 0 0 0 0 0 0 0 0 0 0 0 1 1 0 0 1 0 0 0 0 
130 32 17808 0 1 0 1 1 0 1 0 0 0 0 0 1 0 0 1 0 1 1 0 0 0 1 0 0 1 0 0 0 0 0 0 
131 32 36239 1 1 1 1 1 1 1 1 1 1 1 1 1 1 1 1 1 0 0 1 1 0 1 1 1 1 1 1 1 0 1 1 
132 32 0 0 0 0 0 0 0 0 0 0 0 0 0 0 0 0 0 0 0 0 0 0 0 0 0 0 0 0 0 0 0 0 0 
133 32 40233 1 0 1 1 1 1 0 1 1 1 1 1 1 1 1 1 1 1 1 1 1 0 1 1 1 1 1 1 1 1 1 1 
134 32 28587 0 1 1 1 1 1 1 1 1 0 1 0 0 0 0 0 1 0 1 0 0 0 1 1 0 1 0 1 1 0 1 1 
135 32 17235 0 0 0 0 1 1 0 1 1 0 0 0 0 0 0 0 1 0 0 1 0 1 0 1 1 0 0 0 0 0 0 0 
136 32 10288 0 0 1 1 0 0 0 0 1 0 0 0 0 0 0 0 0 0 0 0 1 0 0 1 1 0 1 0 0 0 0 1 
137 32 31220 1 1 0 0 1 0 0 0 0 1 0 1 1 1 1 0 1 1 1 1 1 1 1 0 1 1 1 1 0 1 0 0 
138 32 31012 1 1 1 0 0 0 0 1 1 1 1 0 0 0 1 1 1 0 1 0 1 1 0 1 1 1 1 1 1 1 1 0 
139 32 24297 0 0 1 0 0 0 1 0 1 1 1 0 0 0 1 0 0 0 1 1 1 0 0 1 0 1 1 1 0 1 1 0 
140 32 35233 0 1 0 1 1 0 1 0 1 1 1 1 1 1 1 1 1 1 1 1 0 1 1 1 1 1 1 1 1 1 1 1 
141 32 50943 1 1 1 1 1 1 1 1 1 1 1 1 1 1 1 0 0 0 1 1 1 1 1 1 1 1 1 1 0 1 0 1 
142 32 32244 1 1 1 1 1 1 0 1 0 1 1 1 1 0 1 1 0 1 1 0 1 1 1 1 1 1 1 1 1 1 1 1 
143 32 31955 1 1 1 1 1 0 0 0 1 1 0 1 1 1 1 0 1 0 1 0 1 0 1 0 0 1 0 0 1 1 1 1 
144 32 32765 1 0 1 0 0 0 1 0 1 1 1 1 1 1 1 1 0 1 0 1 0 1 0 1 1 1 0 0 0 1 1 1 
145 32 25155 0 0 1 0 0 0 1 1 0 0 0 1 1 1 1 1 1 0 0 0 0 0 0 1 0 1 1 1 0 0 1 0 
146 32 11748 0 0 0 0 0 0 1 0 0 1 0 0 0 0 1 0 0 0 0 0 0 0 0 0 1 1 1 0 0 0 0 0 
147 32 26567 1 0 0 0 0 1 1 1 0 0 1 1 1 0 1 1 1 0 1 0 0 1 1 0 1 0 0 1 1 1 0 0 
148 32 36915 1 0 1 1 0 1 1 1 1 1 1 1 0 1 0 1 1 1 1 1 1 1 0 1 1 1 1 1 0 0 0 1 
149 32 38201 1 0 1 1 1 1 1 1 1 0 1 1 0 1 0 1 1 1 1 1 1 0 1 0 1 1 1 1 0 0 0 0 
150 32 25204 1 1 1 1 1 1 0 1 0 0 0 0 1 0 0 1 1 1 1 0 0 0 0 0 1 0 1 1 1 0 1 0 
151 32 13938 0 1 0 1 0 0 0 0 1 0 0 1 1 1 0 0 1 0 0 0 0 0 0 0 0 0 0 0 1 0 0 1 
152 32 44704 1 1 1 1 0 0 0 1 1 1 1 1 0 1 1 1 0 0 1 1 1 1 1 1 1 1 1 1 1 1 1 1 
153 32 22149 1 1 0 0 1 0 1 0 1 1 0 1 0 1 0 0 0 1 1 1 0 0 1 0 1 1 0 1 1 0 0 0 
154 32 36866 1 1 1 1 1 0 1 1 1 1 1 1 1 1 1 1 1 1 1 1 1 1 1 1 1 1 1 1 1 1 1 1 
155 32 30081 1 1 0 0 1 1 1 0 1 1 1 1 0 1 1 0 1 0 1 0 1 0 0 0 1 1 0 1 0 1 1 0 
156 32 47081 1 1 1 1 1 1 1 1 1 1 1 1 1 1 1 1 0 1 1 1 1 1 1 1 1 1 1 1 1 1 1 1 
157 32 32344 1 1 1 1 1 1 1 0 0 0 0 0 0 1 1 0 1 1 1 1 1 1 1 1 0 1 0 0 0 0 1 1 
158 32 41497 1 0 1 1 1 1 1 1 1 1 1 1 1 1 1 1 1 1 1 1 0 1 1 0 1 1 1 1 1 1 1 1 
159 32 19888 0 0 0 1 1 0 1 0 0 1 0 0 0 1 1 0 0 1 1 0 0 0 0 1 0 1 0 1 0 0 0 0 
160 32 25648 0 1 0 0 1 0 0 1 0 1 1 0 1 1 0 0 1 1 0 0 0 0 0 1 1 0 1 1 0 1 1 0 
161 32 30137 1 1 0 0 1 1 0 0 1 0 0 1 0 1 1 1 0 1 1 0 1 0 0 1 0 1 1 1 0 1 1 1 
162 32 36797 1 1 1 1 1 1 1 1 1 1 1 1 1 1 1 1 1 1 1 1 1 1 1 1 1 1 1 1 0 1 1 1 
163 32 33017 1 0 1 1 1 1 1 0 1 1 1 1 1 1 1 1 0 1 1 1 1 1 1 1 1 1 1 1 1 1 1 1 
164 32 30902 1 1 0 0 0 1 1 0 1 1 0 1 0 0 1 0 1 1 1 0 1 0 1 1 1 0 0 1 1 1 0 1 
165 32 22232 1 0 1 0 1 1 0 0 0 1 0 0 0 0 0 1 0 1 1 0 1 1 0 1 0 1 1 0 1 0 1 0 
166 32 20912 0 0 1 1 0 0 1 0 1 0 1 0 0 1 0 1 0 1 1 0 1 0 1 1 0 0 0 0 0 0 0 0 
167 32 25679 0 0 0 0 1 1 0 1 0 0 0 0 1 1 1 1 1 1 1 0 0 0 0 0 1 1 1 1 0 1 0 0 
168 32 40736 1 1 1 0 1 1 1 1 1 1 1 1 1 1 0 1 1 1 1 1 1 1 1 1 1 1 1 1 1 0 1 1 
169 32 44189 1 1 0 0 1 1 1 1 0 1 1 1 1 0 1 1 1 1 1 1 1 1 1 1 1 1 1 0 1 1 1 1 
170 32 29301 0 0 1 0 1 1 1 1 0 0 1 1 0 1 1 1 0 1 0 1 1 1 0 1 1 0 1 1 1 0 1 1 
171 32 17117 0 0 0 1 1 1 0 0 1 0 1 0 0 1 0 0 0 0 1 0 0 0 0 0 1 1 0 0 0 0 0 0 
172 32 12406 1 0 1 1 1 0 0 0 0 0 0 1 0 0 0 0 0 0 0 0 1 0 0 0 0 1 0 0 0 0 0 0 
173 32 34781 1 0 1 0 1 0 1 1 1 1 0 1 0 1 0 1 1 0 1 1 0 0 0 1 1 1 1 1 0 1 1 1 
174 32 39357 1 1 0 1 1 1 1 1 1 1 0 1 1 0 1 1 1 1 1 1 0 1 1 1 0 1 1 1 1 1 1 1 
175 32 41384 1 1 1 0 1 1 1 1 0 1 1 1 1 1 1 1 1 1 1 1 0 1 1 1 1 1 1 1 0 1 1 1 
176 32 24819 0 1 1 1 0 1 1 1 1 1 1 0 0 0 0 0 1 0 0 1 1 0 0 0 0 1 1 0 1 0 0 1 
177 32 17785 0 0 1 1 0 0 0 0 0 0 0 1 0 0 0 0 1 1 0 1 1 1 0 0 1 1 0 0 0 0 1 0 
178 32 31177 1 0 1 1 0 1 1 1 1 0 1 1 1 1 0 1 1 1 0 0 0 1 1 1 0 1 0 1 0 0 1 1 
179 32 16199 0 1 0 0 0 0 1 0 0 1 1 0 0 0 0 1 1 0 1 0 1 0 1 0 1 1 0 0 0 0 0 0 
180 32 15021 1 1 0 0 0 0 0 0 1 0 0 1 0 0 0 0 0 0 0 1 0 1 0 0 0 0 1 0 1 1 0 0 
181 32 40605 0 0 0 1 0 0 1 1 1 1 1 1 1 1 1 1 1 1 1 1 1 1 1 1 0 1 1 1 1 1 1 1 
182 32 8227 0 0 0 0 0 0 0 0 0 0 0 0 1 0 1 1 0 0 0 0 0 0 0 0 0 0 0 1 0 0 1 0 
183 32 37019 1 1 0 0 1 1 0 1 1 0 1 0 1 0 0 1 1 0 1 0 1 1 1 1 1 1 1 1 1 1 0 1 
184 32 33228 1 1 0 1 0 1 0 1 0 1 1 0 1 1 0 1 1 1 0 0 1 1 1 1 1 1 0 1 1 1 1 1 
185 32 1338 1 0 0 0 0 0 0 0 0 0 0 0 0 0 0 0 0 0 0 0 0 0 0 0 0 0 0 0 0 0 0 0 
186 32 28499 1 1 1 1 0 0 0 1 1 1 1 0 0 0 0 0 0 0 1 1 1 0 1 0 1 1 0 0 0 1 0 1 
187 32 21532 0 1 0 0 1 0 1 0 0 0 1 0 0 0 0 1 1 0 0 0 0 1 0 0 0 1 1 0 1 0 1 0 
188 32 43289 1 1 1 1 1 1 0 1 1 0 1 0 1 1 1 1 1 1 1 1 1 1 1 1 1 0 1 1 0 1 1 1 
189 32 32072 1 1 1 1 1 1 1 1 0 1 0 1 0 1 1 1 1 1 1 1 1 1 1 1 1 1 1 1 1 0 1 0 
190 32 25305 1 1 1 1 1 0 0 1 1 1 0 0 1 0 0 1 0 0 0 1 0 1 1 0 0 0 0 0 1 1 1 1 
191 32 21840 0 1 1 0 1 0 1 0 0 0 0 1 1 1 0 0 1 0 1 1 0 0 1 0 0 1 1 0 0 0 1 0 
192 32 40918 1 0 1 1 1 1 1 1 1 1 1 1 1 1 1 1 1 1 1 1 1 1 1 1 1 1 1 1 1 1 1 1 
193 32 44935 1 1 1 1 0 1 1 1 1 1 1 1 1 1 0 1 1 1 1 1 1 1 1 1 1 1 1 1 1 1 0 1 
194 32 26769 1 1 0 1 1 0 1 1 1 1 0 0 0 1 1 1 0 1 0 0 1 0 0 1 0 0 1 0 0 0 1 0 
195 32 3138 0 0 0 0 0 0 0 1 0 0 0 0 0 0 0 0 0 0 0 0 0 0 0 0 0 0 0 0 0 0 1 0 
196 32 17479 1 0 1 0 0 0 0 0 1 0 0 0 0 0 0 1 1 0 0 0 1 0 1 0 0 1 1 0 0 0 0 0 
197 32 42094 1 1 1 1 1 1 1 1 1 1 0 1 1 0 1 1 1 1 1 1 1 1 1 1 1 1 1 1 1 1 1 1 
198 32 3192 0 0 0 0 0 0 0 0 1 0 0 1 0 0 0 0 0 0 0 0 0 0 0 0 0 0 0 0 0 0 0 0 
199 32 40075 0 1 1 1 1 1 1 1 1 1 1 1 1 1 1 0 1 1 1 1 1 1 1 1 1 1 1 1 0 1 1 1 
200 32 31004 1 1 1 0 0 1 1 0 0 1 1 1 1 1 1 0 0 1 1 1 1 1 0 1 1 0 1 1 1 1 0 0 
201 32 23501 1 1 0 0 1 1 1 0 0 1 0 0 1 1 0 1 1 0 1 0 0 0 0 0 0 0 0 1 0 1 0 1 
202 32 34221 1 1 1 1 1 1 1 1 1 1 1 0 1 1 1 0 1 1 1 1 1 1 1 0 1 1 1 1 1 0 1 0 
203 32 39474 0 0 0 1 1 1 1 1 1 1 0 1 0 1 0 1 1 1 1 1 1 1 1 1 0 1 1 1 1 1 1 1 
204 32 22665 1 1 1 0 0 1 0 1 1 0 0 0 1 0 0 1 1 0 1 0 1 0 0 1 0 1 1 0 0 0 1 0 
205 32 31174 1 1 0 1 1 1 1 1 0 0 0 1 1 1 1 1 1 1 1 1 1 0 1 1 1 1 1 0 1 1 0 1 
206 32 22557 1 0 1 1 0 1 1 1 0 0 0 0 1 0 1 1 0 1 1 0 0 1 1 0 1 0 0 0 0 1 0 0 
207 32 42646 1 0 1 1 0 1 1 1 1 1 1 1 1 1 1 1 1 1 1 1 1 1 1 1 1 1 1 1 1 1 1 1 
208 32 36868 1 1 1 1 1 1 1 1 1 0 1 1 1 1 1 1 1 1 1 0 1 1 1 1 1 0 1 1 0 1 1 1 
209 32 37339 1 1 1 1 1 1 1 1 1 1 1 1 1 1 0 1 1 1 1 1 1 1 1 1 1 1 1 1 1 1 1 1 
210 32 20265 0 1 0 1 0 0 0 0 0 1 0 1 0 0 0 1 1 1 0 0 0 0 0 1 0 0 1 1 1 1 0 1 
211 32 41267 1 1 0 1 1 1 1 0 1 1 1 0 1 1 1 1 1 1 1 1 1 1 1 1 1 1 1 1 1 1 0 1 
212 32 17860 0 1 0 0 0 1 0 0 1 0 0 0 1 0 0 1 1 0 0 1 0 0 0 0 0 0 0 0 0 0 1 1 
213 32 21237 0 0 0 0 0 1 1 0 1 0 1 0 0 1 1 0 1 0 1 0 0 1 0 0 1 1 0 1 0 0 0 1 
214 32 37567 0 1 1 1 0 1 1 1 1 1 0 1 1 0 1 1 1 1 1 1 1 0 1 1 1 1 1 1 1 1 1 1 
215 32 42291 1 1 1 1 1 1 1 1 1 1 1 1 1 0 1 0 1 0 1 1 1 1 1 1 1 1 0 0 1 1 1 1 
216 32 40232 1 1 1 1 1 1 1 1 1 1 1 1 1 1 1 1 1 0 1 1 1 1 1 1 1 1 1 1 1 0 1 1 
217 32 24800 1 0 0 1 0 0 1 1 0 1 0 0 0 0 0 1 0 1 0 1 1 1 0 1 1 0 0 0 1 1 1 0 
218 32 40439 1 1 1 1 0 1 1 1 1 1 1 1 0 1 1 0 1 1 1 1 0 0 0 1 0 1 1 1 0 1 1 1 
219 32 17481 1 0 1 0 1 1 0 1 0 0 0 0 0 0 1 1 1 0 1 0 0 0 0 0 0 0 0 1 0 1 1 0 
220 32 25992 1 1 1 0 1 1 1 1 1 1 1 0 0 0 0 0 1 0 0 1 1 1 0 0 0 1 0 1 0 0 0 1 
221 32 29105 1 1 0 0 1 0 1 0 0 1 1 0 0 1 1 1 0 1 0 1 1 0 1 1 0 0 1 1 1 0 1 1 
222 32 37121 1 1 1 1 1 1 1 1 1 1 1 1 0 1 1 1 1 1 1 1 0 0 1 0 1 1 0 0 1 1 1 1 
223 32 36590 1 1 1 1 1 1 1 1 1 1 1 0 1 1 1 1 1 1 1 0 1 1 0 1 0 0 1 1 0 1 1 1 
224 32 36302 1 1 1 1 1 1 1 1 0 1 1 1 1 1 1 1 1 1 1 1 1 1 1 1 1 1 1 1 1 1 1 1 
225 32 29457 1 1 1 1 1 0 0 0 1 1 1 1 1 0 0 1 1 1 1 1 0 1 1 0 0 0 1 1 0 1 0 1 
226 32 41341 0 1 0 1 1 1 1 1 1 1 1 1 1 1 1 1 1 1 0 1 1 1 1 1 1 1 1 0 0 1 1 1 
227 32 35824 0 1 1 0 1 0 1 1 1 1 1 0 0 0 1 1 1 1 1 1 0 1 1 1 0 1 1 0 1 0 0 1 
228 32 40786 0 1 1 1 1 0 1 1 1 1 1 1 1 1 1 0 1 1 1 1 1 1 1 1 1 1 1 1 0 1 1 1 
229 32 28642 1 0 0 0 0 1 0 1 0 1 1 0 1 0 0 0 0 0 0 1 0 1 1 1 0 1 1 0 1 1 1 0 
230 32 27438 1 1 0 1 1 1 0 0 0 0 1 0 0 1 0 0 1 0 0 0 1 1 1 1 1 1 0 0 0 1 1 1 
231 32 29992 1 1 1 0 0 1 1 1 0 1 0 1 1 0 0 0 1 1 1 0 1 1 0 0 0 1 0 1 0 0 1 1 
232 32 31692 1 1 0 1 1 1 1 0 0 0 1 0 0 1 1 1 0 1 1 1 1 1 1 1 1 1 0 1 1 0 1 1 
233 32 13443 1 1 1 0 0 0 0 0 0 1 0 0 0 1 0 0 0 0 0 0 1 0 0 1 0 0 0 0 0 0 1 1 
234 32 33095 1 1 1 1 1 1 0 1 1 0 0 1 1 0 1 1 1 1 0 0 1 1 1 0 1 1 1 1 1 1 1 1 
235 32 33333 1 1 1 1 1 0 0 1 1 1 1 1 1 0 0 1 1 0 0 1 1 1 0 1 1 1 1 1 1 1 0 1 
236 32 30670 1 1 0 0 0 0 1 0 1 0 0 1 1 1 1 1 1 0 1 1 1 1 1 0 0 1 1 1 1 1 0 0 
237 32 29973 1 1 0 1 0 1 0 0 0 1 1 1 1 1 1 1 0 0 1 1 0 1 0 1 1 0 1 1 1 1 0 0 
238 32 37394 1 1 1 1 1 1 1 1 1 1 1 1 1 1 1 1 1 1 1 1 1 1 0 1 1 1 1 1 1 1 1 1 
239 32 35411 1 1 1 1 1 1 1 1 1 1 1 1 1 0 1 1 0 1 1 0 1 1 1 1 1 1 1 1 1 1 1 1 
240 32 39107 1 1 1 1 1 1 1 1 1 1 1 0 1 1 1 1 1 0 1 1 1 1 1 1 1 1 1 1 1 1 1 1 
241 32 15535 0 0 0 0 0 0 0 1 1 1 0 0 1 0 1 0 0 0 1 0 0 1 0 1 0 0 1 0 0 0 1 1 
242 32 19987 0 1 0 0 1 0 1 1 0 0 0 1 1 1 0 1 1 1 0 1 0 0 0 0 1 1 1 0 0 0 1 1 
243 32 10424 0 0 0 1 0 0 1 1 0 0 0 0 0 0 0 0 0 0 0 1 0 1 0 0 0 0 0 0 0 0 0 0 
244 32 42436 1 1 1 1 1 0 1 1 1 1 1 1 1 1 1 1 1 1 1 1 1 1 1 1 1 1 1 0 1 1 1 0 
245 32 18172 1 0 1 0 0 1 0 1 0 0 1 0 1 1 0 1 0 1 0 0 1 0 0 0 1 1 0 0 0 0 0 0 
246 32 43175 1 1 1 1 1 1 1 1 1 1 0 0 1 1 1 1 1 1 1 1 1 1 1 1 1 1 1 1 0 1 1 1 
247 32 28939 1 1 1 1 1 0 0 0 1 0 1 1 1 1 1 1 1 0 0 1 1 0 1 1 1 1 1 1 1 1 0 0 
248 32 34600 1 1 1 0 0 1 1 0 1 0 0 1 1 0 0 1 1 1 1 0 1 0 1 1 1 0 1 0 0 0 1 1 
249 32 38051 1 1 1 1 1 1 0 1 1 0 1 0 0 0 0 1 1 1 1 1 1 0 1 1 0 0 1 0 1 1 1 1 
250 32 43351 1 1 1 1 1 1 1 1 0 1 1 0 1 1 0 1 1 1 1 1 1 0 1 1 1 1 1 1 1 1 1 1 
251 32 13913 0 0 1 1 1 1 0 0 1 0 0 0 0 0 1 1 0 0 0 0 0 1 0 0 0 0 0 0 0 0 0 0 
252 32 27891 0 1 1 0 1 0 0 0 1 0 1 0 1 0 1 1 1 1 0 0 0 1 1 1 1 1 0 0 1 0 1 1 
253 32 34409 1 0 0 0 0 1 1 0 1 1 1 1 1 1 1 0 1 1 0 1 1 1 0 0 1 1 1 0 1 1 1 1 
254 32 29025 0 1 0 1 0 1 1 0 1 1 0 0 1 1 0 1 1 0 1 1 1 0 1 1 0 0 0 0 1 1 0 0 
255 32 12122 0 0 1 0 1 0 1 1 0 0 0 0 0 1 0 0 0 0 0 0 0 0 0 1 0 0 1 0 0 0 0 1 
256 32 16432 0 0 0 0 0 1 0 0 0 1 0 0 0 0 1 0 1 0 0 0 1 0 0 1 0 0 0 1 0 1 1 1 
257 32 31913 1 1 0 0 1 1 0 1 1 1 0 1 1 1 1 1 0 1 0 1 1 0 1 0 0 0 1 1 1 1 1 1 
258 32 35164 1 1 1 1 1 1 1 1 1 0 0 1 1 0 1 1 1 1 1 1 1 1 1 1 1 1 1 1 1 1 1 1 
259 32 23514 1 1 0 0 1 1 0 0 1 0 1 1 0 1 1 0 0 1 0 0 0 0 1 1 0 0 0 1 1 1 0 0 
260 32 32468 1 0 0 1 0 0 1 0 1 0 0 1 1 0 0 1 1 1 1 1 1 1 1 1 1 1 0 1 0 1 0 1 
261 32 26389 0 0 0 0 1 0 1 1 1 1 1 0 0 0 0 1 1 1 1 0 1 1 0 1 0 1 0 0 0 1 0 1 
262 32 38289 1 1 1 1 1 1 1 1 1 1 1 1 1 1 1 1 1 1 1 0 1 0 1 1 1 1 1 1 1 1 0 1 
263 32 22280 0 1 0 0 1 1 1 1 0 0 0 0 0 1 1 0 1 0 1 0 0 0 1 0 0 1 1 1 0 0 1 1 
264 32 26280 1 1 1 1 1 1 0 0 1 0 0 0 0 0 1 0 0 1 0 1 1 1 1 0 1 1 0 0 1 1 0 0 
265 32 26557 0 0 0 1 0 0 0 1 0 1 0 1 0 1 1 0 0 1 0 0 0 1 1 1 0 0 0 0 1 1 1 1 
266 32 9115 0 0 0 0 0 1 0 1 0 0 0 0 0 0 1 0 1 0 0 0 0 0 0 0 0 0 0 1 0 0 0 1 
267 32 27934 1 1 0 1 0 1 1 1 0 1 0 1 1 1 1 1 1 1 1 0 1 0 1 0 1 0 1 1 1 0 0 1 
268 32 35365 1 1 1 1 1 1 1 1 1 1 1 1 1 1 1 1 1 1 0 1 1 1 1 1 1 0 1 0 1 1 1 1 
269 32 14761 0 0 0 0 0 1 0 0 0 1 0 0 1 0 0 0 0 1 0 0 0 1 0 0 0 0 1 1 0 1 0 0 
270 32 20318 0 1 0 0 1 0 1 1 0 0 0 1 1 0 1 0 1 0 1 0 0 1 0 0 0 0 1 0 1 0 1 0 
271 32 34850 1 0 1 1 0 1 1 1 0 0 0 1 1 1 1 1 1 1 1 1 1 1 1 1 0 1 0 1 1 1 0 1 
272 32 41711 1 1 0 1 1 1 1 1 1 1 0 1 1 1 1 1 0 1 1 1 1 0 1 1 1 1 1 0 1 1 1 1 
273 32 20016 0 0 1 0 0 1 0 1 0 0 0 0 1 0 1 1 1 1 1 0 0 0 0 0 0 0 0 1 1 0 0 1 
274 32 30819 0 1 0 0 0 1 1 0 0 1 1 1 0 0 1 1 1 1 1 0 0 1 1 1 1 0 0 1 0 0 1 0 
275 32 34926 0 1 1 1 0 0 0 1 1 1 0 1 1 1 1 1 1 1 0 1 1 1 0 1 0 1 0 1 0 1 0 1 
276 32 38447 1 1 0 1 1 1 1 1 0 0 1 1 1 0 1 1 0 1 1 1 1 1 1 0 1 1 1 1 0 1 1 0 
277 32 26456 1 0 0 0 1 1 1 0 1 1 1 1 1 1 1 1 0 1 0 1 1 1 1 1 1 1 0 1 1 0 0 0 
278 32 41079 1 1 1 1 0 1 1 0 1 1 1 1 1 1 1 1 1 1 1 1 1 1 1 1 1 1 1 1 1 0 1 0 
279 32 38248 0 1 1 0 1 1 1 0 0 1 1 0 1 0 0 1 1 1 1 1 1 0 1 1 1 1 1 0 1 1 1 1 
280 32 36805 1 1 1 1 1 1 1 1 1 1 1 1 1 1 1 1 1 1 1 1 1 1 1 1 0 1 1 1 1 1 1 0 
281 32 33200 1 1 1 1 1 1 0 1 1 1 1 0 1 1 1 1 1 1 1 1 1 1 1 1 1 1 1 1 1 0 1 1 
282 32 38762 1 1 0 1 1 1 1 1 1 1 1 1 1 1 1 1 1 1 1 1 1 1 0 0 1 1 1 1 1 1 1 1 
283 32 41402 1 1 1 0 1 1 1 1 1 1 1 1 1 1 1 1 1 1 1 1 1 1 1 1 1 1 1 1 1 1 1 1 
284 32 28801 0 1 0 1 1 1 1 0 0 1 0 1 0 1 0 0 0 1 1 1 0 0 1 0 1 1 1 0 1 1 0 0 
285 32 39314 1 1 1 1 1 1 1 1 1 1 1 0 1 1 1 1 1 1 1 1 1 1 1 1 1 1 1 0 1 1 1 1 
286 32 22256 0 1 0 1 1 1 0 0 1 1 0 1 0 0 1 1 0 0 0 0 0 0 0 0 1 0 1 0 0 0 1 0 
287 32 42857 1 0 1 1 1 1 0 1 1 1 0 1 1 1 1 1 1 0 0 1 1 1 1 1 0 1 1 1 0 1 1 1 
288 32 24751 0 1 0 1 0 1 0 1 1 1 0 0 1 0 1 1 0 0 0 1 1 0 1 0 0 0 0 0 1 1 1 0 
289 32 32502 1 1 1 1 1 1 1 0 1 1 0 1 1 1 1 0 0 1 1 0 1 0 1 0 1 0 0 1 1 0 1 1 
290 32 13961 0 0 1 0 0 0 0 0 0 0 0 0 0 0 1 1 1 0 0 0 0 0 0 0 1 1 0 0 0 1 1 0 
291 32 23790 1 0 0 1 0 0 0 0 0 0 0 0 1 0 1 1 1 0 0 1 0 0 1 1 0 0 1 1 1 0 1 1 
292 32 36374 1 1 1 1 1 1 1 1 1 1 1 1 1 1 1 1 1 1 1 1 1 1 1 1 1 1 1 1 0 1 1 1 
293 32 2433 0 0 0 0 0 0 0 0 0 0 0 0 0 0 0 0 0 0 0 0 0 0 0 0 0 0 0 0 0 0 1 1 
294 32 35224 1 1 0 1 1 1 1 1 1 0 1 1 1 1 1 1 1 1 0 1 0 1 0 1 1 1 1 1 0 0 1 1 
295 32 37496 1 0 1 0 1 1 1 1 1 1 1 0 1 1 0 1 1 1 1 0 0 1 1 1 0 1 1 1 1 1 1 1 
296 32 36540 1 1 1 1 1 1 1 1 1 1 1 1 1 1 1 1 0 1 1 1 1 0 1 1 1 1 1 1 1 1 1 1 
297 32 37523 1 0 0 0 1 1 0 1 1 1 1 1 1 0 0 1 1 1 1 1 1 1 1 1 1 1 0 0 1 1 1 1 
298 32 31687 1 0 0 1 0 0 0 0 0 1 1 0 1 1 1 0 1 1 1 1 1 0 0 1 1 1 1 1 1 1 0 0 
299 32 36550 1 1 1 1 1 1 1 1 1 0 1 1 1 1 1 1 1 1 1 1 1 1 1 1 1 1 1 1 1 1 1 1 
300 32 21899 1 1 1 0 1 1 0 0 0 0 1 0 0 1 1 1 0 0 0 1 0 0 0 1 1 1 0 1 0 0 1 0 
301 32 40950 1 1 1 1 1 1 1 1 1 1 0 1 1 1 0 1 1 1 1 1 1 1 0 1 1 1 1 1 1 1 1 0 
302 32 33856 1 1 1 1 1 1 1 0 0 0 1 1 1 1 1 1 1 1 1 1 1 1 0 1 1 0 1 1 1 1 1 1 
303 32 37510 0 0 1 1 1 1 1 1 1 1 1 1 1 1 1 1 1 1 1 1 1 1 1 1 1 0 1 1 1 0 1 1 
304 32 37328 1 1 1 1 0 1 1 1 0 1 1 1 1 0 1 1 1 1 1 1 1 1 0 1 1 1 1 1 1 1 1 1 
305 32 30688 0 0 1 0 1 1 1 1 0 0 1 1 0 1 1 1 0 1 0 1 0 1 0 1 1 1 0 1 0 0 1 0 
306 32 35697 1 1 1 1 1 1 1 1 1 1 1 0 1 1 1 1 1 1 1 1 1 1 0 0 1 1 1 1 1 1 1 1 
307 32 31475 1 1 1 1 1 0 1 0 0 0 1 1 0 1 1 1 1 1 0 0 0 1 0 0 1 1 0 0 0 1 1 0 
308 32 24149 0 0 1 1 1 0 1 0 0 1 1 0 1 1 0 1 0 0 0 1 0 1 1 1 0 0 0 0 1 0 1 0 
309 32 39423 1 1 1 1 1 0 1 1 0 1 1 1 0 1 1 1 1 1 1 0 0 1 1 1 1 1 0 0 1 1 1 1 
310 32 33836 1 1 1 1 0 1 0 1 0 1 1 0 1 1 1 1 1 1 0 0 1 1 1 1 1 1 0 1 0 0 1 1 
311 32 35004 1 1 1 1 1 0 0 0 1 1 1 1 0 0 1 1 1 0 1 1 0 1 0 0 1 1 1 0 0 1 0 0 
312 32 23458 1 1 1 0 1 0 1 0 1 1 0 1 0 0 0 0 0 0 0 1 1 0 0 0 0 1 1 1 0 0 0 0 
313 32 36509 1 1 1 1 1 1 1 1 1 1 1 1 1 1 1 1 1 1 1 1 1 0 1 1 1 1 1 0 1 1 1 1 
314 32 29874 1 1 1 1 1 1 0 1 1 1 0 0 0 0 1 0 1 1 0 0 1 1 1 0 1 1 0 0 1 1 0 0 
315 32 19274 0 0 1 0 0 0 0 1 1 0 1 1 1 0 0 0 0 1 0 0 1 1 1 0 0 0 0 0 0 1 0 0 
316 32 44273 1 1 1 1 1 1 1 1 1 0 1 1 1 1 1 1 1 1 1 1 1 1 1 1 1 1 1 1 1 1 1 1 
317 32 16208 1 0 0 0 0 0 0 1 1 0 0 0 1 1 1 0 0 0 0 0 0 0 0 0 0 1 0 0 0 0 1 1 
318 32 19701 0 0 1 0 0 1 1 1 0 1 0 1 0 1 0 0 0 0 0 1 1 0 0 0 0 0 1 0 0 1 0 0 
319 32 35188 0 1 1 1 1 1 1 1 0 1 1 1 0 1 1 1 1 1 1 1 1 1 1 0 0 1 1 0 1 1 1 1 
320 32 31635 1 1 1 0 0 1 1 0 1 0 1 1 0 1 0 1 0 1 0 1 1 0 0 1 0 0 1 1 0 0 1 0 
321 32 32993 1 1 1 1 1 0 0 0 1 0 1 1 1 1 0 1 1 1 1 0 1 0 1 1 1 1 1 0 1 1 1 1 
322 32 35607 0 1 1 1 0 1 1 1 1 1 1 1 1 1 1 1 1 0 0 1 0 1 1 1 1 1 1 1 1 1 1 1 
323 32 22559 0 0 0 1 0 0 1 1 1 0 0 1 1 0 0 1 1 1 1 0 1 0 0 0 1 0 0 0 1 1 0 0 
324 32 43938 1 1 1 1 1 1 1 0 1 1 0 1 1 1 1 1 1 1 1 1 1 1 1 1 1 1 1 1 1 1 1 1 
325 32 21502 0 0 0 1 0 0 0 1 1 1 0 1 0 1 1 0 0 0 1 1 0 0 0 1 0 1 0 1 1 0 0 0 
326 32 39535 1 0 1 1 0 0 1 1 1 1 1 1 1 0 0 1 0 1 0 0 1 0 1 0 0 1 1 1 1 1 0 1 
327 32 34513 0 1 1 1 1 1 1 1 1 1 1 1 0 1 1 1 1 1 1 0 1 1 1 0 1 1 0 1 1 0 0 0 
328 32 27271 1 1 1 1 1 0 0 0 1 1 0 1 0 0 1 1 1 1 1 0 1 0 1 0 1 1 1 1 1 0 1 1 
329 32 17031 0 0 0 0 1 0 1 1 1 0 0 0 1 0 0 1 0 0 0 1 0 0 0 1 0 1 1 0 0 0 0 1 
330 32 37530 1 1 1 1 1 1 1 0 0 1 1 1 1 1 1 1 1 1 1 1 1 1 1 1 1 1 1 1 1 1 1 1 
331 32 44792 1 1 1 1 1 1 1 1 1 1 0 1 1 1 1 1 1 1 1 1 1 1 1 1 1 1 1 1 1 1 1 1 
332 32 31490 0 1 1 0 1 0 1 1 0 1 0 1 0 1 1 1 0 1 1 0 1 1 1 0 1 0 0 0 0 1 1 1 
333 32 6707 0 0 1 0 0 1 0 0 0 0 0 0 1 0 0 0 0 0 0 0 0 0 0 1 0 0 1 1 0 0 0 0 
334 32 9759 0 0 0 0 1 0 0 0 0 0 0 0 0 0 0 1 0 1 0 0 0 0 0 0 0 0 1 0 1 0 1 0 
335 32 27425 0 0 1 0 0 1 0 0 1 0 1 1 0 1 0 1 1 0 0 0 1 1 1 1 1 0 0 0 1 1 0 1 
336 32 30019 0 0 1 0 0 1 1 1 1 1 1 1 1 0 0 0 1 1 0 0 0 1 1 1 1 0 1 1 0 1 1 0 
337 32 40101 1 0 0 1 1 1 1 1 1 0 1 1 1 0 1 1 1 0 1 0 1 1 0 0 0 1 1 1 1 1 1 1 
338 32 19911 1 0 0 0 1 1 1 1 1 0 0 0 1 0 0 0 1 0 0 0 0 1 1 0 1 0 0 0 0 1 1 0 
339 32 34099 1 0 1 1 1 1 0 1 1 0 1 1 1 1 1 0 1 1 1 0 0 0 1 1 1 1 1 1 1 0 1 1 
340 32 12221 0 1 0 0 1 0 0 0 0 0 0 0 0 0 1 0 0 0 0 1 1 0 0 1 0 0 0 0 0 0 0 0 
341 32 36091 1 0 1 0 1 0 1 1 1 1 1 1 1 1 1 1 0 1 1 0 1 1 1 1 1 1 1 1 1 1 1 1 
342 32 14009 1 1 0 1 0 0 0 0 0 1 0 0 0 0 0 0 0 0 1 0 1 1 0 0 0 1 0 1 0 1 0 0 
343 32 40604 0 1 1 1 1 1 1 1 1 1 0 1 0 1 1 1 1 1 1 1 1 1 1 0 1 1 1 1 1 1 1 1 
344 32 34233 1 0 1 0 1 0 1 0 1 1 0 0 0 0 1 1 1 1 1 1 1 1 1 0 1 1 1 0 1 0 0 1 
345 32 31965 0 1 1 1 1 0 1 0 0 1 1 0 1 0 1 0 0 1 1 1 0 0 1 1 1 1 1 1 1 0 0 0 
346 32 6252 0 0 0 0 0 0 0 1 0 0 0 0 0 0 0 0 0 0 1 0 1 0 0 0 0 0 0 1 0 0 0 0 
347 32 9947 0 1 1 1 0 1 0 0 1 0 0 1 0 0 0 0 0 0 0 0 0 0 0 1 0 0 0 0 1 0 0 0 
348 32 37408 1 1 1 1 1 1 0 1 1 1 1 1 0 1 0 0 1 1 0 1 1 1 1 1 0 0 0 1 1 0 0 1 
349 32 26637 1 1 0 1 0 0 0 0 0 1 1 0 1 1 1 1 0 0 0 0 1 0 0 1 1 1 1 0 1 0 0 0 
350 32 25675 1 0 1 0 1 0 0 0 0 0 0 0 1 1 0 1 1 1 1 1 1 0 0 0 1 0 1 1 0 0 0 1 
351 32 37775 0 1 1 1 0 1 1 1 1 1 1 1 1 1 1 0 1 1 1 1 1 1 1 1 1 0 1 0 1 1 0 1 
352 32 19730 0 1 0 0 0 0 0 1 0 1 0 0 0 1 0 0 0 0 0 1 1 1 1 1 1 1 0 1 0 1 0 0 
353 32 34458 1 0 0 0 0 1 1 0 1 0 1 0 1 1 1 1 1 1 0 1 0 1 1 1 0 1 1 1 1 0 1 1 
354 32 15877 0 0 0 0 0 0 1 0 0 1 0 0 1 1 0 0 1 0 1 0 1 0 1 0 1 0 0 0 0 0 0 0 
355 32 40302 1 1 1 1 1 1 1 1 1 1 1 1 0 1 1 1 1 1 1 1 1 0 1 1 1 1 1 1 0 0 1 1 
356 32 33339 1 1 0 1 1 0 0 1 0 1 1 1 1 1 0 0 1 1 1 1 1 1 0 0 0 1 0 1 0 1 0 1 
357 32 17200 0 1 0 0 0 0 1 0 0 0 1 0 0 0 0 0 1 1 0 1 1 0 1 0 1 1 0 0 0 0 0 0 
358 32 25965 0 1 0 1 1 0 1 0 1 0 1 1 0 1 1 0 1 1 0 1 0 1 0 0 0 1 1 0 0 1 1 1 
359 32 37855 1 1 1 1 1 1 1 1 1 1 1 1 1 1 1 1 1 1 1 1 1 1 1 1 1 1 1 0 1 1 1 1 
360 32 21720 1 1 1 0 1 1 0 1 0 0 1 0 0 0 0 0 1 0 0 0 0 0 0 0 0 1 0 1 0 1 0 1 
361 32 11440 1 1 0 0 0 0 1 0 1 0 0 0 0 0 0 1 1 1 0 0 0 0 0 0 0 0 0 0 0 0 0 1 
362 32 27801 1 1 1 1 1 1 1 0 0 0 1 0 1 0 0 1 0 0 0 0 0 0 1 0 0 0 1 0 1 1 0 1 
363 32 43756 1 1 1 1 1 1 1 0 0 1 1 1 1 1 1 1 1 1 1 1 1 1 1 1 1 1 1 1 1 1 1 1 
364 32 27707 1 1 0 1 1 0 0 1 1 1 1 1 1 1 1 1 1 1 0 1 0 0 0 0 1 0 0 0 0 1 1 1 
365 32 37405 1 1 1 0 1 1 1 1 1 1 1 1 1 1 1 1 1 1 1 1 1 1 1 1 1 1 1 1 1 1 1 1 
366 32 45992 1 1 1 1 1 1 1 1 1 1 1 1 1 1 1 1 1 0 1 1 1 1 1 0 1 1 1 1 1 1 1 0 
367 32 40445 1 1 1 1 1 1 1 1 1 0 1 1 1 1 1 1 1 1 1 1 1 1 1 1 1 1 1 1 1 1 1 1 
368 32 30289 1 1 1 1 1 1 1 1 1 1 1 1 1 1 1 1 1 1 0 1 1 0 1 1 1 1 0 1 1 1 1 0 
369 32 37579 1 1 0 1 1 1 0 1 1 1 1 1 0 1 1 1 0 0 1 1 1 1 1 0 1 1 0 1 1 0 1 0 
370 32 32650 1 0 1 1 1 1 1 0 1 0 0 1 1 1 1 1 0 0 1 1 0 1 0 0 1 0 0 0 1 0 1 1 
371 32 3706 0 0 0 0 0 0 0 0 0 0 0 0 1 0 0 0 0 0 0 0 0 0 0 1 0 1 0 0 0 0 0 0 
372 32 37846 1 1 1 1 1 1 1 1 1 1 1 0 0 1 1 1 0 0 0 1 1 1 0 1 1 1 1 0 1 1 1 1 
373 32 39067 1 1 1 1 1 1 1 1 1 1 1 1 1 1 1 0 0 1 1 1 1 1 1 1 0 1 1 0 1 1 0 1 
374 32 37483 1 1 1 1 0 0 1 1 1 1 1 0 1 1 1 0 1 0 1 1 1 1 1 1 1 1 1 1 1 1 1 1 
375 32 32648 1 0 1 1 1 1 1 1 1 1 1 1 1 1 1 1 1 1 1 1 1 1 1 1 1 1 1 1 1 1 1 1 
376 32 41927 1 1 1 1 0 1 1 1 1 1 1 1 1 1 1 1 1 1 1 1 1 1 1 1 1 1 1 1 1 1 1 1 
377 32 22996 0 1 0 0 0 0 1 0 1 1 0 1 1 1 0 1 0 0 1 0 1 1 0 0 0 0 1 1 0 0 1 0 
378 32 44352 1 1 1 1 1 0 1 1 1 1 1 1 1 1 1 1 1 1 1 1 1 1 1 1 1 1 1 1 1 1 1 1 
379 32 24150 0 0 1 0 0 1 0 1 1 1 1 1 0 1 1 0 1 1 1 0 0 1 0 1 0 1 0 0 0 0 1 0 
380 32 43109 1 1 0 1 1 1 0 1 1 1 1 1 0 1 1 1 1 1 1 0 1 1 1 0 1 1 1 1 1 1 1 0 
381 32 39754 1 1 0 1 0 1 1 1 1 1 1 1 1 1 1 1 1 1 1 1 0 1 0 1 1 1 1 1 1 1 1 1 
382 32 18746 0 0 0 1 0 1 0 0 0 0 1 1 1 1 0 1 0 1 1 0 1 0 0 1 0 0 0 0 0 0 1 0 
383 32 40697 1 1 1 1 1 1 1 1 1 1 1 1 1 1 1 1 1 1 1 1 0 1 1 1 1 1 1 1 1 1 1 0 
384 32 12784 1 1 0 0 1 0 0 0 1 0 1 0 0 0 0 0 0 0 0 0 0 1 0 0 0 0 0 0 1 0 0 1 
385 32 31973 1 1 1 0 0 1 1 1 0 1 1 1 1 1 1 1 1 1 1 1 1 1 0 1 0 0 1 1 1 1 1 1 
386 32 27819 0 0 1 1 1 0 0 0 1 0 1 1 0 1 0 1 0 0 1 1 1 0 0 1 1 1 1 1 1 0 0 1 
387 32 39926 1 0 0 1 1 1 1 1 1 1 0 1 1 1 0 1 1 1 1 1 0 1 0 1 1 1 1 0 1 1 1 1 
388 32 29485 1 1 1 0 1 1 1 1 0 0 0 0 1 1 1 0 1 1 1 1 1 1 1 1 1 1 1 1 1 1 1 0 
389 32 15820 0 0 0 0 0 0 0 1 1 1 0 0 1 0 0 0 0 0 1 0 0 1 1 0 0 1 0 0 1 0 1 0 
390 32 27290 1 0 1 0 0 0 0 1 0 1 0 0 0 0 0 1 0 0 1 0 1 1 1 1 0 1 1 1 0 0 1 1 
391 32 27938 0 1 0 0 0 1 1 0 1 1 1 0 0 0 0 0 1 1 1 1 0 0 1 1 0 0 0 1 1 1 1 1 
392 32 26754 1 0 0 0 0 1 1 1 1 1 0 1 0 1 0 1 1 0 1 1 0 1 1 0 1 0 0 0 0 0 0 1 
393 32 11914 1 0 0 0 0 0 1 1 0 1 0 0 0 1 0 0 0 0 0 0 0 0 0 0 0 0 0 0 1 1 0 0 
394 32 38657 0 1 1 1 1 1 1 1 1 1 1 0 1 1 1 0 1 1 1 1 1 1 1 1 1 1 1 1 1 1 1 1 
395 32 31399 1 1 1 1 0 1 1 1 1 1 1 0 1 1 1 1 1 1 1 1 0 0 0 0 0 1 0 0 0 1 1 1 
396 32 40880 1 1 1 1 1 1 1 0 1 1 1 1 0 1 1 1 1 1 1 1 1 1 1 1 1 1 1 1 1 1 1 1 
397 32 32617 1 1 1 1 1 0 0 1 0 0 0 1 1 1 1 0 1 1 1 1 1 1 0 0 1 0 0 1 1 1 0 1 
398 32 21749 1 0 0 1 0 0 1 1 0 1 1 0 0 0 0 0 1 1 0 0 0 0 0 0 1 0 0 0 1 1 1 1 
399 32 21822 1 1 1 1 1 0 1 0 0 1 0 0 1 1 0 1 0 1 0 0 0 0 0 1 0 0 1 0 0 1 0 1 
400 32 35853 0 1 1 1 1 1 1 1 1 1 0 1 1 1 0 1 1 1 1 1 0 1 1 0 0 1 1 1 1 1 0 1 
401 32 37200 1 1 1 0 1 1 1 0 1 1 1 0 0 1 1 1 1 1 1 1 1 1 0 0 1 0 1 1 1 1 1 0 
402 32 21134 1 0 0 1 1 0 1 0 0 0 0 0 0 0 1 1 1 0 1 1 0 0 1 0 0 0 0 0 0 0 1 1 
403 32 7613 0 0 1 0 0 0 0 0 0 0 0 0 0 0 0 0 0 1 0 0 0 0 1 0 0 0 0 0 0 1 0 0 
404 32 30884 0 1 1 0 1 1 0 1 1 1 0 1 1 1 1 1 1 1 1 1 0 1 1 1 0 0 1 1 0 0 0 1 
405 32 38646 1 0 1 1 1 1 0 1 1 0 1 1 0 1 1 1 1 1 1 1 1 1 1 1 1 1 0 1 1 1 1 1 
406 32 40491 1 1 1 1 1 1 1 1 1 1 0 1 1 1 1 1 1 1 1 1 1 1 1 1 1 1 1 1 1 1 1 0 
407 32 27357 1 0 0 1 1 0 1 1 1 0 0 0 1 1 0 0 1 0 0 1 1 0 1 1 0 1 0 1 0 0 0 1 
408 32 25070 0 1 1 0 1 1 1 1 0 1 1 1 1 0 0 0 0 1 0 0 0 0 1 0 0 1 0 0 0 1 1 1 
409 32 29935 1 1 1 1 0 1 0 0 0 1 1 1 1 1 1 1 0 1 1 1 1 1 1 1 1 1 1 1 1 0 1 1 
410 32 19918 0 0 0 0 1 0 1 1 0 0 1 0 1 0 0 1 1 0 0 1 0 0 1 0 1 1 1 0 0 0 1 0 
411 32 11871 0 0 1 0 1 1 1 0 0 0 0 0 0 0 0 0 0 0 1 0 0 0 0 0 1 0 0 0 1 0 0 0 
412 32 25411 0 0 0 1 1 1 1 1 0 0 1 0 1 0 1 0 1 0 1 0 1 0 1 0 1 1 0 0 0 0 0 1 
413 32 41317 1 1 1 1 1 1 1 1 1 1 1 1 1 1 1 1 1 0 0 1 1 1 0 1 1 1 1 1 1 0 1 1 
414 32 40309 1 1 1 1 1 1 0 1 1 1 1 1 1 1 1 1 1 1 1 1 1 1 1 1 1 1 1 1 1 1 0 1 
415 32 37559 0 1 1 1 1 1 1 0 1 0 1 1 1 1 0 0 1 1 1 0 1 1 1 0 1 1 1 0 0 1 1 1 
416 32 25780 1 0 1 1 0 0 0 1 0 0 0 1 0 0 0 1 0 1 1 0 0 1 0 0 0 0 1 1 0 1 1 1 
417 32 29668 0 0 0 1 1 1 0 0 1 1 1 0 1 1 1 0 0 1 0 0 0 1 1 1 1 0 1 0 1 1 1 1 
418 32 42026 1 1 0 1 1 1 1 1 1 1 1 1 1 1 1 1 1 1 1 1 1 1 0 1 1 0 1 1 1 0 1 1 
419 32 41173 1 1 1 1 1 1 0 1 1 1 1 1 1 1 1 1 1 1 1 1 1 1 0 1 1 1 1 1 1 1 1 1 
420 32 38256 1 1 0 1 1 0 0 0 1 1 1 1 1 1 0 0 0 1 0 1 0 0 0 1 0 1 1 1 1 1 1 0 
421 32 17712 0 1 1 1 1 0 0 1 0 0 0 0 0 0 1 1 0 0 0 0 0 0 1 0 0 0 0 1 0 1 0 0 
422 32 14019 0 1 0 0 1 0 0 1 0 0 1 1 0 0 1 0 0 0 0 1 1 0 0 0 0 0 0 1 0 0 0 0 
423 32 41305 1 0 1 1 1 1 1 1 1 0 0 1 1 1 0 1 1 1 1 0 0 1 1 1 1 1 0 0 0 1 1 1 
424 32 31718 1 0 1 1 1 1 1 0 1 1 1 0 0 1 1 1 1 1 1 1 1 0 0 0 1 1 1 1 1 0 0 1 
425 32 27438 0 1 1 0 0 0 0 1 0 1 1 1 0 1 0 0 1 0 0 0 1 0 0 0 1 1 1 1 0 1 1 0 
426 32 35811 1 0 1 0 0 0 1 1 1 1 1 1 1 1 1 1 0 1 0 1 1 0 1 1 1 1 0 1 1 0 1 1 
427 32 9650 0 1 1 0 0 0 0 1 0 0 0 0 0 1 0 1 1 0 0 0 0 0 0 0 0 0 0 0 1 0 0 0 
428 32 34757 0 0 1 0 1 1 1 1 1 1 1 1 0 1 0 1 1 1 1 0 1 1 0 1 1 0 0 0 0 1 1 0 
429 32 32261 1 1 1 0 1 1 1 1 1 0 0 1 0 1 1 0 0 1 0 0 1 0 1 1 1 0 1 1 1 1 0 1 
430 32 7033 0 0 0 0 0 0 0 0 0 0 0 1 0 0 1 0 0 1 0 0 1 0 0 0 0 0 0 0 0 1 1 0 
431 32 28439 1 0 1 0 0 1 1 1 0 0 1 0 0 1 1 1 0 0 0 1 0 0 0 1 0 1 0 1 1 0 0 1 
432 32 13511 0 1 1 1 0 0 0 0 1 0 0 0 1 1 0 0 0 0 0 0 0 0 0 0 0 0 0 1 1 1 1 0 
433 32 39444 0 0 1 1 1 1 1 1 1 1 1 1 1 1 1 1 1 1 1 1 1 1 1 1 0 1 1 1 1 1 1 1 
434 32 15969 0 0 1 0 0 0 0 1 1 0 0 0 1 1 0 0 1 1 0 0 0 0 0 0 1 0 0 0 0 1 0 0 
435 32 28709 1 1 0 1 0 1 0 0 1 1 1 1 0 0 1 1 1 1 0 1 1 0 0 0 1 1 1 1 0 0 1 0 
436 32 33507 1 1 1 1 1 1 1 1 1 1 0 1 1 1 1 1 1 0 1 1 1 1 1 1 1 1 1 1 1 1 1 1 
437 32 33658 0 1 1 0 1 1 1 1 1 1 1 0 1 1 1 1 1 1 1 1 1 1 1 0 1 1 1 1 1 1 1 1 
438 32 17060 0 1 0 0 0 0 1 1 0 0 0 0 0 1 0 1 0 0 0 1 0 0 1 0 1 1 0 0 1 0 1 0 
439 32 34032 1 1 1 1 1 0 1 1 0 0 1 1 1 1 0 1 1 1 0 1 1 1 1 1 0 1 1 0 0 1 1 1 
440 32 29762 0 1 1 0 1 0 1 0 0 0 1 0 0 1 0 0 0 0 0 1 1 1 1 1 0 1 0 1 1 1 0 1 
441 32 33903 0 1 1 1 1 1 1 1 1 1 1 1 1 0 1 1 1 1 1 0 0 1 0 0 1 1 0 0 0 0 1 1 
442 32 29251 0 0 1 0 0 0 0 1 1 0 0 1 1 1 0 0 0 1 0 1 0 1 1 1 1 1 1 0 1 0 1 1 
443 32 36156 1 1 1 1 1 0 0 1 1 1 1 1 1 1 1 1 0 1 1 1 1 1 1 1 1 1 1 1 1 1 1 1 
444 32 38143 0 1 1 0 1 1 1 1 1 1 1 0 1 1 1 0 1 1 1 1 1 1 1 1 1 1 1 1 1 1 1 1 
445 32 32218 1 1 1 1 0 0 1 1 1 1 1 1 0 1 1 1 1 1 1 0 1 0 0 0 0 1 1 1 1 0 1 1 
446 32 33629 1 1 1 0 0 1 1 0 1 1 1 0 0 0 1 1 1 0 1 1 1 1 1 1 1 0 0 1 1 1 1 0 
447 32 34959 0 1 1 1 1 1 0 0 1 1 1 1 1 1 1 0 1 1 1 1 0 1 1 0 1 0 1 1 1 0 1 1 
448 32 23559 0 1 0 0 0 1 0 1 0 1 0 1 0 0 1 1 0 0 1 0 1 0 0 1 1 1 1 0 0 0 1 1 
449 32 20002 1 1 0 0 0 1 1 0 1 0 0 0 0 1 0 0 1 1 1 0 1 0 0 0 0 0 1 0 0 1 0 1 
450 32 16471 0 0 1 0 0 1 0 0 0 0 0 0 0 0 0 0 0 1 1 1 0 0 0 0 0 1 1 0 0 1 0 1 
451 32 7885 0 0 0 0 1 0 0 0 0 0 1 0 1 0 0 0 0 0 0 0 0 0 0 0 0 0 0 0 0 0 1 0 
452 32 30386 1 0 0 1 1 1 1 1 0 0 1 1 0 0 1 0 1 1 1 1 1 0 0 0 1 0 0 1 1 1 0 0 
453 32 43627 1 1 1 1 1 1 1 1 1 1 1 1 1 1 1 1 1 0 1 1 1 1 1 1 1 1 1 1 1 1 1 1 
454 32 36405 1 1 1 1 1 0 1 1 1 1 1 1 1 1 1 1 1 1 1 1 1 1 1 1 1 1 1 1 1 1 1 1 
455 32 36815 1 1 1 1 1 1 1 1 1 0 1 0 1 1 1 1 1 0 1 1 1 1 1 1 1 0 0 1 1 1 0 1 
456 32 31643 1 0 1 0 1 0 1 0 1 1 0 0 0 1 0 1 1 1 0 1 1 1 0 1 1 1 1 0 0 1 0 1 
457 32 26315 1 1 1 1 0 1 0 1 0 1 0 0 0 1 0 0 0 1 0 1 0 1 0 1 0 1 0 1 0 1 0 0 
458 32 41399 1 1 1 1 0 0 1 0 0 1 0 0 1 1 1 1 1 1 1 1 1 1 0 1 1 1 1 0 1 1 0 1 
459 32 40401 1 1 1 1 1 1 1 1 0 1 1 1 1 1 1 1 1 1 1 1 1 1 1 0 1 1 1 1 0 1 1 1 
460 32 13442 0 1 0 1 0 0 0 1 1 1 0 0 1 0 0 0 0 0 0 0 0 0 0 0 0 1 0 1 0 0 0 0 
461 32 17772 1 0 1 1 1 0 0 0 0 0 1 0 1 1 0 0 1 0 0 0 0 1 0 0 0 1 0 0 1 0 0 0 
462 32 32620 1 1 1 0 1 1 1 1 0 1 1 1 1 1 0 0 1 1 1 1 1 0 1 0 1 1 0 0 1 1 1 0 
463 32 21470 0 1 0 1 1 0 0 0 0 1 0 0 1 0 0 0 0 1 1 0 1 1 1 1 0 1 0 0 0 0 0 1 
464 32 38729 1 0 0 1 1 1 1 1 1 1 1 1 0 1 1 1 1 1 1 1 1 1 0 1 0 1 1 0 0 0 0 1 
465 32 27967 1 0 0 1 0 0 0 0 1 1 1 0 1 0 1 1 1 0 0 0 0 1 1 1 1 1 1 0 1 0 1 0 
466 32 18244 1 0 1 0 0 1 0 0 0 0 0 0 0 0 0 0 1 1 0 0 1 1 1 0 0 0 1 0 0 1 0 1 
467 32 8146 0 0 1 0 0 0 1 0 0 0 0 0 0 0 1 0 0 0 0 0 0 0 0 0 1 0 0 0 0 0 0 1 
468 32 20745 1 0 0 0 1 0 1 0 1 0 1 1 0 0 0 1 0 0 0 0 0 1 0 1 0 1 1 0 1 0 0 0 
469 32 32807 1 1 1 0 1 1 1 1 0 1 0 0 0 1 0 1 1 0 1 1 0 1 1 1 0 1 0 1 1 1 1 1 
470 32 9751 0 1 0 0 0 0 0 0 0 0 0 0 0 1 0 0 0 1 0 0 0 0 1 1 0 0 0 0 0 0 0 1 
471 32 40025 1 1 0 1 1 1 1 1 1 1 0 1 1 1 0 1 1 0 1 1 1 1 1 1 1 0 1 1 1 1 1 0 
472 32 17942 1 1 1 0 0 0 0 1 0 0 1 0 1 0 1 1 0 0 1 1 0 0 0 0 1 1 0 0 0 1 1 0 
473 32 30645 1 1 0 0 0 1 1 0 1 1 1 0 0 0 1 1 1 1 1 0 1 0 1 1 1 0 1 1 0 0 0 0 
474 32 7831 0 0 0 0 0 0 0 1 0 1 0 0 0 0 0 0 0 0 0 0 0 1 0 0 0 0 0 0 1 1 0 0 
475 32 27744 1 0 1 1 1 0 1 1 1 1 0 1 1 0 0 1 0 0 1 1 0 0 0 1 0 0 1 0 0 1 1 0 
476 32 39373 1 1 1 0 1 1 0 0 1 1 1 1 1 0 1 0 1 1 1 1 1 0 1 1 1 0 1 1 0 1 1 1 
477 32 35150 0 1 1 1 1 1 1 1 1 1 1 1 1 1 1 1 1 1 1 1 1 1 1 1 0 1 1 1 1 1 1 0 
478 32 33970 1 1 1 1 0 0 1 0 1 1 1 1 0 1 1 1 1 1 1 1 1 1 1 1 1 1 1 1 1 1 1 1 
479 32 8613 0 0 0 0 0 0 0 0 0 0 0 1 0 0 1 0 0 0 0 0 0 1 0 0 0 0 0 1 0 0 0 0 
480 32 28521 1 1 0 1 1 1 0 0 0 0 0 0 0 0 1 0 1 0 1 1 0 1 1 0 1 1 1 1 1 1 0 1 
481 32 37803 1 0 1 1 1 1 1 0 1 1 1 1 1 1 1 1 1 1 1 1 0 1 1 1 1 0 1 1 1 1 1 1 
482 32 28475 1 0 1 0 0 1 0 0 1 0 0 0 0 1 1 1 0 0 0 1 1 1 1 0 1 0 0 1 1 1 1 1 
483 32 15179 0 0 0 0 0 0 0 0 0 0 1 0 0 0 1 0 0 0 1 1 1 0 0 1 0 0 1 1 0 1 0 1 
484 32 35579 1 0 1 1 1 1 1 1 1 1 1 1 1 1 1 1 1 1 1 1 1 1 1 1 1 1 1 0 1 1 1 1 
485 32 24579 1 0 1 0 0 0 1 1 1 0 0 1 1 0 1 0 1 0 0 1 1 1 1 1 1 0 0 0 1 0 0 0 
486 32 14912 0 0 1 0 0 0 0 0 0 0 1 0 0 1 0 1 1 0 1 1 0 0 0 1 0 0 1 0 0 0 0 0 
487 32 8193 1 0 0 0 0 0 0 1 0 1 0 0 0 0 0 0 0 0 0 0 0 0 1 0 0 0 0 0 0 0 0 0 
488 32 31278 1 1 1 1 1 0 0 1 1 1 0 1 1 0 1 0 1 1 0 1 0 1 1 1 0 0 0 1 1 1 1 1 
489 32 28378 1 1 0 1 1 1 1 1 1 0 1 0 0 1 0 1 1 0 0 1 0 0 0 0 0 1 1 1 0 1 0 0 
490 32 15750 0 1 0 0 0 1 1 0 0 0 1 0 1 0 1 0 0 1 0 0 0 0 0 1 0 1 0 1 0 0 0 1 
491 32 25239 0 0 1 0 0 1 0 0 1 1 1 1 1 1 1 0 0 1 0 0 0 0 0 1 0 1 0 1 1 0 1 1 
492 32 14647 1 1 0 1 0 0 0 1 0 0 0 0 0 0 0 0 0 1 1 0 0 1 0 0 0 0 1 1 0 1 0 0 
493 32 24315 0 1 1 1 0 0 1 1 0 0 0 0 0 0 0 1 1 1 0 0 0 0 1 0 1 1 0 1 0 1 1 1 
494 32 35374 0 0 1 1 1 1 1 0 1 0 1 0 1 1 1 1 1 1 1 1 1 1 1 1 1 1 1 1 1 1 1 0 
495 32 27954 0 0 0 0 1 1 1 0 1 0 0 1 1 0 0 1 0 1 1 1 0 0 0 0 1 0 1 0 1 1 1 1 
496 32 37190 1 1 1 1 1 1 1 1 1 1 1 1 1 1 1 1 1 1 1 1 1 0 1 1 1 1 1 1 1 1 1 0 
497 32 31954 1 1 1 0 0 1 1 0 0 1 1 1 1 0 1 1 0 1 0 1 1 1 0 1 1 1 1 0 1 1 1 0 
498 32 42332 1 1 1 1 1 1 1 0 1 1 1 1 1 0 1 1 1 1 1 1 1 1 1 1 1 1 1 1 1 1 1 1 
499 32 21032 0 0 1 1 0 0 1 0 0 0 0 0 1 0 0 1 1 1 0 0 1 1 0 0 1 0 0 1 1 0 1 1 
500 32 35185 1 1 1 1 1 1 1 1 1 1 1 1 1 1 1 1 1 1 1 1 1 1 1 1 1 1 1 1 1 0 1 1 
