9 25 99 111 2474 75 1431 28 657 151 1002 99 3781 95 2350 97 2403 156 1153 125 105 165 18 232 606 68 823 87 1692 228 738 65 2483 85 792 25 9 237 1418 161 799 234 425 36 708 145 2295 213 135 73 2041 24 145
26 25 376 129 1403 189 1514 8 1 40 1481 9 1387 198 2065 165 1736 87 804 145 1491 250 1916 2 954 232 1878 146 1950 56 130 101 28 159 386 177 2298 63 1957 376 9757 135 541 61 1583 230 1464 123 61 162 1620 47 2278
45 25 8 237 1320 35 442 140 1288 155 976 138 2379 165 2160 63 1422 5 909 85 935 106 828 156 2146 150 1734 173 315 8 1454 78 374 180 461 85 2210 16 2433 63 2217 24 393 155 361 27 739 62 1283 247 2119 97 503
79 25 193 247 745 19 855 171 1846 13 1718 212 149 216 251 154 251 134 636 75 2190 199 1159 119 1620 205 1114 167 264 159 195 159 2432 57 634 32 192 119 617 227 1560 206 1640 174 897 212 2383 116 2064 178 2017 193 5635
90 25 160 176 623 66 2459 52 1152 24 821 120 336 100 333 94 1459 189 903 197 1613 234 769 216 1701 92 987 242 2427 145 1265 33 187 214 2417 113 1572 29 602 70 13 45 2128 212 653 172 2296 160 5473 73 245 231 1867
91 25 719 236 250 34 238 132 2466 163 1640 10 447 82 891 21 859 101 2290 198 777 245 2315 97 34 120 1015 89 1817 28 201 83 11 43 265 72 1383 98 746 42 1521 193 1672 119 1166 719 13432 74 1703 59 862 30 781
142 25 28 154 1410 50 753 6 480 46 1342 104 2287 222 2363 109 1410 16 376 28 2240 82 2489 39 825 101 2463 84 1871 39 1349 138 2067 165 1819 70 1324 246 1636 58 2085 165 540 240 49 248 1555 32 43 152 2243 223 506
153 25 127 250 389 156 1618 30 356 88 644 47 795 194 1300 33 179 86 1609 36 988 148 1395 209 1956 37 105 134 1097 127 3485 231 796 19 1641 131 2327 109 525 200 1078 168 2478 154 1489 139 363 135 2090 130 1943 242 1099
179 25 28 45 716 49 1132 168 1587 127 1281 54 1184 108 79 192 188 153 2386 191 931 161 2 100 2008 247 2329 81 1926 173 1761 74 1188 112 2290 101 2391 28 10612 189 2036 51 1860 121 1850 105 1428 203 2074 29 1261 5 1895
213 25 174 100 864 125 2317 49 651 124 2203 13 310 43 2285 125 1748 102 1916 227 2104 187 522 215 2083 57 212 245 1646 102 2074 22 147 138 1393 185 2163 196 1730 168 2287 207 599 145 244 174 4514 147 1315 55 1427 121 1673
217 25 127 158 1813 135 56 56 1848 144 598 57 986 213 875 190 1810 90 180 133 733 210 2230 159 509 78 2170 183 1783 178 2269 54 886 78 2161 191 1355 219 998 153 252 48 1392 127 4191 54 1853 78 2427 234 824 143 1353
293 25 36 58 2060 189 1161 214 640 18 563 39 1277 11 2246 98 1095 124 1091 63 524 36 4700 177 2210 83 1154 84 1034 184 741 16 2089 66 1664 121 401 67 650 155 1833 183 840 120 2007 214 836 95 1149 55 2048 158 995
475 25 14 169 1128 247 1362 80 1727 225 2480 52 1382 138 2114 32 1310 228 1426 240 2021 7 937 180 2357 28 701 127 1767 36 2164 81 2356 31 1081 89 1803 159 1176 124 64 96 438 92 158 14 1874 207 1849 7 496 37 765
486 25 109 137 2385 230 1810 171 2073 78 466 200 2466 109 4369 216 1108 39 810 129 474 209 2459 239 2198 137 2450 121 146 204 38 174 2046 117 1591 52 476 121 2305 13 1780 243 2144 33 1323 93 1530 137 411 139 165 126 2490
515 25 118 148 1150 82 306 108 2374 169 1328 224 1372 139 482 54 150 143 80 93 84 118 5080 215 2387 52 122 131 722 205 17 171 2103 41 869 56 555 59 485 137 1538 35 2463 57 2454 29 759 54 1261 122 1572 196 7
543 25 19 201 329 24 185 95 1483 200 874 187 820 118 347 116 726 127 1030 6 1078 121 1712 34 957 229 574 136 441 1 1252 74 489 97 1211 222 1755 187 1306 72 1037 19 3413 240 2058 61 860 122 497 234 1530 216 517
569 25 55 177 2496 174 1769 174 1123 147 1875 104 1887 93 1056 120 1435 117 1432 157 218 107 2274 117 1470 59 261 66 1101 151 964 72 291 169 775 55 5848 209 644 80 81 243 1528 184 2048 210 2219 12 1276 130 2448 174 933
570 25 62 68 1617 20 17 69 1399 219 1783 164 2168 109 1757 36 1069 250 1680 219 2111 62 2639 182 2271 96 426 72 160 243 528 95 1154 24 786 167 262 142 1716 127 417 47 2001 95 111 170 2137 193 1492 102 2014 174 1955
633 25 20 203 519 184 597 203 1142 45 2286 119 2293 33 702 176 2386 237 974 166 137 5 1383 185 2170 231 648 71 241 20 4605 23 197 220 1157 24 917 212 983 190 2116 8 1842 143 163 177 1293 83 290 51 1403 36 2038
634 25 149 87 1871 83 1172 42 2280 147 1927 94 2215 102 1080 13 1649 163 1311 163 418 222 2485 114 1462 149 8088 202 1373 108 743 92 410 122 2309 53 1139 139 2495 197 506 184 542 49 1160 148 815 88 918 36 2152 202 476
654 25 41 80 1353 45 1064 114 586 109 422 99 1174 196 460 211 1225 41 16350 100 935 164 871 56 1231 62 1223 6 114 44 1931 155 1031 50 2395 130 956 74 91 75 1143 111 2392 232 2177 7 130 114 2336 5 1994 214 1336
660 25 132 132 3754 127 1867 12 599 88 1984 241 1086 84 2029 170 1649 148 1532 27 768 169 1249 23 1582 245 2093 91 1780 169 1878 37 768 116 2421 171 1457 197 1522 143 1081 246 1322 171 784 222 4 104 2057 137 4 174 1156
680 25 73 122 1610 166 568 172 572 73 2357 190 301 51 243 116 2106 98 779 199 1734 168 824 125 1138 222 1722 52 183 121 440 242 1790 86 1329 69 2228 194 1042 203 28 215 1872 113 2077 117 1527 198 1505 209 526 217 429
706 25 65 28 837 61 739 113 492 5 837 166 171 222 274 230 1010 65 4789 175 11 232 365 98 531 170 1499 70 607 145 2242 75 372 87 737 108 1637 163 449 91 808 234 2151 165 187 234 1527 28 2063 67 1551 108 1774
818 25 67 250 1394 169 826 192 1041 169 414 218 1140 156 1932 104 925 36 287 194 1007 28 870 96 1162 97 1756 162 12 211 1893 75 566 175 1712 227 2190 223 2419 178 2287 45 269 245 8 194 168 107 775 67 2081 225 2071
859 25 82 119 783 229 1177 214 661 29 336 69 773 61 1549 195 518 238 1029 49 659 226 1479 171 14 69 862 75 1049 124 1412 174 1406 159 586 78 878 95 2087 82 2082 135 1280 152 608 122 2158 158 482 143 922 232 1365
961 25 182 66 1416 79 199 114 1305 113 874 220 534 111 371 180 2026 78 234 245 1209 212 1383 123 2466 205 2283 153 326 80 418 18 1629 30 619 124 1083 115 1973 184 2187 149 994 69 165 49 2312 111 1129 182 7834 21 904
1081 25 22 126 148 80 1263 77 1734 28 1296 22 1646 244 955 86 1790 87 1072 17 1272 226 407 147 1435 114 2151 73 2359 176 436 83 1836 82 2269 26 172 139 2444 32 444 61 1156 120 1390 145 2393 47 134 178 125 9 530
1189 25 65 117 1227 50 681 175 2484 148 155 75 1531 65 5070 140 1035 154 1937 165 130 231 2396 33 218 125 316 34 583 78 60 157 1692 97 133 205 898 104 1428 175 1789 230 1828 4 312 103 829 99 1132 230 2203 142 535
1197 25 41 22 1810 67 76 56 1956 161 113 221 1335 24 661 220 95 94 1636 129 2291 79 164 198 1712 39 71 226 201 108 89 56 1158 219 1998 94 892 82 28 156 258 216 1868 211 1395 41 3373 204 486 184 1658 124 2336
1206 25 40 160 2412 140 1531 99 1677 55 1411 135 1113 81 2009 194 1531 134 757 171 629 220 802 163 484 201 1368 148 985 78 939 134 2490 73 554 100 110 167 2143 13 1932 111 1122 231 1844 40 5944 169 457 246 1236 1 1674
1232 25 185 221 1555 113 2089 247 1022 199 1759 214 994 147 1085 180 1851 74 2275 127 416 104 1942 169 823 63 602 144 1127 187 2134 169 2490 89 25 185 4312 191 2203 240 1349 59 321 45 1049 6 109 110 521 135 136 160 1330
1234 25 85 218 2056 160 1770 91 1239 181 35 194 2235 27 1794 221 340 178 1908 186 1575 171 1840 204 307 14 612 53 2024 87 2019 32 2286 75 1282 221 725 85 5647 175 1437 65 302 132 1725 177 1485 152 1691 134 1214 157 70
1338 25 37 63 1852 162 905 161 1438 35 52 37 4750 239 671 15 1926 151 294 193 989 27 683 64 795 86 2258 199 1025 42 1891 33 726 196 423 8 1074 103 581 98 297 26 1001 128 562 36 17 29 125 63 1689 186 136
1341 25 22 65 234 101 2 98 667 179 2458 69 320 141 2118 19 64 98 2142 10 1212 228 1692 155 420 170 813 106 2362 239 1202 22 2666 23 1802 248 171 241 1850 17 528 147 1181 166 1610 62 1648 208 1762 133 823 139 285
1398 25 142 80 2122 17 497 84 1389 10 1326 159 1167 80 1010 222 1581 68 414 142 10989 169 999 1 2201 23 1780 159 1330 163 1302 230 33 145 1299 202 482 74 88 99 805 31 2427 14 1215 63 272 14 1418 195 902 250 199
1401 25 27 174 2467 15 1490 242 233 18 633 1 879 114 2347 238 2040 227 1039 3 616 142 1032 131 45 153 1291 6 2400 201 893 29 339 245 220 51 1895 217 677 143 1984 129 533 27 5544 74 1124 237 630 63 2076 110 441
1428 25 877 48 942 48 156 227 1662 26 384 100 142 133 457 176 77 233 1884 189 1426 233 940 209 1863 190 129 199 485 181 2254 81 1260 150 892 242 84 215 451 201 2194 877 8279 176 1267 127 1199 217 1844 71 637 164 35
1458 25 29 60 2259 113 2098 96 1691 65 1624 104 898 39 2403 170 1973 197 1766 97 53 21 813 225 1242 232 2191 40 549 90 263 197 1749 187 54 179 1251 2 69 11 1697 229 1271 29 4473 26 2104 116 201 150 485 30 723
1484 25 88 223 2290 152 1558 103 165 168 1228 136 1299 108 755 95 1909 146 2013 124 659 239 539 211 386 3 1766 200 115 180 1776 127 1702 112 207 88 3178 141 1083 35 1264 8 61 249 2190 157 687 197 414 160 1628 81 203
1494 25 309 70 754 155 1363 89 69 228 1134 10 1377 185 2351 65 2409 237 2482 240 1067 162 272 69 1382 152 631 166 911 70 804 179 403 187 1613 240 715 201 2019 52 392 88 2435 309 8550 132 1986 15 595 20 935 96 664
1530 25 126 146 1045 21 166 26 1708 27 1214 37 323 223 1502 248 1009 134 905 228 356 213 1687 101 1281 33 2222 131 66 179 2238 53 1536 229 1441 185 569 78 1021 176 2074 115 1444 189 35 95 1583 227 1066 166 2426 126 5665
1531 25 32 92 793 207 771 231 2244 6 1786 198 1094 170 51 7 2403 199 1289 111 555 91 2185 8 1944 209 1339 101 325 240 468 214 505 241 543 175 1890 200 662 247 490 61 924 32 7776 146 1793 172 2382 57 1095 200 1061
1577 25 439 218 1996 107 2093 198 858 1 157 123 1675 136 82 39 1619 131 1047 439 8427 107 2054 177 581 39 175 45 224 201 2020 183 1580 72 1675 177 1160 27 177 159 638 199 329 114 1133 121 477 222 452 151 626 167 1203
1582 25 94 87 290 94 5945 217 447 8 506 119 562 70 1660 119 2279 126 826 146 1501 45 1064 86 2430 210 2055 25 2292 164 2228 54 1911 42 496 152 2270 103 386 26 534 159 2130 161 1862 93 1072 188 1661 128 1595 33 2439
1596 25 19 6 144 104 1785 86 1629 19 1915 114 829 6 605 72 1168 43 1745 24 329 241 2055 79 85 41 2499 72 2399 101 1993 6 805 155 2213 92 1086 204 790 65 788 238 762 189 982 63 613 139 1150 148 2447 220 1239
1689 25 21 193 1021 158 398 225 2193 186 2003 105 1495 6 2269 220 584 220 116 120 1552 11 208 36 1958 76 413 152 1073 250 649 2 106 127 1730 182 265 70 2355 21 7941 47 155 158 1113 246 2143 102 1854 50 237 19 1125
1715 25 53 146 1713 238 2309 242 2341 40 1015 205 2492 78 1476 198 1210 233 1844 81 405 153 1188 4 1819 103 1962 58 2054 122 2184 53 24101 54 2088 233 1060 66 2148 53 1998 91 147 51 1316 99 1865 94 1741 164 2282 192 576
1731 25 366 37 683 220 598 142 1310 152 2155 95 190 55 1870 248 1389 162 950 140 1532 210 191 125 2121 129 992 189 1160 34 1305 163 1309 63 792 233 1487 69 2131 230 1645 124 1208 87 219 110 672 250 368 103 2249 366 7991
1753 25 281 36 1736 281 6649 222 1372 203 1785 88 1625 153 1005 194 2120 80 1893 110 2302 151 10 71 1128 95 1037 118 1251 149 771 121 2184 30 1054 183 1560 121 775 55 1682 78 1349 133 1002 92 1616 167 748 199 1255 212 1259
1771 25 269 187 2038 269 5287 84 1136 226 465 120 1449 75 2226 99 925 233 503 22 614 185 1758 126 1131 186 1362 243 396 88 1488 247 783 162 1763 178 2118 182 2295 200 1231 178 2377 157 239 246 984 152 211 108 2123 236 157
1776 25 69 131 1654 48 318 197 2237 109 1163 231 1383 240 1477 86 967 100 1551 160 2397 226 646 95 1578 184 2256 39 2395 71 983 109 1824 90 991 124 1528 176 809 90 2039 69 4237 120 1264 54 17 203 1583 167 1327 101 652
1786 25 116 217 1868 161 2043 69 109 174 1289 156 1795 31 367 242 2412 59 2188 107 32 68 202 160 606 93 576 116 4301 114 367 136 1009 174 2101 33 1439 178 932 58 360 68 519 234 727 219 1414 212 2451 241 2449 59 291
1807 25 31 182 602 29 1232 207 2028 40 1628 224 152 16 10 61 1605 111 820 6 2364 115 1379 102 2346 201 1665 74 248 75 164 177 1874 145 1943 211 2281 203 148 228 1653 189 1533 157 15 169 2131 242 328 198 1557 31 12214
1874 25 298 298 9993 165 1855 33 1265 222 417 206 2143 28 2187 245 1564 201 1753 186 245 57 1940 207 1017 77 439 245 494 120 97 3 657 182 1645 47 1909 187 1337 58 1945 204 1115 185 2438 225 92 177 244 246 2412 156 1049
1887 25 48 60 76 91 1040 146 2115 78 1705 141 962 227 2172 131 585 235 645 72 1573 239 649 94 2435 185 101 39 1849 87 669 21 1641 114 1533 242 753 166 1644 192 1271 133 1672 182 1932 48 3750 56 1592 44 363 122 1481
1928 25 238 220 1511 6 312 103 2081 67 2220 190 2245 201 1292 107 1781 111 1535 184 1271 227 2368 97 2416 152 1423 2 999 133 1332 196 1264 72 140 238 7885 138 1280 71 2392 163 1214 201 1608 17 1087 108 925 212 57 6 53
1986 25 33 149 1147 46 2176 134 504 97 709 196 1119 59 2296 249 1223 75 1866 148 405 185 2314 45 1274 155 911 33 3818 185 920 36 106 159 1966 69 2268 115 2043 126 922 60 1114 6 1045 144 729 21 2430 91 575 180 220
