20 22 61 150 193 163 1323 174 390 107 1235 184 179 212 647 179 2288 203 2204 93 733 242 571 242 1325 225 1487 116 201 86 1630 172 198 169 140 160 7 81 1078 138 60 61 23619 190 894 5 1936
29 22 34 36 683 214 563 29 289 181 275 202 1614 207 928 249 1097 169 1289 141 1885 152 77 1 391 149 90 139 1974 207 1644 174 863 81 1449 150 2498 192 11 34 2620 188 1457 195 559 13 1002
51 22 6 155 976 138 2379 165 2160 63 1422 5 909 85 935 106 828 156 2146 150 1734 173 315 6 1090 78 374 180 461 85 2210 16 2433 63 2217 24 393 155 361 27 739 62 1283 247 2119 97 503
60 22 90 145 1362 85 457 73 304 19 383 148 841 26 900 190 306 208 779 90 2995 25 832 109 534 39 764 114 2024 212 1712 210 563 213 1216 206 307 25 1021 109 129 196 1651 158 687 106 1545
156 22 50 54 1292 193 1370 225 457 212 1334 50 11800 167 1360 148 1238 213 325 190 402 142 68 113 1275 37 436 234 563 129 1309 214 806 222 142 99 2455 168 2297 32 267 5 1460 7 1652 96 2206
163 22 173 216 546 113 459 22 871 99 53 85 681 33 1345 173 6849 119 2442 84 910 199 2150 248 106 200 209 146 2128 56 14 45 22 73 1000 55 933 33 1729 145 2001 108 2056 125 637 37 187
164 22 265 211 1599 250 692 70 1200 230 1681 122 230 17 54 93 1867 121 1366 36 2345 175 1298 34 156 30 602 94 1595 222 950 208 212 210 39 45 776 156 224 265 5317 76 1316 248 1970 210 357
167 22 216 20 883 19 972 77 1175 19 392 104 1546 216 1391 116 1899 216 4456 131 2443 39 408 119 1232 94 443 103 904 110 1166 110 467 163 104 59 355 37 521 69 1680 215 2436 144 530 146 943
168 22 299 224 1609 299 6153 33 1521 166 101 145 1331 149 2427 242 1873 20 644 165 1134 202 618 247 1242 24 185 31 173 83 719 232 581 112 2305 216 942 213 1154 18 286 24 621 135 1042 105 1658
182 22 65 197 2468 65 3538 93 1104 202 1282 100 1742 142 1477 231 932 158 157 28 495 170 1352 159 698 179 1677 29 573 125 1060 117 882 77 555 92 530 219 2358 232 2244 53 1229 116 1188 41 2232
193 22 129 26 1711 143 1064 225 516 16 17 65 699 134 765 149 718 245 866 139 439 213 635 230 241 248 2458 167 163 164 2219 151 1370 48 2472 152 1827 20 2380 129 6643 211 2092 171 40 61 1157
202 22 100 62 59 87 578 228 486 194 2374 227 793 226 1708 128 362 47 290 129 1819 1 1559 188 2286 161 805 247 1373 177 652 207 2259 129 129 169 447 72 489 100 155900 159 1263 129 532 119 1077
230 22 119 233 224 77 964 178 2427 28 2053 175 30 11 814 209 1021 50 698 161 2084 227 307 94 1666 48 2042 234 2310 119 5062 213 384 144 540 70 1082 182 1484 130 1014 153 1740 107 171 231 1925
253 22 467 95 1666 36 782 106 674 127 642 162 2125 201 422 467 8189 8 405 233 1861 57 1075 84 247 210 2083 85 1138 223 375 60 1686 116 264 218 1762 212 2198 31 282 103 122 53 172 105 2297
262 22 323 218 2155 153 2422 72 744 148 1362 196 943 212 641 92 410 191 96 121 1065 175 1870 236 1306 32 439 144 739 60 1082 131 90 323 4431 169 2171 161 913 207 1268 202 1552 250 2363 210 1847
286 22 55 83 2455 55 2315 57 1309 30 1263 85 691 240 1667 173 2173 134 203 167 490 175 776 142 1187 124 759 57 497 177 1762 40 222 167 1979 167 918 182 1196 50 575 128 1289 185 602 100 1809
295 22 88 178 706 121 2346 171 1008 154 2390 35 515 43 373 177 1295 70 503 50 227 61 2217 245 1541 88 2122 86 901 134 2073 204 820 42 795 88 3198 207 634 115 669 236 2177 156 971 175 1770
336 22 54 143 533 82 2114 165 107 122 861 173 300 248 1244 200 985 50 1321 230 2488 137 1765 94 1378 145 575 62 1257 54 2674 19 941 49 168 201 958 127 2154 15 1511 203 1203 84 1722 236 599
347 22 135 29 721 48 778 47 713 143 1144 165 246 193 927 161 574 74 1386 117 505 114 2078 44 1677 190 1058 103 292 99 1291 135 3356 233 2187 113 292 221 922 242 950 179 1689 188 452 160 1272
398 22 28 237 2429 6 1563 221 1395 32 214 228 1402 113 2224 168 1549 232 1490 232 1730 57 2492 131 1533 61 885 11 1897 168 896 139 631 73 361 138 1594 46 1992 243 1522 165 1621 28 4828 178 471
424 22 62 250 1056 11 594 145 77 205 165 40 18 223 784 115 701 96 114 67 947 210 2239 98 1756 226 1049 242 2285 35 1480 195 405 200 2033 90 1235 7 498 62 3348 56 2002 14 1625 28 1332
454 22 86 186 2393 241 2462 218 1613 106 242 108 766 28 1395 192 315 181 826 197 1571 177 2038 150 944 100 464 143 1560 148 1292 147 461 86 4284 239 2277 121 2285 245 1830 167 247 200 1076 235 1317
456 22 81 125 673 177 1164 192 1987 175 739 29 1171 45 211 196 2147 190 1835 81 3270 168 532 154 1151 111 462 95 1284 247 1867 158 1342 116 728 69 1372 131 1105 144 1617 228 2121 183 1661 173 1895
508 22 172 62 622 103 1766 172 166 47 377 170 2431 239 1230 142 1420 24 658 109 1050 46 733 249 252 128 57 175 1664 36 991 153 1850 172 1929 25 99 231 1643 55 275 11 782 172 4715 2 2092
523 22 88 183 1904 20 756 25 271 188 2355 132 2070 132 1564 36 2330 42 914 111 2403 61 1413 145 1225 50 1067 81 1294 59 1028 167 2012 150 1623 231 1494 245 1659 186 1150 212 786 17 1090 88 5642
561 22 279 230 628 279 10113 63 2473 118 1206 102 424 107 430 41 608 202 2136 86 533 34 1737 205 743 67 523 225 398 145 1313 231 1053 149 1921 186 1927 9 1696 30 1106 48 1740 224 421 153 1041
575 22 7 50 691 98 2494 91 1445 1 1432 237 1021 213 1274 137 984 47 1610 7 10024 160 1217 37 1305 155 266 44 1294 74 1010 117 245 38 559 113 1425 202 154 210 493 173 695 65 889 3 110
577 22 99 205 1178 49 2082 83 726 132 929 176 2108 122 140 99 4206 72 2161 31 646 222 2137 126 1729 93 169 221 976 135 1120 151 854 126 694 234 1543 207 305 11 1630 112 201 177 1455 146 429
639 22 19 117 1618 216 2284 249 1231 210 529 133 2206 108 1723 196 2102 215 263 188 375 143 971 49 984 31 1383 135 2258 19 1726 17 1545 182 304 33 63 191 1478 118 165 41 157 83 663 78 934
646 22 59 219 1783 164 2168 109 1757 36 1069 250 1680 219 2111 59 2511 182 2271 96 426 72 160 243 528 95 1154 24 786 167 262 142 1716 127 417 47 2001 95 111 170 2137 193 1492 102 2014 174 1955
692 22 238 203 1596 142 96 238 526 54 1893 111 694 194 986 77 1148 66 2389 45 562 205 2175 55 1506 238 6516 196 688 169 2302 82 54 196 1197 86 382 76 1143 223 793 238 50 110 1215 134 1286
720 22 786 140 2242 185 2020 135 1723 214 917 93 277 195 634 158 1839 232 1884 98 2310 210 905 129 1256 165 2408 114 1826 220 1261 165 2208 165 1272 121 2101 182 993 105 1001 102 1120 786 11470 169 1399
737 22 40 228 226 32 2049 191 769 40 3976 12 96 30 1039 17 1690 61 1198 166 157 164 1443 111 1765 5 1240 222 1157 130 267 241 1877 167 447 35 1843 75 970 16 302 33 2266 98 1433 200 624
738 22 44 208 2201 248 2249 186 1035 234 1820 100 669 58 1906 63 858 68 508 235 2393 212 1149 43 199 21 2116 11 1224 175 1947 28 1427 64 360 116 234 51 555 104 1646 110 1281 101 1189 44 4433
748 22 123 88 1984 241 1086 123 3498 170 1649 148 1532 27 768 169 1249 23 1582 245 2093 91 1780 169 1878 37 768 116 2421 171 1457 197 1522 143 1081 246 1322 171 784 222 4 104 2057 137 4 174 1156
837 22 91 232 1775 94 2492 81 211 151 2215 71 2241 209 2248 91 8725 84 1085 82 1191 139 1675 198 1360 25 2397 69 2479 65 1337 217 1624 157 1293 159 824 38 652 176 2325 53 1386 24 2340 196 2484
869 22 291 78 712 129 1893 201 365 125 561 231 281 172 1640 62 2270 246 1160 24 43 55 1599 39 2368 79 26 291 8460 28 758 215 1876 150 1910 130 840 136 636 146 1218 149 812 145 2147 74 2172
894 22 89 246 222 153 1206 111 2400 214 1544 140 1225 89 2958 96 1514 66 1107 129 1414 76 279 55 756 59 1184 247 1495 72 1601 222 249 241 10 12 983 53 1762 224 1037 69 1646 186 403 75 1047
900 22 202 52 215 118 1414 180 1303 180 1550 230 223 176 1877 135 862 112 677 202 3558 209 927 211 177 81 1003 161 1425 156 527 209 641 221 2298 181 639 218 71 237 278 97 1137 66 97 138 2431
907 22 33 204 772 81 2337 238 920 6 771 212 1010 123 2484 93 607 169 593 146 456 56 1868 234 2182 98 247 207 1160 98 593 33 4240 55 1332 211 592 180 756 30 708 205 1440 213 676 175 83
909 22 152 212 1068 93 1807 124 1018 227 2165 217 2095 172 661 167 1663 45 125 235 888 169 389 60 497 137 1551 76 185 226 1412 191 1513 127 348 146 1064 210 477 160 89 101 630 148 160 152 2953
933 22 97 171 873 20 2230 207 2408 232 1543 237 430 97 3372 173 2286 144 2099 30 1043 227 1507 110 2304 99 2357 128 441 131 1359 245 278 241 1900 158 2139 100 136 212 1765 160 470 207 1992 27 201
968 22 75 177 656 126 2215 225 141 120 2119 128 1882 42 585 190 511 121 2132 233 313 130 186 75 1937 49 360 93 817 29 749 127 373 133 1740 80 1945 176 1164 238 2023 232 2219 103 151 12 930
1019 22 25 214 630 83 1072 6 2150 65 426 60 2109 237 710 98 345 120 2072 73 1339 187 1057 177 1942 210 930 25 8958 130 793 219 1937 69 1581 87 2329 69 1591 86 497 185 1554 188 1139 247 2028
1028 22 42 73 100 213 2109 241 35 86 1130 219 246 187 1780 99 948 220 2339 248 809 167 2195 188 531 91 338 229 988 52 1404 42 67536 1 1608 55 310 151 1762 203 1459 109 757 118 2119 39 1211
1052 22 78 21 450 188 22 71 1407 194 478 230 1483 29 2353 244 2280 224 1452 143 816 39 313 199 735 52 404 184 1496 52 1417 216 1260 56 312 32 1796 80 1334 142 1743 63 951 24 590 78 4377
1086 22 122 238 2285 131 1516 7 1454 167 1014 56 219 148 2185 191 2253 227 357 198 2019 201 2246 127 1768 6 261 169 928 122 3599 231 157 91 1725 76 629 58 1711 117 749 100 818 86 189 76 752
1131 22 72 97 1427 96 1286 168 2134 120 583 106 684 72 12294 76 1047 75 440 233 442 40 7 152 1483 4 683 216 1657 15 26 169 43 140 1805 183 138 207 1061 112 2146 246 1198 44 381 141 88
1186 22 90 76 2365 85 496 30 26 142 918 191 1708 64 239 164 2133 220 403 216 446 180 426 25 1966 167 801 236 826 176 2462 48 1059 116 442 22 121 132 373 205 1553 90 7077 19 1769 180 356
1227 22 8 235 712 110 1114 58 975 113 1915 40 1053 171 2296 146 355 115 435 38 599 244 1297 232 1027 148 1666 188 2407 8 1409 128 217 185 1608 138 379 5 881 56 1354 244 2316 88 256 228 1417
1260 22 208 224 866 238 1188 190 683 161 1243 48 1733 109 6 126 1350 156 1410 111 1830 63 2030 220 542 42 729 51 2232 222 2157 129 1442 155 621 212 380 87 1563 142 1526 70 254 208 6702 226 1470
1326 22 256 138 619 203 784 4 1781 57 1744 2 416 135 39 136 1362 201 1595 122 1349 244 1475 87 988 142 1343 56 2243 242 1508 142 616 17 1412 154 982 108 825 187 1490 256 7832 238 1623 143 328
1381 22 80 137 2496 163 1766 70 1440 211 1933 29 742 144 2316 180 2488 122 1556 181 973 146 1771 195 1878 99 1224 200 1433 130 390 243 1579 34 1685 211 2479 123 1719 80 3964 234 1243 33 467 236 1243
1382 22 11 25 82 147 2297 14 379 196 195 136 1236 7 2074 240 2439 234 828 103 356 159 2057 89 713 234 342 81 497 110 1646 9 161 142 1839 150 1056 11 3259 241 1300 75 2055 191 839 229 160
1412 22 66 111 1803 68 460 244 768 66 3960 135 558 106 1223 226 2452 108 2293 222 805 216 960 84 48 30 1800 176 1393 184 724 234 300 202 2058 64 1750 157 549 235 1131 201 1963 93 1512 228 117
1437 22 187 63 1011 113 892 171 1440 162 48 184 2323 30 2131 213 2475 105 1612 124 1547 151 712 85 1657 112 748 38 2191 187 6708 104 2332 117 736 55 1973 110 2402 180 288 192 904 97 627 148 1279
1452 22 102 131 1394 22 1119 13 1323 39 1118 86 1878 104 1451 111 2083 237 2323 138 1183 116 838 102 5188 150 1199 160 754 245 1877 220 1760 113 276 223 1540 131 333 240 1422 80 490 15 2484 201 2401
1459 22 82 208 917 225 1654 88 203 176 314 17 675 115 1093 43 804 247 2179 183 764 118 818 68 796 213 2158 182 314 35 30 164 823 82 4634 109 19 31 1752 97 384 54 2166 137 882 21 1431
1464 22 63 127 1533 229 1567 189 1143 135 285 4 1004 247 1389 63 4113 35 2285 107 425 227 1603 29 1361 113 676 125 1359 205 1266 117 1022 141 1033 236 2138 129 739 206 765 242 1310 109 1456 97 2269
1468 22 58 248 1450 105 465 146 24 34 1047 225 1836 239 863 19 1700 58 4306 205 523 217 761 198 1675 154 36 81 1618 81 1193 16 1188 221 609 194 1 116 946 51 195 223 734 132 878 72 2180
1496 22 189 243 759 4 1176 125 2454 227 1209 41 1017 148 828 47 1568 118 2227 223 945 27 866 226 1699 189 6062 38 470 102 714 67 2242 187 802 224 1971 51 321 239 596 141 1739 127 1944 108 428
1514 22 24 222 1756 226 2111 82 1773 138 1554 13 2487 27 1246 45 2225 46 798 110 1121 108 2122 160 109 150 1706 188 1117 123 445 24 4591 73 2314 86 1994 105 132 18 1011 226 1030 204 121 93 1712
1516 22 71 151 669 214 358 46 977 102 2425 217 2411 35 1240 63 1852 162 905 161 1438 35 52 37 2165 239 671 15 1926 151 294 193 989 27 683 64 795 86 2258 199 1025 71 4154 33 726 196 423
1534 22 129 55 51 149 779 245 932 129 4045 237 612 59 2278 157 963 137 614 132 2434 121 475 180 1422 7 165 3 183 116 1863 179 2333 53 1117 177 2428 42 1317 155 1133 120 1117 232 2120 141 152
1543 22 16 129 2417 157 1947 86 2145 105 1128 75 753 3 1602 198 2006 198 2153 212 1215 15 76 40 2437 236 581 16 8544 103 2357 235 140 223 1185 21 188 56 787 29 1519 166 815 151 135 46 1234
1564 22 221 117 1168 247 179 40 1098 45 45 41 2422 246 70 7 517 174 537 207 330 163 1124 195 1297 232 1164 234 725 199 1647 238 24 221 6066 205 1587 192 634 244 1753 167 1669 207 1364 248 455
1657 22 78 102 676 28 1383 183 1729 151 1045 236 1298 75 706 5 1269 238 1856 134 2161 69 286 73 710 78 3852 89 169 127 2068 214 477 197 694 180 5 65 149 159 49 146 1997 67 2030 233 257
1669 22 311 44 94 115 35 184 2455 105 2399 99 1346 124 739 204 1581 174 523 250 1520 39 770 226 388 127 154 107 884 167 676 108 2348 250 321 127 1438 82 990 151 1684 123 1671 311 6140 74 10
1690 22 561 104 2299 224 1699 197 550 149 1281 31 1295 230 2076 62 1799 62 165 198 1261 226 1889 206 1583 561 10901 180 1988 19 684 87 2253 208 59 163 528 244 1622 156 798 111 2157 248 886 120 461
1713 22 54 143 1580 231 1355 97 1960 162 2119 90 252 232 1435 155 1741 203 2334 248 1099 54 2093 148 129 143 1320 189 2392 247 224 170 2478 17 659 108 1111 123 1838 150 1172 115 268 202 374 101 566
1724 22 546 93 1129 151 1869 81 723 151 434 182 932 84 1557 78 182 208 1682 202 1503 43 111 60 1085 113 735 144 34 219 2191 170 1814 197 2212 546 6628 42 434 204 321 203 1159 193 1686 215 562
1750 22 153 92 758 62 764 209 1695 149 1505 172 738 130 387 153 7530 106 443 79 1193 91 1049 47 537 17 1781 191 1625 244 737 106 567 91 1253 35 2434 220 1376 103 1259 230 2219 50 2461 58 303
1779 22 33 58 1491 38 892 212 538 51 1707 78 2085 36 1139 149 1456 49 88 242 214 20 114 240 1867 174 2014 209 1363 93 305 79 1302 43 1551 188 1356 201 1638 23 1131 104 1628 33 1622 158 403
1790 22 168 101 382 24 2070 206 1937 205 56 21 1029 41 1066 18 1070 131 60 115 1929 239 1875 118 2310 184 59 158 440 168 8232 219 1840 156 2482 212 954 26 1880 100 1508 213 2255 77 51 186 1002
1812 22 73 87 477 231 48 73 3518 10 642 142 1214 54 172 84 1264 135 620 184 1501 172 2331 168 428 228 1924 84 324 168 2483 157 232 37 103 230 2472 171 1674 237 2422 184 1126 45 2169 225 1129
1842 22 69 101 1384 121 2213 8 1578 103 127 8 1027 7 1491 132 2235 129 433 104 820 120 1847 51 153 197 1148 169 2011 8 1757 231 959 69 8857 10 1569 190 321 223 1004 145 879 246 786 97 930
1943 22 47 89 996 166 643 145 21 186 1908 41 507 165 1003 101 378 119 1351 124 559 232 344 9 1780 7 1008 146 1713 238 2309 242 2341 47 6768 205 2492 78 1476 198 1210 233 1844 81 405 153 1188
1954 22 37 206 1689 37 4399 135 2233 160 1625 156 1429 109 324 11 1308 144 1923 190 951 86 399 69 23 189 1413 228 2097 58 2136 6 1009 61 771 90 1229 116 559 38 827 170 1306 191 143 174 173
1985 22 23 56 845 180 1966 246 1782 53 1387 135 1084 6 2033 245 905 22 1507 41 1780 237 1133 197 855 44 2012 179 1317 23 651 116 790 23 5948 228 1966 234 133 231 832 64 1959 86 558 8 2069
