120 30 28 51 1731 97 1944 250 2349 89 1030 93 1496 21 1290 109 1877 217 1755 189 1851 179 853 88 7 242 47 62 1025 104 815 28 1914 103 2152 55 1126 46 219 88 985 6 847 69 321 135 1107 235 1188 245 835 91 1987 215 2472 11 1994 28 3952 213 551 2 441
265 30 41 101 2330 112 1095 171 2149 185 2185 47 1602 132 1304 182 1900 244 1197 35 1248 202 2123 243 1877 70 753 73 1574 158 1975 107 907 54 2230 220 2049 241 1349 101 1506 217 1354 99 342 164 1364 134 40 41 17630 188 1724 84 2483 198 1812 55 921 4 1720 151 691
292 30 97 239 1012 196 1281 134 1820 3 2328 88 427 60 475 97 5608 77 878 101 2097 223 973 193 1021 147 1662 133 2185 70 2444 28 1619 54 1400 88 341 128 297 173 1429 71 2024 187 2024 140 1681 86 477 193 453 68 1525 165 308 146 455 174 1862 114 875 110 241
321 30 50 187 361 235 1307 203 1474 184 972 214 339 249 1920 3 11 85 263 60 383 109 854 187 2020 50 33500 236 280 145 1919 190 2290 103 1775 203 1406 204 1955 2 1340 213 1759 158 2454 165 159 211 2480 109 1616 164 764 213 1721 125 403 70 1713 210 1638 191 2309
324 30 72 197 823 72 5652 62 2422 74 2371 127 439 143 903 38 758 174 695 213 1320 76 414 21 2306 66 2456 22 1727 92 1035 146 1446 242 1639 114 2254 48 687 244 871 60 759 32 953 87 1190 127 1395 142 871 131 1096 24 604 160 675 36 755 203 2106 173 1600
346 30 57 127 1818 142 1033 58 957 187 1794 67 2212 24 881 57 4758 229 2267 211 1888 121 2256 181 353 245 2358 156 946 64 605 71 629 205 687 144 1326 128 397 17 884 141 1490 21 956 216 872 152 2007 80 800 25 2270 28 967 177 493 103 1767 25 2087 45 224
352 30 111 122 576 145 1261 136 1365 111 5868 109 1771 191 1416 23 1216 34 160 232 1439 93 1530 134 137 131 2204 132 1015 215 1835 143 1584 89 953 233 661 25 57 38 2472 231 1560 63 2097 176 1718 196 1391 210 2421 187 2352 94 126 228 1922 18 2102 141 985 87 1674
388 30 21 147 176 200 2412 16 1040 13 349 70 1787 73 142 29 1168 3 156 175 2223 130 1355 90 1675 199 1685 200 286 61 990 250 598 239 192 141 718 244 852 21 1365 91 257 160 788 185 972 151 818 81 718 101 1233 35 1626 114 974 183 492 74 1849 117 2073
410 30 26 185 1514 16 903 34 1290 201 2198 73 1478 26 3506 152 1191 60 2198 167 2219 17 2293 15 72 222 1507 232 826 58 1164 43 684 138 1404 127 1605 79 530 110 365 82 437 108 134 135 1814 89 295 39 619 148 1130 103 1987 236 554 169 751 28 1397 65 2253
415 30 97 217 1768 54 1152 165 1887 247 495 46 1133 135 2314 133 629 159 1207 153 2093 101 698 241 2048 44 1276 136 1441 96 1042 52 662 38 743 194 1051 50 1361 201 819 35 1909 97 5290 226 726 37 562 244 1320 108 72 99 373 17 1417 168 2274 101 2278 202 1624
423 30 59 208 893 130 2195 197 953 139 1828 247 59 190 133 82 2463 227 190 53 535 233 544 56 1780 134 2289 51 795 80 1684 202 278 227 1774 219 2135 198 1091 1 881 59 3517 156 1937 132 91 220 872 63 1390 213 767 204 643 18 1073 108 2193 5 1495 217 113
432 30 53 220 1666 199 829 171 2468 207 2358 154 1665 154 694 59 414 102 1200 108 1901 53 2423 164 1770 42 625 203 351 62 147 179 59 161 1455 151 1899 211 757 115 913 183 1404 123 2037 50 2286 109 1155 145 796 82 1346 70 1056 196 154 132 14 127 292 146 2103
455 30 267 69 2405 267 8508 234 168 92 356 207 225 42 368 245 150 140 1135 196 409 191 614 13 88 5 1196 57 400 40 773 67 2135 125 2257 250 265 101 1940 137 627 121 2470 139 964 249 2164 101 1518 176 1399 93 1943 102 1185 52 1959 239 153 182 1673 121 184
490 30 344 182 1301 49 1370 173 2269 153 2064 56 2181 53 8 344 8238 152 1041 106 1306 159 737 134 1979 33 1558 40 958 138 1349 196 2143 54 838 84 1342 246 849 229 96 218 141 145 196 231 894 46 257 189 1804 61 35 162 1512 62 27 46 246 82 2079 230 610
528 30 53 166 655 145 1702 136 1430 53 4374 11 908 47 803 230 2151 189 1452 185 2416 248 537 231 274 194 259 193 95 126 730 219 517 9 1614 87 708 192 1116 49 876 45 2157 43 740 133 2262 26 750 36 396 184 787 118 727 42 275 226 2120 34 1536 232 679
623 30 430 43 2290 199 575 178 422 187 2107 176 2499 89 977 149 2179 166 1827 13 1091 232 1481 59 2004 71 1049 146 1904 175 29 103 1016 161 251 66 2260 132 462 152 890 191 873 139 1160 207 2275 430 13916 115 1148 115 1133 199 765 94 1429 46 1712 77 2492 36 1905
764 30 30 196 872 97 2306 247 1634 119 990 85 2359 37 1329 200 2286 15 695 249 1043 30 29220 234 1879 54 1842 236 2470 127 806 117 1390 216 1370 230 824 233 31 121 1151 146 1710 243 2270 87 882 153 595 2 1948 164 2492 40 1958 122 2143 104 1028 72 1598 41 761
778 30 35 30 1774 162 151 136 1184 106 1935 215 2229 232 788 113 1506 48 1165 198 40 28 1904 35 2380 39 164 181 750 71 881 213 2410 155 1138 220 228 77 2490 149 2395 178 1606 241 822 81 426 33 127 99 1141 77 912 116 1068 116 1433 35 369 155 1934 221 2384
905 30 78 4 400 145 1647 233 841 176 1118 62 142 180 422 217 12 137 549 191 961 117 949 163 1570 159 2208 78 3312 235 712 110 1114 58 975 113 1915 40 1053 171 2296 146 355 115 435 38 599 244 1297 232 1027 148 1666 188 2407 58 2463 128 217 185 1608 138 379
993 30 13 153 1431 128 618 197 308 223 2023 7 363 182 649 199 668 2 379 155 2193 134 1016 233 1351 160 2335 3 182 115 1957 9 1526 13 2204 86 2199 173 2376 194 1316 204 788 246 1141 174 276 182 1239 60 1579 48 2221 119 1898 25 1787 127 430 99 1395 129 1807
997 30 114 6 300 78 1948 201 637 237 1280 174 1375 66 658 246 1304 81 133 124 946 130 478 149 2067 126 1537 147 2484 152 1872 22 1420 150 1136 250 1828 232 683 164 2172 80 491 47 933 84 1750 245 2106 198 1213 47 1747 249 1257 240 333 79 65 165 2337 114 4237
1012 30 30 55 1030 104 2303 114 43 248 115 56 945 151 1474 246 284 115 1966 210 390 61 1772 67 857 30 5317 116 346 121 1589 172 565 94 337 189 1909 10 2424 40 1541 55 2461 115 2361 91 1887 123 213 113 1221 1 564 90 1030 82 2494 12 2127 53 610 223 1187
1099 30 10 205 2086 222 1368 190 923 157 292 135 93 144 637 168 176 6 2324 233 87 236 1788 27 547 234 1811 65 1881 49 1398 180 2038 10 3873 221 756 121 91 153 2415 32 265 197 1377 135 1029 75 1218 90 2294 175 807 216 1095 63 167 135 1639 11 1349 137 702
1151 30 34 66 788 125 1088 118 562 168 1906 207 1685 96 1240 45 445 163 88 40 1165 245 1642 29 382 230 2499 83 552 167 395 157 1786 136 161 162 308 58 1776 102 1884 141 269 240 164 34 1225 236 913 197 323 23 829 84 1393 189 117 97 1472 147 1295 54 1597
1200 30 80 112 1228 202 799 226 2065 67 1683 218 773 98 1716 79 2230 243 819 53 500 70 1753 243 1640 152 2359 103 614 159 1720 89 19 158 1854 209 2445 192 815 12 42 191 21 140 1194 19 1610 80 6778 94 193 200 695 10 7 171 878 78 335 164 1135 20 496
1213 30 181 39 1686 181 7670 120 1616 35 716 34 2403 84 2443 208 2082 64 1235 90 2214 23 351 125 445 121 1996 213 1316 37 405 62 1359 154 2310 180 2047 94 1261 249 193 220 1965 154 2400 209 486 234 2233 166 298 69 765 229 2171 81 441 53 2246 146 1007 146 2175
1271 30 5 183 904 22 1290 85 456 172 97 49 1598 136 1675 98 2071 186 2086 203 2248 85 2242 146 676 120 233 89 1328 79 1936 62 1372 228 1727 232 1178 231 1909 15 2025 4 2483 14 1406 103 1099 11 1182 39 895 52 1115 5 3103 179 1401 7 935 209 963 233 2019
1335 30 471 81 1550 222 914 109 2036 79 645 79 2380 77 1890 99 626 62 1387 115 1473 245 2196 124 20 36 1153 25 553 191 271 109 315 150 2238 130 2295 250 1846 138 445 241 764 204 2126 59 1627 200 2325 471 11560 67 2498 167 1645 152 2199 60 1581 200 2137 107 1922
1352 30 41 62 1112 237 1996 84 1391 104 1262 176 1072 250 2023 122 2000 6 1205 197 68 105 1024 85 1063 161 738 104 139 123 946 9 2100 124 2312 167 817 232 363 41 8234 154 293 122 1542 63 1553 169 1645 195 1006 122 738 86 1926 104 1164 250 958 193 2490 64 934
1354 30 37 37 1073 61 1815 37 3609 208 1234 221 1883 131 1458 188 901 235 522 92 1489 103 664 196 2045 227 598 104 904 127 1572 91 187 153 425 130 872 233 1422 209 2030 62 1900 21 2091 245 1931 19 612 11 1073 152 927 167 1825 170 1249 68 438 152 1372 49 1270
1538 30 117 207 99 232 1559 210 1971 161 1013 235 2303 166 1945 19 513 66 326 203 1624 169 1782 34 1730 31 177 160 1632 202 2471 126 678 159 1235 106 1788 183 1834 178 1488 182 2133 154 2191 76 117 230 844 117 3159 107 1849 119 1200 85 297 188 820 119 1024 190 1736
1546 30 19 187 792 15 798 132 2178 117 1535 115 2499 63 372 77 849 217 1309 6 1725 199 1519 97 1978 248 1102 214 914 19 5462 177 1938 78 759 177 2481 216 742 231 532 203 1059 114 924 203 508 88 766 85 2302 6 1947 151 1559 107 30 242 2374 210 1394 150 900
1562 30 71 199 1764 218 1458 52 505 223 1055 96 1248 134 1797 79 596 44 1248 115 835 96 1787 135 169 100 1673 188 914 67 882 210 52 133 440 49 1315 109 1459 30 107 235 545 57 1310 208 2078 122 646 241 2350 17 597 40 1829 152 785 248 1319 207 1771 71 3246
1572 30 82 18 1336 240 873 83 2461 182 35 154 1356 127 1170 131 568 209 1479 207 362 225 1239 192 352 33 1746 85 1914 224 1200 118 1571 233 244 92 576 236 81 194 520 144 1532 24 1694 213 2195 172 933 245 2244 204 1237 50 1737 23 1753 44 539 82 5787 250 1232
1603 30 213 170 2344 101 327 43 1495 159 901 233 529 39 447 137 2061 152 1023 81 682 95 1177 207 1953 2 1729 233 1751 128 1798 199 2082 213 7405 66 1058 43 2013 233 1924 52 2079 83 838 186 739 92 900 117 206 31 407 156 1276 78 1399 226 1512 68 2016 78 929
1681 30 72 172 484 72 1530 191 2376 52 431 184 2070 66 1420 229 1024 113 2099 17 2396 143 2331 193 2120 96 1857 82 963 58 250 50 384 80 670 230 2470 171 2033 238 2051 136 453 202 655 58 1473 246 181 53 1292 248 962 190 1933 103 766 250 1942 168 1279 72 10147
1713 30 6 139 657 119 267 72 675 21 158 121 1251 171 2192 43 295 6 2985 70 1952 131 2143 141 1242 97 1373 113 1830 181 2290 242 1047 231 358 4 1990 129 1755 107 1949 178 1308 37 743 120 940 36 848 116 2133 209 549 250 326 46 595 68 179 119 50 144 1107
1738 30 90 179 981 123 257 168 177 79 2090 181 2355 227 835 70 2411 66 413 246 307 147 323 213 910 88 1065 130 993 228 595 65 595 131 992 164 178 51 1359 35 1639 180 1165 50 1909 175 1663 178 1479 25 1201 5 1062 117 2025 135 1311 206 178 130 833 90 4214
1739 30 97 45 1937 217 2386 211 2286 146 2469 175 723 102 700 203 248 13 1542 86 1170 227 2376 12 564 75 1262 116 448 97 4175 214 1018 80 68 236 1566 153 735 156 1128 76 68 159 1866 227 1069 179 731 107 1351 158 2374 171 1165 62 1829 250 1905 114 508 107 357
1740 30 109 49 1142 149 1549 179 772 165 2499 205 1146 75 2068 73 2018 65 303 89 474 190 1671 212 252 224 1021 17 1122 113 1788 109 4193 101 966 248 1337 54 1375 42 1616 111 1899 181 421 220 525 192 1239 173 2300 112 102 186 1010 121 770 213 2433 92 1032 34 811
1959 30 43 226 1150 48 547 160 1316 162 1489 249 1554 124 2000 163 2316 84 2117 98 2130 24 353 222 607 107 254 76 2215 173 1238 101 1050 79 369 207 1651 129 1000 155 2211 76 419 43 75422 1 1754 67 1061 110 2250 165 1100 81 2478 76 1618 57 256 37 747 77 2300
