1 4 46 36 3 43 1129 202 94 46 1207
5 4 243 122 1525 23 1003 136 221 243 3037
6 4 11 11 2256 8 1641 234 1299 84 324
8 4 150 150 8360 42 2341 15 2081 208 174
12 4 93 17 863 18 675 163 1584 93 3487
18 4 102 81 2453 102 3088 55 250 161 979
19 4 418 234 1256 79 2319 418 6384 110 1680
20 4 457 236 2414 52 504 144 2001 457 4674
21 4 53 17 2098 53 6540 121 254 194 1931
22 4 141 141 1891 227 240 217 1597 103 1382
24 4 235 235 11186 152 161 25 1190 47 2260
25 4 572 196 1585 173 1188 572 3927 193 329
26 4 217 217 10802 16 958 237 663 32 1593
27 4 279 66 1990 71 1086 169 108 279 4267
28 4 106 230 580 106 12485 220 810 14 1649
29 4 219 219 3076 203 1643 61 857 29 1496
33 4 113 113 5474 47 2277 219 1382 106 461
34 4 137 57 748 116 556 137 4834 55 1941
35 4 64 64 7649 19 2271 80 1657 230 2147
36 4 89 20 751 89 1630 25 458 178 1277
38 4 116 17 2017 26 1397 116 6232 134 557
40 4 262 21 309 262 3855 123 2001 206 176
41 4 65 13 2024 206 1004 117 1134 65 10120
45 4 359 82 1244 106 1971 110 1751 359 5446
46 4 116 22 685 30 1107 116 3611 144 274
47 4 250 151 1002 59 2197 250 6193 97 2403
48 4 62 116 1249 11 1646 2 2320 62 9277
50 4 75 1 2362 142 1605 75 177150 43 355
53 4 212 212 4404 250 810 2 1968 108 2244
54 4 209 65 523 158 244 209 1681 165 17
55 4 403 108 1934 79 809 403 4126 1 517
56 4 269 135 1222 18 373 134 1764 269 3541
58 4 117 224 2187 118 963 70 2090 117 3493
59 4 306 81 1912 183 483 36 1614 306 7223
62 4 322 169 1916 322 3508 240 469 57 621
66 4 133 43 2245 13 2126 133 6943 102 250
67 4 365 174 1097 365 4096 99 375 184 2065
75 4 259 259 6970 70 1884 36 338 108 682
77 4 387 136 2417 88 1532 9 1149 387 6737
78 4 431 144 91 34 1414 431 4362 215 2176
80 4 131 158 1234 169 1127 23 1548 131 8816
84 4 43 149 439 33 1872 89 710 43 2439
86 4 155 155 8430 36 1958 174 1263 66 575
87 4 218 115 767 218 3770 226 90 132 2283
89 4 244 244 1354 167 927 227 570 140 141
93 4 130 204 2368 130 4864 153 305 31 1160
94 4 244 135 1211 83 142 244 2188 42 699
96 4 436 150 193 163 1323 436 3538 107 1235
97 4 156 18 2115 65 1786 156 4286 221 929
98 4 283 242 571 283 1870 225 1487 116 201
99 4 85 85 7178 20 1689 14 1593 1 806
100 4 7 138 60 7 2710 190 894 5 1936
101 4 494 494 6154 142 1769 160 2418 2 1631
103 4 40 144 2478 40 17186 162 1240 3 1289
105 4 322 236 701 184 2173 322 3802 191 60
106 4 314 314 4266 75 1019 145 2229 192 334
108 4 304 158 2326 304 4475 34 1171 219 2267
110 4 33 33 2464 149 92 25 1867 78 1981
112 4 103 138 1063 234 741 42 2413 103 5917
113 4 314 250 34 96 2097 314 3668 120 1402
115 4 377 61 2480 34 759 112 2164 377 7284
116 4 129 21 1163 161 840 21 2050 129 7144
117 4 405 234 386 250 2069 405 4480 221 2445
122 4 290 4 1913 246 1026 115 2249 290 5671
123 4 251 45 1960 251 10052 36 2273 41 1642
124 4 58 16 2120 58 7685 169 543 105 731
125 4 322 124 492 126 1975 322 5047 75 1644
127 4 215 215 11043 33 1695 238 140 14 2285
128 4 44 185 496 228 1208 30 2364 44 3467
129 4 298 298 8979 76 2290 224 277 210 958
130 4 600 210 2124 600 6068 35 1268 209 2299
133 4 125 113 861 40 554 125 1731 19 372
134 4 191 191 4383 32 1256 84 1928 137 893
135 4 547 151 1435 75 1348 547 4830 177 1563
136 4 440 440 2352 233 268 214 1144 182 678
137 4 467 122 1204 127 913 197 185 467 3357
138 4 221 161 452 221 2457 125 1390 146 953
146 4 299 159 386 299 4289 63 1957 156 2238
149 4 35 244 1674 35 3424 25 2446 100 419
151 4 480 202 1871 480 4445 45 635 93 1208
152 4 126 126 3504 250 1162 79 2197 148 1394
153 4 132 28 381 47 94 132 1796 129 127
154 4 298 182 2265 87 1356 172 1180 298 3708
155 4 179 119 1287 21 490 179 1935 238 1823
159 4 73 21 521 62 2444 169 133 73 2877
161 4 24 1 1118 161 648 147 763 24 26832
164 4 263 244 53 94 1674 145 2368 263 4295
165 4 91 47 1117 20 492 91 2162 236 2056
166 4 132 176 748 34 1314 132 5101 186 921
167 4 163 27 639 163 3857 4 1509 164 136
170 4 272 152 45 272 2995 226 2489 200 408
171 4 61 26 23 61 3381 44 2439 240 1534
175 4 298 69 2399 298 7038 68 1606 229 1066
176 4 145 238 914 10 146 103 1948 145 2117
184 4 522 65 806 522 4727 143 1295 154 2290
186 4 138 35 1999 95 1085 160 344 138 7881
192 4 245 232 1363 71 1067 39 2352 245 3681
194 4 13 95 1459 206 27 13 1279 12 1181
196 4 116 53 873 116 2881 86 1551 45 1118
200 4 297 97 1173 245 154 297 3591 18 1792
202 4 100 200 640 36 2493 100 6925 219 2069
205 4 202 107 2209 191 475 213 1063 202 4170
208 4 192 112 990 119 1992 135 611 192 3213
209 4 294 71 647 70 994 294 2679 6 941
210 4 43 127 1522 160 1083 43 1018 39 924
211 4 342 342 4617 66 1945 207 99 82 1107
213 4 281 139 1537 176 1815 226 303 281 3107
214 4 240 67 2161 116 154 240 7740 2 698
217 4 162 154 398 145 1742 243 485 162 1946
218 4 95 211 478 182 25 87 1664 95 1817
219 4 100 248 1628 190 932 33 2403 100 7281
220 4 362 27 540 211 1653 192 238 362 2835
221 4 210 3 1183 218 1266 210 82810 131 465
223 4 320 2 1289 44 1787 320 5865 76 1393
224 4 117 117 3014 46 1185 179 179 180 1158
225 4 216 134 1083 13 1712 112 2002 216 3861
226 4 13 3 1360 13 5893 102 1658 102 1776
227 4 23 3 365 23 2798 108 1865 220 618
228 4 261 32 2122 19 867 42 1741 261 10819
231 4 391 90 1905 391 7190 24 641 100 1839
232 4 465 186 2405 185 2342 30 644 465 5886
236 4 64 64 6441 20 2013 200 563 233 500
237 4 71 50 1598 71 2269 184 991 86 696
240 4 70 211 2039 70 10966 9 1410 216 901
243 4 235 204 24 235 1770 137 796 194 1462
244 4 49 79 1065 49 24500 5 2500 169 1743
246 4 187 187 4224 171 1164 38 1260 90 2033
248 4 246 246 4679 124 2359 120 720 38 326
250 4 173 22 1821 173 5359 132 350 45 1394
254 4 105 221 157 105 4055 222 233 40 1545
256 4 444 444 2501 28 161 79 445 163 1011
259 4 196 112 2381 38 850 126 690 196 4166
263 4 238 143 542 75 944 1 388 238 2995
265 4 315 244 1784 44 1616 111 2264 315 6424
266 4 73 35 209 56 1140 108 856 73 1486
267 4 366 366 3904 179 1047 153 727 157 1675
268 4 475 475 3658 188 1448 213 407 81 1179
269 4 573 573 6366 26 303 104 2257 224 2489
270 4 119 75 1301 6 623 90 578 119 2064
272 4 149 149 5270 54 1910 199 1076 18 2052
273 4 115 224 512 40 1217 36 1090 115 3481
274 4 324 186 1748 324 3044 118 615 46 773
275 4 303 303 4422 150 17 109 1591 76 1625
278 4 77 70 1 23 631 77 2112 185 1948
280 4 376 376 3915 206 2145 66 990 184 1606
281 4 119 94 665 119 2539 41 875 237 988
282 4 15 15 4361 8 2326 89 2223 8 303
283 4 174 31 898 174 5040 72 2475 202 582
287 4 189 163 642 189 1273 45 554 91 613
291 4 126 174 823 227 1647 126 1809 96 1379
293 4 177 177 4311 89 1156 98 2387 32 1144
296 4 190 145 1362 190 1784 73 304 19 383
298 4 243 25 832 243 4314 39 764 114 2024
299 4 156 172 2094 57 2125 156 5815 31 245
302 4 203 203 2569 161 2038 232 175 108 366
303 4 75 221 74 95 238 31 1479 75 3578
305 4 451 451 4654 115 2285 158 22 187 1930
306 4 80 17 2494 162 1914 80 11736 169 1484
307 4 194 67 2145 25 343 190 1228 194 2661
308 4 159 36 1002 159 4425 25 2089 154 208
310 4 102 39 1771 14 2361 102 4631 196 1255
313 4 191 89 2268 121 145 191 4867 241 413
316 4 31 23 1101 67 529 31 1483 228 2373
317 4 344 15 256 344 5870 23 2124 128 2376
318 4 49 245 208 18 2247 49 6116 93 1868
319 4 107 12 1651 107 14721 204 467 67 61
320 4 423 223 1562 167 489 423 2962 135 1301
321 4 49 2 1794 49 6226 86 2223 15 1906
325 4 298 13 1857 126 2422 298 5728 176 1021
327 4 138 2 2427 138 167463 239 1920 106 749
328 4 333 180 1673 333 4468 165 2214 39 948
329 4 164 164 2924 146 365 73 405 127 2265
331 4 240 194 2411 214 1251 113 1212 240 2982
335 4 303 53 290 137 1777 40 1492 303 3930
340 4 298 226 96 298 2643 177 1570 229 444
341 4 333 101 361 194 1970 39 335 333 2860
346 4 346 223 240 91 1731 346 6083 115 2022
351 4 456 180 2384 132 56 111 2228 456 6039
353 4 472 75 746 41 103 472 2534 235 1262
354 4 57 57 3812 1 1391 166 411 26 1739
357 4 216 216 3864 78 2203 101 244 65 1163
358 4 223 120 1537 195 334 223 2856 59 774
359 4 278 151 1631 100 576 278 3002 29 492
361 4 136 239 1 136 14144 113 200 21 2184
363 4 44 198 708 44 638 24 348 238 60
364 4 230 162 476 130 1726 230 3053 192 1806
367 4 366 119 1586 366 4735 187 430 82 1061
370 4 173 174 619 1 1499 190 308 173 259327
372 4 442 48 2446 442 6988 11 2098 143 2261
373 4 302 174 712 302 3438 200 2277 78 360
377 4 129 195 19 124 449 60 2463 129 5295
379 4 126 7 647 10 157 126 1978 235 1444
380 4 260 250 123 100 2162 77 1444 260 4875
383 4 67 39 2024 195 798 67 3477 130 1375
387 4 178 178 2572 215 1821 49 125 165 2385
388 4 193 80 2095 50 24 193 4911 20 509
391 4 611 226 1747 244 721 205 1893 611 4723
393 4 398 169 822 398 5188 159 2279 28 365
397 4 345 345 5551 19 2342 109 1754 150 206
399 4 400 219 1078 27 1426 400 4348 217 2359
400 4 307 73 942 133 2042 134 442 307 3961
401 4 130 130 2097 114 1839 39 146 192 2008
403 4 249 228 2376 249 2594 42 15 207 206
404 4 404 105 1564 404 4854 210 65 187 2247
406 4 81 26 1800 213 519 81 5607 101 937
409 4 65 208 597 127 131 14 2400 65 11142
410 4 631 167 801 631 1928 119 458 177 541
417 4 257 47 376 257 4737 115 2120 184 1487
418 4 79 79 2345 243 200 111 1062 48 1425
420 4 460 74 1763 460 9280 69 2177 108 2179
421 4 471 3 10 471 4757 81 1537 238 2404
423 4 252 37 985 95 2490 252 6426 50 1275
424 4 197 65 683 98 1659 17 161 197 3334
426 4 90 212 589 55 2381 200 23 90 3896
427 4 284 153 679 284 3414 175 593 93 1118
429 4 282 154 402 282 3019 12 390 218 2334
430 4 276 82 1276 276 4294 13 660 34 713
433 4 427 118 1498 167 121 427 3723 240 2093
434 4 237 58 418 168 1052 237 1484 242 1059
442 4 132 101 1778 132 5827 20 883 31 2036
444 4 115 15 2153 26 1532 26 1337 115 5913
446 4 86 20 1582 244 567 86 5117 20 1190
447 4 378 227 1560 378 4248 174 897 212 2383
449 4 245 224 1651 245 6136 42 1052 58 2027
450 4 43 43 3186 138 104 32 2371 1 474
455 4 168 31 1256 46 249 168 6806 14 2015
457 4 514 100 1814 69 1177 170 1541 514 4659
458 4 167 167 2008 37 935 82 986 122 118
459 4 28 135 2002 28 7155 9 2300 20 198
462 4 394 80 254 232 2342 6 122 394 3977
463 4 144 144 2622 67 1220 240 384 19 1256
464 4 118 42 2080 118 4399 57 2125 45 613
466 4 111 198 2117 111 2209 204 464 21 418
469 4 166 166 4187 33 2135 24 170 70 1766
470 4 140 32 2258 218 645 113 221 140 9878
471 4 179 179 1407 102 802 210 929 123 286
472 4 311 165 1734 12 889 311 3268 33 169
473 4 87 225 2316 226 349 17 420 87 2149
474 4 319 140 1262 90 1554 30 1412 319 5508
475 4 385 92 1894 385 7925 91 2217 21 2444
478 4 320 320 4134 189 1449 138 1783 55 1341
480 4 372 372 3983 94 1423 45 661 110 1178
482 4 39 39 2795 3 215 160 1122 134 223
486 4 38 38 2577 44 1310 65 363 30 2035
490 4 222 95 1787 222 4175 95 1146 140 151
493 4 70 23 1081 2 159 20 1182 70 3290
494 4 362 151 1113 222 169 362 2668 8 1065
498 4 140 235 574 161 478 140 2257 133 2145
499 4 127 133 584 22 2036 240 1727 127 11753
500 4 257 10 1050 257 3968 88 1452 34 525
502 4 273 273 3698 214 1912 138 1521 113 1531
504 4 448 87 1607 448 4767 162 1724 169 525
505 4 245 137 252 85 1760 63 656 245 2551
507 4 198 91 1961 198 4266 77 2156 171 915
508 4 286 286 3230 145 1265 33 187 214 2417
509 4 113 158 284 61 693 2 442 113 1283
515 4 148 42 1521 193 1672 119 1166 148 5359
517 4 167 222 532 167 13334 26 2076 183 1134
519 4 306 153 1383 306 2427 74 587 90 645
520 4 272 96 2369 82 1889 102 545 272 6265
525 4 102 129 2039 43 2465 26 1339 102 5253
526 4 429 429 4279 33 1006 248 2474 220 1042
527 4 219 219 1908 109 377 175 1525 236 501
528 4 98 98 10314 245 1294 37 150 4 421
529 4 203 244 509 133 2213 203 3377 193 1434
532 4 14 14 5488 161 359 71 61 2 784
534 4 313 80 1444 142 2272 313 5008 200 186
539 4 197 197 4264 57 1234 9 1664 26 849
540 4 532 139 1542 144 1553 532 5737 183 2361
543 4 186 8 1140 129 236 186 3963 13 277
544 4 241 241 3834 15 504 247 1322 149 2371
545 4 121 121 9414 198 630 21 1634 230 786
546 4 24 245 1702 155 1083 3 2178 24 17424
548 4 211 168 240 211 8180 13 504 194 2004
549 4 187 62 1830 44 170 60 1478 187 4606
550 4 194 214 1546 35 1376 194 7626 167 276
551 4 207 207 7038 95 265 40 2310 53 1802
552 4 303 188 288 303 2147 228 1616 67 485
554 4 96 37 2085 223 2427 177 722 96 5409
556 4 279 279 11160 52 2080 228 242 151 545
558 4 157 240 1104 157 12579 123 335 16 1282
561 4 192 120 1706 192 2729 190 59 189 1176
562 4 142 11 546 114 501 121 228 142 7048
563 4 336 100 2150 112 1699 336 5097 226 1248
564 4 282 282 3476 110 328 140 1726 81 1632
566 4 139 139 5610 49 155 41 1655 13 1275
569 4 99 11 2383 192 118 246 744 99 21447
571 4 229 101 260 19 200 229 4225 40 738
572 4 75 75 9106 19 2307 158 138 72 212
573 4 295 250 455 151 2226 16 1050 295 4348
579 4 125 113 1217 4 45 166 101 125 1346
581 4 270 68 2395 123 296 86 395 270 9509
583 4 415 415 5903 106 2444 93 1323 68 2015
585 4 58 39 1766 193 991 58 2626 185 2481
588 4 91 6 1608 131 786 91 24388 171 598
590 4 92 144 737 213 100 81 1004 92 1140
591 4 303 119 925 27 572 303 3902 66 850
592 4 15 1 2343 3 1284 15 6420 136 304
602 4 198 106 1564 55 1168 198 2921 191 659
605 4 54 47 195 54 956 148 498 52 921
607 4 32 31 1580 178 426 32 1630 226 1029
608 4 158 155 274 158 2363 186 2207 99 1481
610 4 158 84 1288 158 2422 13 397 243 448
612 4 158 36 1274 158 5591 183 373 36 1761
615 4 545 545 2608 206 986 209 1331 80 322
616 4 139 249 1630 132 753 139 2682 111 2142
619 4 173 123 2482 188 19 173 3490 35 359
620 4 262 45 448 97 321 89 1446 262 4256
621 4 181 230 1221 170 623 181 2564 143 2026
622 4 219 145 1211 189 391 132 1485 219 2463
623 4 185 35 1630 228 1079 185 8615 238 2002
625 4 322 152 2218 93 2223 322 4698 36 478
628 4 538 126 956 131 674 538 2768 56 984
630 4 101 101 3747 49 1818 221 1299 114 892
631 4 200 200 2577 36 464 84 1099 172 390
632 4 539 98 717 223 1287 539 3110 78 577
633 4 221 16 50 64 2388 221 4906 109 2420
635 4 239 138 1680 108 626 249 627 239 2909
636 4 88 202 499 88 2446 172 189 35 973
637 4 140 92 1293 37 62 159 438 140 1967
638 4 118 105 855 118 5944 227 259 42 2116
641 4 164 164 3688 176 614 82 1844 64 1571
642 4 112 112 3710 53 1756 240 1994 199 1676
643 4 122 122 10619 21 1828 20 1791 124 887
646 4 240 159 1957 240 3428 143 232 161 2300
647 4 58 140 459 208 1505 58 550 43 408
649 4 180 77 1930 164 2170 211 710 180 4511
650 4 205 152 1082 101 2352 205 4773 7 634
652 4 398 211 2475 81 2126 133 124 398 4668
656 4 66 168 699 113 230 66 3436 30 1562
658 4 542 124 2296 127 2375 68 1411 542 10035
659 4 179 179 4439 43 2120 35 868 209 563
661 4 116 116 3245 110 249 200 237 51 1427
662 4 280 82 1746 68 401 150 934 280 5961
666 4 162 124 56 35 134 134 2240 162 2708
669 4 76 48 2319 76 3671 36 534 117 1124
670 4 181 250 1881 134 429 18 158 181 1588
671 4 185 13 204 185 2903 59 1069 14 809
673 4 20 85 1458 1 593 191 1190 20 11860
674 4 66 66 3670 26 1481 53 1850 39 2169
675 4 380 74 1905 236 1948 380 4289 101 1140
677 4 163 144 1442 98 173 163 1632 174 1286
678 4 129 162 2354 89 1547 129 2242 194 1250
679 4 242 25 2134 97 116 51 2144 242 10173
681 4 232 25 444 64 2367 67 1196 232 4120
682 4 63 244 760 45 1929 63 2700 178 530
685 4 168 51 1890 168 3126 36 670 160 561
689 4 387 387 4957 188 205 104 2332 174 2229
694 4 255 129 1249 255 2468 52 1122 131 274
696 4 149 123 310 149 4179 230 880 60 1683
697 4 49 49 84084 143 103 115 453 1 1716
702 4 313 101 1652 41 440 313 3359 9 1122
703 4 62 183 1356 86 680 62 9971 6 965
707 4 191 141 1503 191 2035 21 155 178 473
711 4 34 34 75820 10 109 15 254 1 2230
712 4 44 44 32824 3 2238 53 396 129 1252
713 4 194 194 800 139 388 110 175 144 594
715 4 223 38 35 87 1298 91 1588 223 3327
716 4 168 168 49329 167 122 214 22 8 2349
717 4 96 45 2351 110 1226 96 5015 30 1900
719 4 297 244 741 122 337 79 1548 297 5819
720 4 14 14 2587 10 1848 238 709 94 564
721 4 39 39 3990 67 2238 19 1944 70 1024
723 4 218 121 1225 218 5175 93 2208 89 2187
724 4 229 132 328 17 1869 80 1656 229 4740
726 4 245 50 639 131 435 245 3131 126 1625
727 4 311 311 2582 171 1420 217 357 92 765
729 4 42 35 1903 82 1693 42 2283 93 1344
730 4 166 212 332 39 1319 166 5614 159 383
737 4 394 129 242 394 4354 26 630 208 2299
739 4 197 147 1949 51 2326 59 2220 197 7412
741 4 103 213 336 4 687 117 1254 103 17690
742 4 343 131 1434 34 1075 68 91 343 3754
743 4 63 63 2703 192 1000 163 200 25 1073
744 4 261 58 118 61 1750 261 5826 71 1585
745 4 100 30 1444 177 1428 6 300 100 4813
746 4 114 211 1999 23 1163 9 1174 114 5764
747 4 94 94 2407 250 2003 37 479 52 1332
749 4 164 166 807 164 1914 84 11 58 677
752 4 381 67 53 165 1756 381 4054 35 576
754 4 267 173 148 127 1776 267 3733 2 1032
758 4 61 113 14 30 1158 61 2354 180 110
762 4 71 57 2389 157 28 71 2975 179 634
766 4 299 19 1165 299 4086 168 2296 67 178
769 4 68 81 668 68 2419 50 1779 250 2043
773 4 271 154 1803 112 767 271 3172 35 331
776 4 164 54 1292 164 3923 225 457 212 1334
777 4 83 225 1667 136 1471 83 4776 33 1899
778 4 271 142 68 113 1275 37 436 271 3057
779 4 435 131 2135 81 2214 15 987 435 7089
786 4 152 56 1974 95 545 152 4334 29 827
787 4 310 227 1038 310 1417 113 9 213 206
788 4 126 126 3859 49 1501 9 2251 176 1621
790 4 229 149 1415 229 2174 169 174 175 1386
797 4 31 31 2714 187 326 27 2364 50 298
798 4 117 25 2109 36 2093 227 1364 117 6802
801 4 359 229 2214 359 2683 141 154 38 284
803 4 430 135 1380 430 4395 182 693 133 2459
804 4 89 58 2085 165 540 240 49 89 3199
805 4 172 5 1513 172 52047 51 26 222 1809
808 4 197 250 2349 197 3168 93 1496 21 1290
810 4 178 242 47 62 1025 178 2942 28 1914
812 4 249 69 321 135 1107 249 2041 245 835
813 4 174 174 2536 248 106 200 209 146 2128
818 4 295 295 5005 34 156 30 602 94 1595
819 4 17 95 2076 17 1895 4 446 78 1557
827 4 168 103 68 168 4104 45 929 98 2394
831 4 56 20 883 19 972 77 1175 56 2472
832 4 654 155 2151 140 1151 654 4624 184 1301
833 4 155 39 408 155 1621 94 443 103 904
834 4 44 117 1099 44 2340 11 585 36 369
836 4 318 318 6107 127 2439 33 1521 166 101
837 4 286 134 1486 286 3171 188 197 65 1645
838 4 166 202 618 166 926 24 185 31 173
839 4 211 72 2319 211 4726 231 2156 95 2128
840 4 29 29 750 24 621 135 1042 105 1658
841 4 158 158 2740 98 755 110 1908 196 1262
842 4 300 300 6940 73 1862 99 187 103 2383
843 4 140 16 250 140 2082 39 580 147 66
845 4 445 126 2089 445 7377 115 1934 14 1230
846 4 88 32 2055 88 5651 5 2221 197 2441
849 4 342 111 1910 114 2445 205 537 342 5884
850 4 222 69 1368 215 152 70 2333 222 4401
851 4 79 79 4554 37 2133 176 518 94 785
852 4 148 92 902 150 545 192 199 148 1451
853 4 170 170 3003 181 2249 205 905 115 2032
854 4 118 132 1340 118 4543 26 2137 18 693
855 4 93 93 7537 22 1783 176 1617 125 1587
856 4 92 103 539 92 3644 52 2060 47 316
857 4 529 168 754 227 1243 153 29 529 2374
858 4 89 44 197 43 2155 89 4460 142 1915
862 4 83 209 1499 83 3307 39 1554 162 298
863 4 124 124 2097 47 795 194 1300 33 179
865 4 259 259 5120 113 2234 231 796 19 1641
866 4 382 233 1090 53 1995 108 1674 382 5921
868 4 231 154 437 107 1357 231 2578 55 614
870 4 53 68 301 35 1648 53 2495 24 509
871 4 124 16 184 124 1426 197 82 9 971
872 4 23 128 1853 23 8837 180 1460 4 1537
878 4 382 190 2078 123 1589 124 915 382 4177
879 4 355 94 2294 137 153 149 1834 355 4369
880 4 87 19 1011 87 4629 211 236 216 896
881 4 219 161 93 219 2704 152 1877 29 492
882 4 107 7 1813 13 305 233 1976 107 2510
887 4 153 153 2372 20 182 67 1039 69 626
889 4 426 426 4653 133 1807 220 2403 106 176
892 4 117 117 1406 111 1334 212 336 56 3
893 4 304 72 932 99 750 304 3935 92 2300
895 4 119 57 1604 94 418 119 3348 118 517
898 4 393 65 16 122 2018 127 1527 393 4725
900 4 373 24 862 373 6199 140 2327 106 2216
902 4 213 127 1852 213 3106 174 790 119 86
904 4 422 105 1767 155 1941 422 5284 118 81
906 4 221 221 6570 63 1873 93 1104 202 1282
907 4 85 175 1419 148 2306 85 1476 16 278
908 4 268 268 2510 159 698 179 1677 29 573
911 4 188 185 1395 163 539 188 2271 112 1353
912 4 143 143 2436 76 267 138 2351 121 1054
915 4 214 214 2767 179 378 177 2289 144 1249
916 4 301 104 1666 14 499 301 4821 78 1275
917 4 208 208 10782 44 2281 89 171 107 508
918 4 250 241 1978 250 6586 156 763 84 2213
919 4 533 57 1200 533 6515 114 2490 191 2335
920 4 377 142 2132 97 133 377 5660 75 1332
922 4 353 176 1751 165 698 192 2340 353 4302
923 4 174 174 4730 37 1069 76 2066 4 643
924 4 139 54 1659 206 2248 139 4270 139 379
925 4 201 201 5310 64 1691 142 1221 44 1506
926 4 212 212 4799 31 1842 80 1811 19 1030
927 4 368 241 177 154 2049 368 4896 100 2206
929 4 244 214 430 210 151 244 4469 76 1392
935 4 158 149 1468 136 609 158 3142 18 358
937 4 30 30 1692 235 1389 12 677 222 2223
938 4 57 173 2256 6 288 198 2299 57 2736
940 4 453 91 1814 225 2240 453 4509 82 219
946 4 46 198 532 46 7712 6 1006 176 459
948 4 55 91 1122 110 644 55 3567 30 1946
950 4 72 9 74 72 5029 180 1979 35 2445
952 4 132 132 2097 60 1072 235 1250 27 429
956 4 95 95 2149 65 1471 114 295 4 9
957 4 559 559 6280 2 1794 166 1964 213 2393
958 4 26 198 54 11 2150 172 148 26 5081
959 4 569 115 49 231 1565 236 1595 569 3845
960 4 716 226 2093 68 527 179 1884 716 5549
961 4 105 26 1711 105 6909 225 516 16 17
966 4 296 296 2877 36 5 26 819 173 1682
969 4 190 128 1263 190 4925 169 771 90 2333
970 4 559 178 2447 17 607 559 5781 166 1717
974 4 162 166 711 162 2372 59 864 148 990
975 4 67 110 683 195 2093 61 984 67 1080
976 4 87 242 809 166 892 87 2027 40 932
979 4 73 53 1537 73 2117 244 2273 97 795
984 4 150 150 6220 145 526 45 1866 49 2080
985 4 384 227 1028 85 1254 384 3531 187 1720
989 4 288 288 2880 9 1190 139 629 73 730
994 4 192 52 659 187 141 115 1230 192 2053
995 4 312 203 103 169 2271 37 696 312 4192
997 4 240 162 227 51 2043 34 1303 240 9197
998 4 51 16 540 183 1077 51 1721 72 2046
1000 4 480 151 2394 60 1848 480 7610 95 1809
1001 4 260 238 906 260 2225 77 659 146 1288
1003 4 466 466 5916 14 340 122 2292 89 1130
1008 4 421 1 1559 188 2286 161 805 421 5119
1009 4 68 68 8792 226 1282 13 1681 45 716
1011 4 276 192 188 153 2386 276 4304 161 2
1012 4 382 201 2463 233 808 382 4680 177 737
1013 4 88 112 2290 88 4669 34 1804 189 2036
1018 4 251 217 1809 251 3719 115 1704 208 1436
1019 4 235 51 2111 235 7767 126 733 39 1289
1021 4 244 244 24514 7 869 17 1708 161 1053
1022 4 305 244 1665 199 10 87 403 305 2081
1023 4 45 12 2104 187 1565 45 3751 16 1334
1025 4 459 459 6073 51 214 150 2011 159 2104
1026 4 171 171 3184 86 680 213 24 48 894
1028 4 9 9 9576 1 1064 144 1024 195 113
1029 4 390 390 6703 62 2079 55 1313 143 2458
1030 4 75 131 537 189 565 38 1011 75 1995
1034 4 66 95 384 49 1507 66 2029 141 226
1036 4 252 44 2186 252 7812 43 1333 16 2068
1038 4 174 20 2491 210 518 30 574 174 3329
1040 4 286 95 508 92 2240 286 5348 117 2188
1042 4 256 69 2394 158 862 143 830 256 8882
1044 4 296 296 3377 183 784 186 33 207 2362
1048 4 342 123 796 125 1737 127 1339 342 3605
1050 4 193 49 807 117 2152 96 433 193 3178
1051 4 471 103 813 73 911 471 3717 141 1407
1052 4 362 135 374 161 600 362 1813 225 1127
1054 4 541 63 1386 191 2479 96 2008 541 7021
1055 4 368 199 2272 6 255 4 491 368 4201
1056 4 287 98 1759 287 5151 11 559 171 2
1058 4 162 132 4 162 2986 15 482 64 1180
1061 4 300 239 1508 212 494 123 1656 300 4039
1068 4 234 77 1219 234 3704 12 636 71 1807
1070 4 412 244 1759 106 750 412 2915 141 71
1071 4 261 65 582 261 3440 31 1299 158 2083
1072 4 380 22 1802 380 5223 142 1952 22 1280
1073 4 95 200 144 19 175 95 31037 7 2287
1076 4 47 192 1801 4 2323 162 1927 47 27295
1080 4 31 160 732 227 1374 6 2056 31 10622
1081 4 130 208 1675 130 6249 178 1284 41 1971
1082 4 215 95 518 234 94 184 1626 215 1899
1086 4 129 77 617 92 2083 129 2920 147 70
1087 4 6 5 1296 6 1555 207 11 204 2099
1089 4 308 308 3582 148 159 84 323 139 1617
1092 4 136 83 1938 3 374 223 534 136 3175
1093 4 560 18 260 560 4713 187 1574 204 2485
1096 4 140 140 5475 180 1616 56 2190 9 1451
1100 4 107 4 602 107 3935 36 1324 235 692
1101 4 406 47 397 140 1302 406 3429 169 1625
1104 4 191 98 101 18 1091 191 11576 78 70
1105 4 236 118 1743 75 385 183 725 236 3486
1106 4 90 1 473 217 1440 90 42570 11 46
1107 4 146 137 1104 1 1674 146 8385 32 1838
1109 4 266 48 440 266 2438 94 1268 196 188
1110 4 52 243 841 52 5023 2 424 18 1739
1112 4 508 104 1326 508 6477 94 1816 83 1844
1119 4 40 244 2058 19 1766 81 575 40 3717
1124 4 12 249 117 7 1422 12 2437 227 493
1125 4 265 127 975 265 3820 140 2073 96 1384
1126 4 384 94 2312 155 1114 106 1143 384 4140
1128 4 91 91 884 137 700 78 758 100 302
1129 4 428 147 1911 164 1764 428 4603 244 593
1132 4 253 253 3539 126 1763 232 695 90 40
1137 4 358 238 402 145 281 358 3235 242 2187
1138 4 313 87 1190 55 1190 101 936 313 4281
1141 4 125 146 575 68 2009 125 3693 245 231
1145 4 150 48 2440 68 2413 163 1863 150 5322
1147 4 215 3 102 82 2087 215 4926 70 1604
1148 4 132 227 307 132 5615 48 2042 234 2310
1156 4 263 50 1645 263 2657 85 859 162 262
1157 4 509 509 5135 203 2048 192 2416 17 46
1158 4 61 61 2971 119 560 226 809 31 1510
1159 4 32 1 455 206 2084 32 14560 189 2215
1160 4 343 109 1826 343 4326 191 2409 247 1745
1162 4 356 356 4303 197 25 80 967 137 2249
1163 4 123 204 2436 81 771 123 2232 112 2033
1164 4 297 297 2429 104 417 127 1039 143 1279
1165 4 159 104 2249 13 98 159 3438 162 2103
1168 4 161 220 1586 92 2315 72 945 161 4051
1171 4 217 86 1094 230 610 102 1007 217 2142
1173 4 268 268 3024 112 1264 44 215 36 635
1174 4 264 264 3318 120 1531 116 1458 2 207
1176 4 136 136 1440 84 890 122 102 239 449
1181 4 226 118 1546 226 2088 172 838 58 536
1183 4 151 131 2381 174 1852 169 266 151 2744
1184 4 383 383 6118 81 1483 123 1965 33 1283
1185 4 295 106 1402 191 1262 73 1565 295 3901
1186 4 171 171 5020 41 126 50 1468 245 1550
1188 4 447 447 4815 98 1643 92 1616 110 1185
1189 4 50 82 1566 50 2675 6 321 196 602
1191 4 287 8 315 128 1921 287 4307 6 470
1193 4 41 6 722 155 192 41 4933 228 2414
1194 4 103 56 2165 243 649 17 1670 103 3982
1195 4 395 395 3930 99 985 72 329 150 2410
1196 4 192 62 1718 118 230 192 5320 65 1834
1201 4 93 44 2345 93 4956 29 2079 48 302
1202 4 112 33 2483 80 998 112 8427 232 489
1203 4 123 123 2933 13 310 43 2285 125 1748
1204 4 56 56 2271 211 1869 53 2150 209 570
1205 4 375 375 3785 102 2074 22 147 138 1393
1206 4 66 217 1953 66 1588 229 2070 60 1444
1208 4 37 207 483 10 1663 37 6153 67 299
1209 4 489 178 1098 489 4711 233 2245 193 2429
1212 4 105 38 505 105 1395 231 2318 43 774
1216 4 328 136 420 45 338 328 2123 167 1081
1217 4 140 6 207 241 668 55 1532 140 3899
1218 4 450 217 2492 450 5167 141 1892 250 1615
1219 4 259 65 1570 70 1722 259 6255 228 1598
1222 4 88 42 1752 35 125 26 133 88 3670
1225 4 112 112 3696 135 56 56 1848 144 598
1227 4 447 210 2230 159 509 78 2170 447 4746
1228 4 267 227 536 89 779 267 4299 136 2190
1229 4 99 153 252 48 1392 99 3397 54 1853
1230 4 435 435 4613 83 1421 136 97 210 2227
1231 4 334 47 1724 118 1979 334 5601 20 1719
1232 4 309 186 2042 153 1220 309 3392 53 131
1236 4 55 18 1642 114 625 55 5017 87 2465
1238 4 377 149 2002 76 977 42 1684 377 4846
1239 4 81 1 1273 81 5439 33 2216 209 2387
1240 4 347 130 2330 347 6219 2 479 119 2418
1245 4 338 338 3557 164 1726 146 1040 26 1267
1246 4 503 88 1365 168 2181 503 6047 171 2056
1247 4 357 7 61 67 1435 91 1440 357 3110
1248 4 252 101 1723 42 853 252 3804 63 951
1252 4 119 53 1170 168 1100 119 2626 125 359
1255 4 174 31 1199 66 1622 112 498 174 4276
1257 4 360 360 4410 160 1675 156 1911 145 1837
1258 4 226 226 2660 105 1236 17 1190 186 1212
1259 4 349 227 2306 212 1730 178 148 349 3545
1261 4 236 95 1666 36 782 236 4138 127 642
1266 4 103 162 1483 103 3763 37 1352 41 2085
1272 4 158 158 4420 85 2378 191 465 175 236
1278 4 150 150 5095 65 2208 243 1309 63 284
1284 4 217 217 1817 128 1072 57 397 87 14
1285 4 42 42 1960 91 90 121 568 19 887
1291 4 24 24 3734 131 31 5 778 24 53
1292 4 102 102 17569 235 2053 12 2067 190 1592
1293 4 448 117 637 248 1346 448 2431 45 414
1294 4 393 78 2116 245 273 393 8542 91 1978
1295 4 192 66 1671 190 1984 50 375 192 4861
1298 4 272 52 1655 272 8352 5 1576 17 522
1299 4 135 12 1498 199 169 21 135 135 16852
1304 4 176 232 826 103 2389 245 1062 176 4082
1305 4 50 118 1123 26 2494 50 4796 3 2238
1307 4 90 90 4183 65 917 41 1906 10 1203
1308 4 138 138 1893 236 1306 32 439 144 739
1312 4 37 114 946 37 2040 7 386 36 462
1313 4 70 7 1803 70 18030 146 378 126 773
1314 4 133 133 270389 1 2033 177 1549 144 459
1317 4 198 37 1656 116 1065 108 502 198 8861
1320 4 470 214 2027 225 288 72 1457 470 4451
1321 4 331 24 1846 331 6275 127 2408 78 1748
1324 4 93 234 913 6 452 93 7006 13 1727
1325 4 317 200 1212 24 951 317 3309 179 1869
1327 4 210 42 495 210 2475 137 513 77 389
1328 4 94 50 1721 94 3235 210 1730 229 2081
1332 4 176 176 3146 89 207 115 2056 222 1034
1334 4 200 139 473 138 1516 198 1856 200 2197
1335 4 72 72 5983 158 1241 29 2410 224 1543
1337 4 75 1 107 203 114 75 8025 93 6
1338 4 347 223 747 180 1083 347 4503 190 2466
1339 4 359 359 3009 207 1178 245 2054 197 1107
1341 4 121 44 432 68 1662 212 380 121 2957
1342 4 215 184 2200 212 1190 215 4202 126 2463
1344 4 350 47 1116 96 1147 33 1628 350 4181
1347 4 181 60 157 82 262 181 6459 64 2284
1348 4 352 211 844 46 1974 148 2098 352 4989
1350 4 206 232 58 27 1496 33 494 206 3083
1354 4 209 209 8085 2 1784 64 2476 20 1719
1357 4 8 8 2144 10 356 5 1340 184 918
1358 4 196 96 941 160 1987 135 1192 196 2434
1361 4 397 218 64 222 2191 397 3918 97 1713
1363 4 62 244 760 197 386 62 943 32 487
1364 4 106 37 326 61 1577 106 2740 127 834
1367 4 388 223 2355 388 4097 78 1717 250 291
1368 4 215 13 549 127 352 215 8764 38 1549
1369 4 99 42 2393 18 2066 249 952 99 5640
1370 4 127 155 403 127 1939 180 1029 11 168
1371 4 4 60 1950 4 1002 39 2109 2 501
1372 4 58 198 1797 107 1754 58 2946 42 2134
1375 4 296 154 596 296 6350 172 352 90 1931
1377 4 58 87 97 58 1665 42 1206 250 1131
1380 4 230 184 2036 174 651 230 2545 123 271
1383 4 196 108 289 196 2880 37 820 95 1396
1384 4 182 182 2572 194 1617 135 1908 129 1177
1385 4 223 5 2065 58 892 223 3429 79 519
1386 4 126 126 3920 240 345 69 2147 172 1686
1388 4 103 152 525 38 742 103 2011 36 1074
1390 4 135 52 1945 176 1553 135 5049 210 1839
1391 4 63 216 2341 63 4785 31 2355 81 971
1393 4 419 419 5230 75 1839 241 795 128 1598
1394 4 266 89 167 98 2238 2 1143 266 6074
1396 4 22 192 1318 22 646 182 1744 8 235
1397 4 152 152 3344 142 1530 27 594 8 840
1400 4 170 27 1443 170 9085 98 606 31 2291
1402 4 210 85 2462 121 103 210 4753 93 2105
1404 4 63 120 2490 147 2332 33 2038 63 3890
1405 4 153 60 562 232 616 149 1993 153 2046
1409 4 337 141 1325 3 436 337 3166 62 751
1412 4 53 169 382 53 13840 138 4 7 1828
1414 4 34 240 331 21 2460 65 727 34 3982
1416 4 267 154 766 267 4230 21 615 117 1854
1417 4 190 184 524 208 818 84 1295 190 2929
1423 4 311 12 710 150 1627 311 3373 237 1540
1425 4 177 189 1119 176 578 177 1870 167 1765
1426 4 72 83 2455 72 3031 57 1309 30 1263
1429 4 234 177 395 23 1661 234 4608 92 1812
1432 4 276 94 2219 64 2029 276 6515 60 1475
1439 4 12 99 418 6 668 12 1336 188 2382
1440 4 25 231 6 25 1005 15 603 116 1744
1443 4 225 225 3475 105 1622 143 1361 239 2085
1444 4 215 91 676 62 1009 215 3498 184 1125
1445 4 94 7 1478 101 1307 9 2114 94 19847
1450 4 181 1 1111 63 1212 181 3482 152 1454
1451 4 68 68 1625 195 528 21 502 249 683
1454 4 263 177 2221 263 3300 85 647 71 442
1455 4 148 80 1193 25 516 108 1307 148 2207
1457 4 103 103 2955 194 505 221 1010 82 2353
1459 4 306 63 1309 63 1061 306 5153 32 1976
1462 4 123 173 1182 11 2435 123 27227 96 419
1464 4 478 478 3544 89 1245 137 1016 76 690
1465 4 82 82 1232 226 562 159 1041 55 827
1469 4 182 182 5367 53 1563 72 638 35 1036
1476 4 114 114 7201 16 2268 12 1701 35 2211
1477 4 343 118 876 87 335 121 1220 343 3458
1478 4 188 219 2087 188 5268 185 906 82 2298
1480 4 265 265 3197 104 1335 46 555 44 1187
1482 4 87 87 2779 36 1150 233 1149 60 746
1483 4 221 133 761 221 5831 72 1900 68 2386
1484 4 158 203 1505 158 3399 246 599 35 753
1486 4 222 222 11355 46 2353 16 136 79 373
1487 4 81 81 4299 193 1650 9 1988 25 1327
1488 4 356 141 2058 206 806 356 4277 62 745
1490 4 210 210 2757 199 38 143 1878 205 310
1491 4 118 118 7713 30 1961 207 2115 4 1800
1493 4 261 78 1224 261 4095 32 1387 218 543
1495 4 653 207 2404 653 5530 43 965 217 1838
1498 4 283 283 5724 13 419 88 1845 101 2043
1502 4 397 234 2165 193 383 397 3673 104 1079
1503 4 213 213 4236 45 895 222 1773 244 1173
1505 4 166 247 251 90 1997 166 3683 40 982
1506 4 165 165 7729 13 609 9 1151 17 133
1510 4 211 38 741 211 2964 71 44 39 548
1511 4 91 30 306 240 1820 91 1821 73 1461
1512 4 89 127 26 89 4041 22 999 111 346
1516 4 105 114 228 235 1964 105 11480 15 1640
1517 4 16 192 1515 16 2073 236 528 10 1296
1521 4 74 5 558 90 340 107 1652 74 8258
1524 4 406 123 2186 406 5639 34 166 137 1903
1525 4 230 230 2601 247 1633 184 2081 212 686
1529 4 322 126 763 230 1474 134 1931 322 4640
1531 4 131 2 2106 54 2386 1 359 131 5788
1532 4 117 30 1779 146 1209 117 6938 7 1198
1533 4 122 199 892 32 588 6 1325 122 2241
1534 4 222 191 1426 208 1083 170 1463 222 1910
1535 4 263 75 2146 36 1350 263 7525 43 1704
1537 4 388 153 458 388 6826 101 1777 92 2500
1539 4 54 91 1574 54 5548 12 1233 157 56
1541 4 158 23 2439 158 8751 157 932 31 1717
1549 4 549 114 1744 195 1896 243 464 549 5337
1550 4 476 29 1828 170 2049 51 1133 476 5737
1551 4 592 72 974 87 2400 592 5713 212 2046
1553 4 347 16 1816 128 2367 18 579 347 6416
1554 4 260 260 3597 109 1508 193 2235 79 1614
1555 4 162 239 1950 216 339 162 2707 52 869
1557 4 132 58 61 132 4045 79 2421 9 747
1566 4 248 123 226 232 373 248 4419 78 1390
1568 4 161 48 672 29 1569 77 385 161 2254
1569 4 298 298 3668 33 708 84 1034 124 1772
1574 4 517 517 5050 181 1768 204 86 220 2188
1576 4 92 165 1751 92 12 19 454 92 2198
1577 4 260 24 741 260 2666 130 1333 192 69
1578 4 139 24 906 139 5247 94 752 157 505
1579 4 279 279 3986 105 407 104 1486 50 856
1580 4 166 46 1738 166 6271 65 854 4 2499
1586 4 210 81 69 149 1632 210 2300 149 604
1587 4 213 160 317 213 3934 83 1533 63 2062
1589 4 88 88 4213 50 2394 242 1472 215 1046
1591 4 500 153 947 65 534 500 2666 216 1152
1594 4 302 10 818 135 1880 302 4205 59 580
1595 4 44 44 5034 151 845 124 796 12 1373
1596 4 365 365 3270 147 1862 19 562 51 457
1598 4 144 205 880 170 2448 114 2309 144 2916
1601 4 138 147 339 165 1068 138 2628 60 1143
1603 4 134 41 1854 15 551 123 330 134 4922
1606 4 165 68 976 206 754 68 827 165 2006
1608 4 191 74 1354 61 1453 191 3494 3 305
1610 4 99 24 1811 99 7470 238 1973 32 146
1614 4 22 57 824 22 2751 13 1626 183 1135
1625 4 317 193 521 77 1622 317 3669 139 1609
1626 4 249 241 679 221 2408 223 735 249 2713
1627 4 549 114 583 207 2166 549 5618 175 1791
1628 4 23 23 3474 53 2350 37 637 13 1964
1630 4 234 234 1915 17 587 130 1064 99 482
1632 4 478 478 2680 186 1043 218 1341 1 73
1633 4 399 110 1880 399 6623 145 2407 36 1967
1634 4 262 34 237 262 3874 103 1523 199 931
1636 4 278 30 1093 88 1802 278 5692 146 264
1638 4 109 164 143 32 1038 109 3535 123 696
1643 4 130 65 578 152 1589 88 2068 130 3055
1644 4 390 390 2870 150 1104 26 487 93 825
1646 4 366 366 3001 104 853 216 1912 86 189
1647 4 107 143 88 246 604 107 1526 91 1298
1648 4 163 2 2135 163 174002 162 1407 68 397
1649 4 88 168 2127 88 3669 248 1773 56 2335
1650 4 384 384 3578 92 1266 232 2162 195 1099
1653 4 96 8 316 96 3792 4 1230 240 1037
1654 4 165 214 790 139 1738 250 1585 165 2063
1657 4 211 98 1095 211 2357 63 524 14 1132
1658 4 431 431 3113 116 838 104 1840 75 159
1663 4 440 440 5816 169 2234 52 898 65 2310
1665 4 382 109 153 160 1342 382 3204 74 1844
1667 4 335 133 997 158 1272 335 2696 63 782
1671 4 11 11 26004 1 2364 114 786 140 742
1681 4 393 125 2383 120 2242 393 7342 37 969
1682 4 33 35 636 12 940 33 2585 59 731
1683 4 150 150 5844 18 895 12 1148 29 1130
1685 4 18 111 453 4 1303 18 5863 191 1009
1689 4 159 47 1298 159 2531 52 828 35 118
1691 4 171 171 2457 143 870 83 1193 106 1339
1694 4 110 72 2499 121 793 110 3817 176 1223
1695 4 232 170 500 80 1119 232 3245 77 1337
1700 4 252 52 785 26 422 252 3804 50 1366
1702 4 273 125 719 273 5111 61 1353 98 1835
1703 4 185 241 94 69 1562 29 2181 185 4187
1707 4 120 247 1842 213 940 120 5730 16 764
1708 4 446 44 90 44 37 446 3669 250 2057
1709 4 300 210 613 300 3544 103 1217 82 1790
1710 4 248 23 1161 248 7236 16 747 72 2101
1711 4 175 210 1363 175 4662 223 2290 73 1945
1712 4 189 52 1285 56 1911 35 1259 189 4670
1714 4 321 134 1944 26 1511 26 317 321 3913
1717 4 222 45 2378 59 2252 222 8473 3 1360
1720 4 170 153 917 127 1257 170 1682 140 235
1721 4 356 131 405 356 2912 155 1268 60 1295
1727 4 472 472 3651 236 535 189 1462 184 1958
1730 4 462 155 2159 72 359 462 4047 146 1279
1731 4 176 29 721 48 778 47 713 176 2669
1732 4 63 25 1924 63 4848 58 737 139 1167
1734 4 225 130 977 225 16575 219 1126 30 2210
1738 4 156 126 785 20 556 156 3508 104 2339
1739 4 184 41 1791 240 2187 184 8037 145 1132
1742 4 120 120 2324 212 880 105 2034 205 1752
1743 4 185 85 196 185 4643 60 1506 26 1885
1748 4 94 94 5931 8 1465 6 665 38 2398
1750 4 192 192 2192 244 77 216 1080 176 2010
1752 4 78 21 1011 176 1260 24 1742 78 3755
1756 4 251 26 492 251 3950 62 1688 65 1023
1760 4 268 190 2211 268 3118 168 1016 190 640
1766 4 205 96 1792 244 1123 91 1457 205 3282
1767 4 418 112 1415 121 827 418 5280 118 1797
1772 4 521 78 576 89 1143 218 1447 521 3458
1773 4 196 4 354 97 2034 196 4109 75 1720
1776 4 360 190 1827 184 795 360 3461 202 260
1777 4 204 56 418 246 1467 204 8296 42 1708
1781 4 307 307 1722 213 1195 98 240 247 364
1783 4 152 152 2393 37 859 75 1181 179 651
1785 4 475 200 882 475 5982 158 1990 143 1932
1790 4 454 116 1428 69 1005 454 5588 110 1706
1792 4 194 120 341 125 2019 194 3133 188 693
1795 4 176 164 1364 134 40 40 1802 176 7928
1796 4 192 192 1683 182 543 93 35 172 1508
1802 4 188 188 2747 20 1471 124 642 83 1213
1807 4 144 144 4908 4 2087 18 755 36 1227
1810 4 65 249 1483 65 3672 47 315 36 2034
1812 4 45 45 7023 15 2341 53 1645 39 788
1813 4 140 140 9660 161 924 215 19 31 2139
1815 4 56 6 2465 56 23006 165 880 146 965
1817 4 126 126 1377 243 302 83 299 124 1356
1819 4 156 178 1284 147 2213 241 1975 156 2348
1820 4 181 181 2275 136 356 86 1196 21 264
1823 4 140 140 4592 65 2132 18 880 164 2486
1825 4 290 290 11116 10 1764 33 1265 35 1739
1826 4 144 84 2310 144 3960 116 817 124 402
1827 4 41 208 1237 19 1110 41 2395 201 1949
1829 4 154 154 2358 53 295 145 2221 246 1094
1830 4 302 65 1771 108 1715 185 361 302 4795
1831 4 511 195 115 511 5609 118 1771 214 2349
1832 4 188 193 249 30 333 188 2086 10 348
1833 4 63 11 2174 227 1765 152 1731 63 12451
1834 4 336 336 6045 200 301 135 2429 38 1431
1835 4 93 93 3644 27 1058 198 1847 151 171
1837 4 386 19 1679 124 1124 188 2171 386 4457
1840 4 42 42 3452 28 2302 179 790 209 1781
1843 4 219 219 13325 15 1183 162 60 13 791
1844 4 189 189 9918 148 254 181 742 44 2309
1845 4 102 102 4995 46 2253 13 2077 87 315
1846 4 463 463 3988 66 1236 189 1628 50 493
1850 4 167 130 999 242 2377 125 1955 167 2611
1851 4 62 243 2128 111 483 57 957 62 1040
1852 4 366 228 1196 50 337 223 450 366 1919
1854 4 202 11 1162 87 1730 202 4016 14 1059
1857 4 323 323 3411 190 2007 200 1162 144 1064
1862 4 85 85 4969 226 279 226 1370 15 877
1864 4 91 46 2459 232 1144 246 721 91 4864
1865 4 254 254 4310 142 2410 34 982 241 113
1866 4 210 1 1138 210 3300 28 440 180 478
1867 4 265 69 359 106 2068 42 943 265 5170
1868 4 302 79 889 117 1641 234 1698 302 3398
1869 4 195 195 1572 41 772 8 89 47 379
1870 4 335 164 2449 68 341 335 5002 239 3
1871 4 174 41 74 174 2646 70 154 128 1947
1873 4 61 162 2445 61 4457 148 863 13 950
1877 4 61 89 1085 61 36518 3 1796 213 1373
1883 4 278 120 437 278 3031 168 1832 208 1199
1884 4 33 235 1003 33 8259 165 1531 7 1752
1885 4 251 123 189 154 2455 183 404 251 4001
1887 4 107 174 1225 107 1617 209 191 52 786
1889 4 140 68 1439 144 1007 169 1326 140 2962
1891 4 186 71 1788 204 1002 218 401 186 4684
1893 4 190 71 2177 244 1910 53 1878 190 5825
1897 4 191 34 109 17 621 191 1703 114 1017
1899 4 161 161 3527 34 745 234 1057 57 310
1904 4 399 91 526 227 2369 213 1081 399 4164
1905 4 192 157 2455 241 1791 192 3002 143 2
1909 4 273 273 6142 19 2307 171 736 98 2205
1910 4 346 122 1528 171 2335 228 829 346 4333
1911 4 249 40 682 148 1419 133 2245 249 4203
1912 4 366 66 1036 47 1573 366 3841 113 1186
1913 4 286 286 2837 210 1483 147 1329 229 2272
1916 4 150 28 1140 127 865 82 2400 150 4390
1917 4 150 27 699 68 1729 64 417 150 3813
1922 4 225 14 1155 88 1377 225 3520 34 146
1923 4 377 206 773 377 6548 31 990 116 2015
1925 4 100 116 1992 100 3304 180 1555 69 2280
1926 4 82 63 21 77 2236 82 2381 171 1266
1927 4 171 43 636 248 112 76 531 171 1194
1929 4 127 4 433 127 1966 85 1316 115 963
1930 4 244 245 1937 244 2308 52 492 232 1669
1932 4 35 143 623 35 1124 171 201 15 482
1933 4 143 120 787 10 1897 2 1437 143 27127
1935 4 224 12 643 224 4512 1 223 34 685
1936 4 27 13 2004 73 624 225 1920 27 4162
1938 4 316 2 1204 316 3874 203 327 176 2158
1940 4 58 54 1926 127 415 104 1989 58 2068
1941 4 262 31 881 85 2147 34 334 262 6617
1944 4 195 11 1477 195 2496 61 781 9 219
1945 4 141 180 756 160 215 141 242379 1 1719
1946 4 239 239 4032 93 1569 101 2295 174 408
1952 4 231 101 1147 56 681 220 731 231 2623
1956 4 10 10 2846 206 1331 6 1708 188 292
1960 4 332 164 1612 332 3263 130 306 18 1393
1969 4 331 56 826 6 1512 56 914 331 4882
1971 4 180 231 1509 180 4428 65 1682 86 2116
1974 4 66 3 2328 88 427 60 475 66 51216
1979 4 34 31 1457 34 1598 187 1131 88 1093
1980 4 127 7 646 124 51 30 294 127 11720
1981 4 310 173 77 310 8514 71 1950 7 1187
1983 4 49 105 1446 181 1986 49 2383 48 2335
1985 4 533 194 1906 104 178 215 1969 533 4881
1992 4 184 121 1691 184 1043 184 2571 234 1959
1995 4 425 145 93 180 989 83 729 425 2335
1996 4 154 27 926 105 327 88 2359 154 4128
2000 4 113 182 386 11 542 148 1512 113 5567
