1 27 26663 1 1 0 1 1 1 1 1 1 1 1 1 1 1 1 1 1 1 1 1 0 1 1 0 1 1 1 
2 27 36477 1 1 1 1 1 1 1 0 1 1 1 1 1 1 1 1 1 1 1 1 1 1 1 1 1 1 1 
3 27 20393 1 0 1 0 1 1 0 1 1 1 0 0 0 0 1 1 1 0 1 0 0 1 0 0 1 0 0 
4 27 26081 1 0 1 1 1 1 1 0 0 0 1 0 0 0 0 1 1 0 0 0 1 1 0 1 1 1 1 
5 27 18517 0 0 0 0 1 0 0 1 0 0 0 1 1 1 0 0 1 0 1 1 1 0 1 0 0 0 0 
6 27 27706 0 1 1 0 0 1 0 0 1 1 1 1 0 1 1 1 0 0 1 0 1 1 1 0 1 1 1 
7 27 31863 0 1 0 0 1 1 0 1 1 1 0 1 1 1 1 1 1 1 1 1 1 1 0 1 1 1 1 
8 27 19105 0 0 1 0 1 0 0 0 1 1 1 1 0 0 1 0 0 0 0 1 1 1 1 1 1 0 0 
9 27 33080 1 1 1 1 1 1 0 1 1 1 1 1 1 1 1 1 1 1 1 1 1 1 1 1 1 1 1 
10 27 30885 1 1 1 1 1 1 0 1 1 1 1 1 1 1 1 1 1 0 0 1 1 1 1 0 0 1 0 
11 27 15465 0 1 0 1 1 0 1 1 1 0 0 0 0 1 1 0 0 0 0 0 0 1 0 0 0 0 1 
12 27 31677 0 1 1 1 1 1 1 0 1 1 0 1 1 1 1 1 1 1 0 1 1 1 1 1 1 1 1 
13 27 27095 0 0 0 1 1 1 0 1 1 0 0 0 1 1 1 0 0 0 1 1 0 1 0 1 1 1 1 
14 27 32012 1 1 1 0 0 1 1 1 0 1 1 0 0 1 1 1 0 1 1 1 1 1 1 1 1 1 1 
15 27 28117 1 1 1 1 1 1 1 1 1 1 1 1 1 1 1 0 1 1 1 1 1 1 1 1 1 1 1 
16 27 23400 1 1 0 1 1 0 1 0 0 1 1 0 1 1 1 0 1 0 1 0 0 1 1 0 0 0 0 
17 27 33324 1 1 1 1 1 0 1 1 0 0 1 1 1 1 0 1 0 1 1 1 1 0 1 1 1 1 0 
18 27 13426 0 1 0 0 1 0 1 0 0 0 0 1 1 0 0 0 1 0 0 0 0 0 0 1 0 1 1 
19 27 33484 1 1 1 1 1 1 1 1 1 0 1 1 1 1 1 1 1 1 1 1 1 1 1 1 1 1 1 
20 27 32922 1 1 1 1 1 1 0 1 1 0 1 0 1 1 1 1 0 1 1 1 1 1 1 1 1 1 0 
21 27 23063 1 1 1 0 0 0 1 0 0 1 0 1 0 0 1 1 0 1 1 0 1 1 1 0 0 0 0 
22 27 26842 1 1 1 1 1 1 1 0 0 0 1 1 0 0 0 1 1 0 1 0 1 1 1 1 0 1 0 
23 27 12457 0 0 0 1 1 0 1 0 0 0 0 0 1 0 0 0 0 1 0 0 0 0 0 1 0 0 0 
24 27 28536 1 1 1 1 1 1 0 1 1 1 0 1 0 1 0 1 0 1 0 0 0 1 1 1 0 1 0 
25 27 27464 1 0 0 1 0 1 1 1 1 0 1 1 1 1 1 1 0 1 1 0 1 0 0 0 1 0 1 
26 27 24302 1 1 1 1 1 1 0 1 1 0 1 0 0 1 0 1 1 0 0 1 0 1 1 0 0 1 1 
27 27 17807 1 1 0 1 1 1 0 0 1 1 0 1 0 0 0 1 0 1 0 1 0 0 0 1 1 1 0 
28 27 29720 1 1 1 1 1 1 0 1 1 1 1 1 1 1 1 1 1 1 1 1 1 1 1 1 1 1 1 
29 27 21077 0 0 1 1 0 1 0 1 0 1 0 0 1 1 0 1 0 1 0 1 0 0 0 1 1 0 1 
30 27 29915 1 0 1 1 1 0 1 1 1 0 1 1 0 1 1 1 1 1 1 1 0 1 1 1 1 1 1 
31 27 30535 1 1 1 0 1 0 1 0 1 1 1 0 1 0 1 1 1 1 1 1 1 0 1 0 1 1 0 
32 27 23687 0 1 0 1 0 0 0 0 1 1 0 1 0 1 0 0 1 0 1 1 1 0 1 0 1 1 1 
33 27 39920 0 0 1 1 1 1 1 1 1 1 1 1 0 1 1 1 1 1 1 1 1 1 1 0 1 1 1 
34 27 24617 1 1 1 0 1 1 0 1 0 0 1 1 1 1 1 0 0 0 1 1 1 1 1 0 1 1 0 
35 27 16294 0 1 1 0 1 0 1 1 0 0 0 1 0 1 0 0 0 0 0 1 1 0 1 0 0 1 0 
36 27 28277 1 1 1 0 1 1 1 1 1 1 1 1 1 1 0 0 1 0 1 1 1 0 0 1 1 0 0 
37 27 4792 0 0 0 0 0 0 0 0 0 1 0 0 0 0 0 0 1 0 0 1 0 0 0 0 0 0 0 
38 27 34239 1 1 1 0 1 1 1 0 1 1 1 1 0 1 0 1 1 1 1 1 1 1 1 1 1 0 0 
39 27 27497 1 1 0 0 0 1 0 1 1 1 0 1 0 0 1 1 0 1 1 0 1 1 1 1 1 1 1 
40 27 32459 0 1 0 1 1 1 0 1 0 1 1 1 0 1 1 1 1 1 1 1 1 1 1 1 1 0 0 
41 27 29200 1 1 1 1 0 1 1 1 1 0 1 1 1 0 1 1 1 0 0 1 0 1 0 1 1 1 1 
42 27 12671 0 0 0 1 1 0 0 0 0 1 1 0 0 0 1 0 0 1 0 0 0 0 0 0 0 1 1 
43 27 28344 1 0 1 0 1 1 1 1 1 1 1 1 1 1 0 1 1 1 1 0 1 1 1 1 1 1 1 
44 27 35037 1 1 1 1 1 1 1 1 1 1 0 1 1 1 1 1 1 1 1 1 1 1 1 1 1 1 1 
45 27 25569 0 0 1 1 1 1 1 1 1 1 1 1 0 0 0 1 1 0 1 1 1 0 1 0 0 1 1 
46 27 8322 0 0 1 0 1 0 0 1 0 0 1 0 0 0 0 0 0 0 0 0 0 0 0 0 0 1 0 
47 27 24288 0 0 0 0 1 1 1 0 1 0 1 1 1 0 1 1 0 1 1 1 0 1 0 1 1 0 0 
48 27 22504 1 0 1 1 0 0 0 1 0 0 1 0 1 1 1 0 0 1 1 1 1 0 0 0 0 1 1 
49 27 29646 0 1 1 1 1 1 1 1 0 1 0 1 0 1 1 0 0 1 0 1 1 1 1 1 1 0 1 
50 27 30483 0 1 1 1 0 1 1 1 1 0 0 1 1 1 0 0 1 1 0 1 1 0 0 1 0 1 1 
51 27 23751 1 0 1 1 1 1 0 1 0 0 1 1 0 0 1 0 0 1 1 0 1 1 0 1 0 0 1 
52 27 26024 1 0 0 1 1 1 1 0 0 0 0 1 0 0 1 1 1 1 1 0 1 0 0 1 0 1 1 
53 27 31600 1 1 1 1 0 1 1 1 1 1 1 1 1 1 1 1 1 1 1 1 1 1 1 1 1 1 1 
54 27 30037 0 0 1 1 1 1 0 1 1 0 1 1 0 0 1 1 1 1 1 1 1 1 0 0 1 1 1 
55 27 32424 1 1 1 1 0 1 0 1 1 1 1 1 1 0 1 1 1 1 1 1 1 1 1 0 1 1 1 
56 27 19935 1 1 0 1 0 0 1 0 0 0 1 0 0 0 0 1 0 1 1 0 1 1 0 1 0 1 1 
57 27 25367 0 0 1 0 1 1 1 0 1 1 1 1 1 1 1 0 1 1 0 0 1 0 0 1 1 0 0 
58 27 23684 0 1 1 0 0 0 1 1 0 1 0 1 1 0 0 1 0 0 1 1 0 0 1 0 1 1 0 
59 27 20927 0 0 0 0 1 1 1 1 1 0 1 1 1 1 0 1 1 0 0 1 0 0 1 0 0 0 1 
60 27 12240 0 0 0 0 0 0 1 0 0 1 1 0 1 0 0 0 0 0 1 0 1 0 0 1 0 1 0 
61 27 18779 0 0 0 1 1 0 0 0 1 0 0 0 1 1 0 0 0 0 1 0 1 0 0 1 0 1 1 
62 27 24588 1 0 1 1 1 0 1 1 1 0 1 0 1 1 1 1 1 1 0 0 1 0 1 0 0 1 1 
63 27 32401 1 1 1 1 1 1 1 1 0 1 1 1 1 1 1 1 1 1 1 0 1 1 1 1 1 1 1 
64 27 37448 1 1 1 1 1 1 1 1 1 1 1 1 1 1 1 1 1 1 1 1 0 1 1 1 1 1 1 
65 27 35988 1 1 1 1 0 1 1 1 0 1 1 0 1 1 1 1 0 1 0 0 1 1 1 1 1 0 1 
66 27 32993 1 1 1 1 1 1 1 1 1 1 0 1 1 1 0 1 0 0 1 1 1 1 0 1 1 1 1 
67 27 12078 1 1 0 0 0 0 1 0 0 0 0 0 0 0 0 0 1 0 0 0 0 0 0 1 0 0 1 
68 27 26924 0 0 0 1 0 1 1 0 1 1 1 0 0 1 1 0 1 1 0 0 1 0 1 1 0 1 1 
69 27 32851 0 1 1 1 1 1 1 1 1 1 0 1 1 1 0 1 1 0 1 1 1 1 1 1 0 1 1 
70 27 31266 1 0 0 0 0 1 1 1 1 1 0 1 0 1 1 0 1 0 1 1 1 1 1 1 1 0 1 
71 27 21308 0 0 1 1 1 0 1 0 0 1 1 1 0 0 0 1 0 1 0 1 0 0 1 0 1 1 1 
72 27 35668 1 1 1 1 1 0 1 1 1 1 0 1 1 1 1 1 1 1 1 1 1 1 0 1 0 1 1 
73 27 26636 1 1 1 1 1 1 0 1 1 1 1 1 1 0 1 1 1 1 1 1 1 1 1 1 1 1 1 
74 27 26344 1 1 1 0 0 0 0 1 1 1 0 0 0 0 0 1 1 1 1 0 0 1 0 1 1 1 1 
75 27 25334 0 1 0 1 0 0 0 1 1 0 0 1 1 1 0 1 1 1 1 0 0 0 0 0 0 1 1 
76 27 20768 0 0 1 0 0 1 1 0 0 1 0 1 0 1 1 0 0 0 1 0 0 1 1 1 0 0 1 
77 27 30278 1 1 1 1 1 0 1 1 1 1 0 1 1 1 1 1 1 1 1 1 0 1 1 1 1 1 1 
78 27 14810 0 1 0 1 0 0 1 0 0 1 0 0 1 1 0 0 1 0 0 0 0 0 1 1 1 1 0 
79 27 31342 1 1 1 1 1 1 0 1 1 1 1 1 0 1 1 1 1 1 1 1 0 1 1 1 1 1 1 
80 27 29451 1 1 1 0 0 1 1 0 0 0 1 1 1 1 1 1 1 1 1 1 0 1 1 1 1 1 1 
81 27 24596 1 1 0 1 1 1 1 1 0 0 0 1 0 1 1 1 1 1 1 1 1 1 1 0 0 0 1 
82 27 32280 1 1 1 1 0 1 0 1 1 0 0 1 1 1 1 1 1 0 1 1 1 1 1 1 1 1 1 
83 27 37404 1 1 1 1 1 1 1 1 1 1 1 1 1 1 1 1 1 0 1 1 1 1 1 1 1 1 1 
84 27 1200 0 0 0 0 0 0 0 0 0 0 0 0 0 0 0 0 0 0 0 0 0 0 0 1 0 0 0 
85 27 32171 0 1 1 1 1 1 1 1 1 1 1 1 0 1 1 1 1 1 1 1 1 1 1 0 1 0 0 
86 27 28603 1 1 0 1 1 1 1 1 1 1 1 1 1 1 1 1 1 1 1 1 1 1 1 1 1 1 1 
87 27 2361 0 0 0 0 0 0 1 0 0 0 0 0 0 0 0 0 0 0 0 0 0 0 0 0 0 0 0 
88 27 27351 1 1 0 0 1 1 1 1 0 0 0 0 1 0 1 1 0 1 1 1 0 1 1 0 1 1 1 
89 27 34117 1 0 1 1 1 1 1 1 1 1 1 1 1 1 1 1 1 1 1 1 1 1 1 1 1 1 1 
90 27 19653 1 1 0 1 0 0 0 1 0 1 0 0 0 0 0 1 1 1 0 0 1 0 1 0 1 1 0 
91 27 12074 0 0 1 1 0 0 1 0 0 1 0 0 0 0 0 0 0 0 0 1 0 0 0 0 0 1 0 
92 27 35545 1 1 1 1 1 1 1 1 1 1 0 1 1 1 1 1 0 1 1 1 1 1 1 1 0 1 1 
93 27 31249 1 1 1 1 1 1 1 1 1 1 1 1 1 0 1 0 1 1 1 1 0 1 1 1 0 0 1 
94 27 34201 1 1 1 1 1 1 1 1 1 1 1 1 1 1 0 1 1 1 0 1 1 1 1 1 1 1 1 
95 27 23045 1 1 0 1 0 1 1 0 0 1 1 0 0 0 1 0 1 1 0 0 1 1 0 1 0 1 0 
96 27 34214 1 1 0 1 1 1 1 1 1 0 1 1 1 1 1 1 1 1 1 0 1 1 1 1 1 1 1 
97 27 26481 1 0 1 1 1 1 0 1 1 1 1 1 1 1 1 1 1 1 1 0 0 1 1 1 0 1 0 
98 27 25631 0 0 1 0 1 1 0 0 1 1 0 0 0 1 1 0 0 1 1 1 0 1 1 1 0 1 1 
99 27 11169 1 0 0 0 1 0 1 1 1 0 0 0 0 1 0 0 0 0 0 0 0 0 0 0 0 0 1 
100 27 10490 0 0 0 0 0 0 0 1 0 0 0 0 1 0 0 0 1 0 1 0 0 0 0 0 1 1 1 
101 27 8883 0 1 0 0 0 0 0 1 1 0 0 0 1 0 0 0 0 0 0 0 0 0 0 0 0 1 0 
102 27 19530 0 1 0 0 0 1 0 1 1 0 1 1 1 1 1 0 0 0 0 0 1 0 1 1 0 0 0 
103 27 30937 1 1 1 1 1 1 0 0 0 1 0 1 1 1 1 1 1 1 1 1 1 1 1 1 1 0 1 
104 27 27269 1 1 1 0 1 1 1 1 0 1 1 0 1 1 1 0 1 1 1 1 1 1 1 1 1 0 1 
105 27 27273 1 1 1 0 0 1 1 1 1 1 0 1 1 1 1 1 1 1 1 1 1 1 1 1 1 0 1 
106 27 30427 1 1 0 0 1 1 0 0 0 1 1 1 1 1 0 1 1 0 1 1 1 1 0 0 1 1 1 
107 27 28020 1 1 1 0 1 1 0 0 0 1 0 0 1 1 1 0 0 1 1 1 0 0 1 1 1 1 0 
108 27 29683 0 1 1 0 0 0 0 1 1 1 1 0 1 1 1 1 1 0 0 0 0 1 1 1 1 1 1 
109 27 28345 1 0 0 1 1 0 1 1 1 1 0 1 0 1 1 1 0 1 1 1 1 1 1 1 1 1 1 
110 27 23110 0 1 1 1 1 1 0 1 1 0 0 1 1 1 1 1 1 0 1 1 0 1 0 0 1 0 1 
111 27 22343 1 0 1 0 1 0 0 0 1 0 1 1 1 1 0 1 0 1 0 1 0 1 0 0 1 0 1 
112 27 28784 1 1 1 1 1 0 1 0 1 0 0 1 0 1 0 0 1 1 1 1 1 1 1 0 1 1 1 
113 27 33221 1 0 1 1 0 1 1 1 0 1 0 0 1 0 1 1 0 0 1 1 1 0 1 1 1 1 1 
114 27 16329 0 0 0 0 0 1 1 0 1 1 0 0 0 1 0 0 1 0 1 1 0 0 0 1 1 0 1 
115 27 5706 1 0 0 0 0 0 0 0 0 0 1 0 0 0 0 0 0 1 0 0 0 0 0 0 0 0 0 
116 27 26467 0 1 0 1 0 1 0 1 1 1 1 1 1 1 0 1 0 1 1 0 0 0 1 0 1 1 1 
117 27 26499 1 0 1 1 1 1 1 1 1 1 0 1 1 1 1 0 0 1 1 1 1 1 1 0 1 1 1 
118 27 22835 1 0 0 1 1 1 0 1 1 1 0 0 0 1 1 1 1 1 1 1 0 1 1 1 0 1 0 
119 27 31412 1 1 1 1 1 1 1 1 1 1 1 1 1 1 1 0 1 1 1 1 1 1 1 1 1 1 1 
120 27 23617 1 1 0 0 0 0 0 0 0 1 1 0 1 0 0 1 1 1 1 1 1 0 1 1 0 1 1 
121 27 39212 0 1 1 1 1 1 0 1 1 0 1 1 0 1 1 1 1 1 0 1 1 1 1 1 1 1 0 
122 27 3687 0 0 0 0 0 0 0 0 0 0 0 0 0 0 0 0 0 1 0 0 0 0 0 1 0 0 1 
123 27 12251 0 0 0 0 0 1 0 1 0 1 0 0 0 0 0 1 1 0 0 1 0 0 0 0 1 1 0 
124 27 33599 1 0 1 0 1 1 0 1 0 1 0 1 1 1 1 1 1 1 1 1 1 1 1 1 0 1 1 
125 27 28399 1 0 1 1 1 1 0 0 0 0 0 1 1 1 1 0 1 1 0 0 1 1 1 1 1 0 1 
126 27 28758 1 1 1 1 1 1 1 1 1 1 1 1 1 1 1 1 1 1 1 1 0 1 1 1 1 1 0 
127 27 34388 1 0 1 1 1 1 0 1 1 1 1 1 1 0 1 1 1 1 1 1 1 1 1 1 1 1 1 
128 27 28627 1 1 0 0 0 1 1 1 1 1 0 1 1 1 1 1 1 1 1 1 1 1 1 1 1 1 1 
129 27 30524 1 1 1 1 1 1 1 1 1 1 0 1 1 1 1 1 1 1 1 0 1 1 1 0 1 1 1 
130 27 14001 0 0 0 0 0 0 0 0 0 0 1 1 0 0 0 1 0 1 1 0 1 1 0 0 0 1 1 
131 27 27514 0 1 1 1 1 1 1 1 0 1 0 0 0 1 0 0 1 1 1 0 1 0 0 1 1 1 0 
132 27 18888 1 1 1 1 1 1 1 0 0 1 0 1 0 0 0 1 0 0 1 0 1 0 1 0 0 0 0 
133 27 27059 0 1 0 1 0 1 1 1 1 1 1 1 1 0 1 0 0 1 0 1 1 1 1 1 1 0 0 
134 27 20901 0 1 1 1 1 1 1 1 1 1 1 0 1 1 0 1 1 1 1 1 1 1 1 0 0 0 1 
135 27 28858 1 0 1 1 1 1 1 0 0 0 1 1 1 1 1 1 1 1 1 1 1 1 0 1 0 1 1 
136 27 26737 1 1 1 1 1 1 0 1 1 1 1 1 1 1 0 0 1 1 1 0 0 1 0 0 1 0 1 
137 27 17288 0 1 1 1 1 0 0 0 1 0 0 0 1 1 0 0 0 1 0 0 0 1 0 0 0 1 1 
138 27 6618 0 0 0 0 0 0 0 0 0 1 0 0 1 0 0 0 0 0 0 0 0 0 1 0 0 1 1 
139 27 6108 0 0 0 0 0 0 1 0 0 0 0 0 0 0 0 1 0 0 0 0 1 0 1 0 0 0 0 
140 27 13902 1 0 0 0 0 1 0 0 0 0 0 1 0 0 1 0 0 1 1 1 1 0 0 0 0 0 1 
141 27 24052 0 1 1 1 0 1 0 1 1 1 1 1 1 1 0 1 1 1 0 1 1 1 0 0 1 1 0 
142 27 15259 0 1 0 1 0 1 0 1 0 0 1 0 0 0 0 0 1 1 0 0 1 0 1 0 0 1 0 
143 27 25212 1 1 1 1 1 1 1 1 0 1 1 1 0 1 1 1 1 0 1 0 1 1 1 1 1 1 1 
144 27 13191 0 0 1 0 1 0 1 1 0 0 0 0 0 1 0 0 0 0 0 0 1 0 0 1 1 0 0 
145 27 23855 0 0 1 1 0 0 1 0 0 1 1 1 1 1 1 1 1 0 1 0 1 0 0 1 1 1 1 
146 27 23327 0 1 1 1 0 1 1 1 1 0 1 0 1 1 1 0 1 0 0 1 0 1 0 1 0 0 1 
147 27 32109 0 1 1 0 0 1 0 1 1 0 1 0 1 1 0 1 1 1 1 1 1 1 1 1 1 1 1 
148 27 25508 1 1 1 1 0 1 1 0 1 1 0 1 1 0 0 0 1 1 1 0 0 1 0 0 0 0 1 
149 27 30487 1 1 1 0 1 1 1 1 1 1 1 1 1 1 0 1 1 1 1 1 1 0 1 1 0 1 1 
150 27 7691 0 0 0 0 0 0 0 0 1 1 0 0 0 0 1 0 0 1 0 0 0 1 0 0 0 0 0 
151 27 3450 0 0 0 0 0 0 0 0 0 0 0 0 1 0 0 0 0 0 0 0 0 0 0 0 0 1 0 
152 27 30523 1 1 1 1 0 1 0 1 0 0 1 1 1 1 1 1 0 1 0 0 1 1 0 1 1 1 1 
153 27 23574 1 0 1 1 1 1 0 1 1 0 1 0 1 0 0 1 0 0 0 0 0 1 1 1 0 1 1 
154 27 38577 1 1 1 1 1 1 0 1 0 1 1 1 1 1 1 1 1 1 1 1 1 1 1 1 1 1 0 
155 27 21166 1 1 0 1 1 0 1 0 0 1 1 0 1 1 0 1 1 1 1 0 1 0 0 0 0 1 0 
156 27 0 0 0 0 0 0 0 0 0 0 0 0 0 0 0 0 0 0 0 0 0 0 0 0 0 0 0 0 
157 27 14973 1 0 0 0 1 1 0 1 0 0 0 1 0 1 1 1 0 1 0 1 0 0 0 0 0 0 0 
158 27 14459 0 0 0 0 1 0 1 0 0 1 0 1 1 1 0 1 0 0 0 0 0 0 0 1 0 0 0 
159 27 35152 1 1 1 1 1 1 1 1 0 1 1 1 1 1 1 1 0 1 1 1 1 0 0 1 1 1 1 
160 27 24586 1 1 1 1 1 0 1 1 1 1 1 1 1 1 1 1 1 1 1 0 1 1 1 1 1 1 1 
161 27 29796 1 1 1 1 1 1 1 0 1 1 1 0 1 1 1 1 1 1 1 0 1 1 0 1 1 1 1 
162 27 31023 1 1 1 1 1 1 1 1 1 1 0 0 1 0 1 1 1 1 1 0 1 1 1 1 1 1 1 
163 27 31450 1 1 1 1 1 1 1 1 1 1 1 1 1 0 1 1 0 1 0 1 1 1 0 1 0 0 0 
164 27 36028 1 0 1 1 1 0 1 1 1 1 1 1 1 1 1 1 1 1 1 0 1 1 1 1 1 0 1 
165 27 38078 1 1 1 1 1 1 1 1 1 1 1 0 1 1 1 1 1 1 1 1 1 0 1 1 1 1 1 
166 27 27570 1 1 1 1 1 1 1 1 1 1 1 1 1 1 1 1 1 1 0 1 0 1 1 1 0 0 0 
167 27 11531 0 0 0 1 0 0 0 0 0 1 0 0 0 0 0 0 1 0 0 1 0 0 0 1 1 0 1 
168 27 20477 1 1 0 0 0 0 0 1 1 0 0 0 1 1 1 1 0 1 1 1 1 1 0 1 0 0 0 
169 27 26998 0 1 0 1 1 0 1 1 1 1 0 1 1 1 0 1 1 1 0 0 1 0 0 1 1 1 1 
170 27 21006 1 0 1 0 0 0 1 0 1 1 1 0 1 1 0 1 0 1 0 1 0 1 0 1 0 1 0 
171 27 29845 1 1 1 1 1 0 1 1 0 1 1 1 1 1 1 0 1 1 1 1 1 1 1 1 0 0 1 
172 27 28908 1 0 1 0 0 1 1 1 1 0 1 1 0 0 0 1 1 1 1 1 0 0 1 1 1 1 1 
173 27 1531 0 0 0 0 0 0 0 0 0 0 0 0 0 0 0 0 0 0 0 0 0 1 0 0 0 0 0 
174 27 17969 0 1 1 0 0 1 0 1 1 0 0 1 1 0 1 0 0 0 1 0 1 0 1 0 0 0 1 
175 27 19549 1 0 0 1 0 1 0 0 1 0 0 1 0 0 0 0 0 1 0 1 0 1 1 1 0 1 0 
176 27 29372 1 0 1 1 0 1 1 1 1 1 1 1 1 1 0 0 1 0 0 1 0 1 1 1 1 1 1 
177 27 32134 0 0 1 1 1 0 0 1 0 0 1 1 1 1 1 1 1 0 1 0 1 1 1 1 1 1 1 
178 27 22714 0 1 1 1 0 1 0 1 0 1 0 0 0 1 0 0 1 1 0 0 0 1 1 0 0 1 1 
179 27 27035 1 1 0 0 1 0 0 1 1 1 1 1 1 0 1 0 1 1 0 1 0 1 1 1 1 0 0 
180 27 22108 0 0 0 1 0 1 0 1 1 0 1 1 1 1 1 0 1 0 0 0 0 1 0 1 0 1 0 
181 27 22597 1 1 0 1 1 1 1 1 1 1 0 0 1 0 1 1 1 1 1 0 0 0 0 1 1 0 1 
182 27 32017 0 1 1 1 1 1 1 1 1 1 1 1 1 1 1 1 1 1 1 1 1 1 1 1 1 1 1 
183 27 10804 1 0 0 0 0 0 1 0 0 0 1 1 0 0 0 0 1 0 0 0 0 0 0 0 1 1 0 
184 27 36149 1 1 1 1 1 1 1 1 1 1 0 1 1 1 1 1 1 1 1 1 1 0 1 1 0 1 1 
185 27 23348 1 0 0 0 0 1 0 0 1 1 1 1 1 0 1 1 1 0 0 0 0 0 0 1 1 0 1 
186 27 15561 0 0 0 0 0 0 1 1 0 0 0 1 0 0 0 0 0 0 1 1 1 0 0 0 1 1 1 
187 27 36675 1 1 0 1 1 1 1 1 1 1 1 1 1 0 1 0 1 1 0 1 0 1 1 1 1 1 1 
188 27 29999 1 1 1 1 1 0 1 1 1 1 0 1 1 1 0 1 1 1 1 0 1 1 1 1 0 1 1 
189 27 36134 1 1 1 1 0 1 1 1 1 1 1 1 1 1 1 1 1 1 1 1 1 1 1 0 1 1 1 
190 27 33977 1 1 1 0 1 1 1 0 1 1 1 1 1 1 1 0 1 0 1 1 1 1 1 1 1 1 1 
191 27 32883 1 1 1 0 1 0 1 1 1 1 1 1 0 1 0 1 1 1 1 1 0 1 0 1 0 0 1 
192 27 26202 1 1 1 1 0 1 1 1 0 1 0 0 0 1 1 1 0 1 0 1 0 1 0 0 1 1 1 
193 27 26080 1 0 1 1 1 0 1 1 1 1 1 1 1 1 0 1 1 0 0 0 1 1 0 1 1 1 0 
194 27 14513 0 0 0 0 1 0 1 1 0 0 0 0 0 0 1 0 0 1 1 1 0 1 0 1 0 0 1 
195 27 19205 1 0 0 0 1 0 0 0 0 0 1 1 1 0 0 1 1 0 1 0 0 1 0 1 0 1 0 
196 27 34880 1 1 1 1 1 0 1 1 1 1 1 1 1 1 1 1 1 1 1 1 1 1 1 1 1 1 1 
197 27 19328 1 1 0 1 1 0 0 0 0 0 1 0 1 0 0 0 0 1 1 1 0 1 0 1 0 0 0 
198 27 12487 1 0 0 1 0 0 0 0 0 1 0 0 0 0 0 1 1 0 1 0 0 0 0 0 0 1 0 
199 27 4500 0 0 0 0 0 0 0 0 0 0 0 0 0 0 0 0 0 0 0 0 1 0 0 0 1 0 0 
200 27 20596 1 0 0 0 1 0 1 0 0 0 1 1 0 0 0 1 0 1 0 1 0 0 1 0 0 0 1 
201 27 14198 0 1 0 1 0 0 0 1 1 0 1 0 1 0 0 0 0 0 0 1 0 0 1 1 0 0 0 
202 27 14538 0 0 0 0 1 0 0 0 0 0 0 1 1 0 0 0 1 0 1 1 1 1 0 0 0 0 0 
203 27 20364 1 0 0 0 1 0 0 0 0 0 1 0 0 0 1 1 1 1 1 1 1 0 0 1 0 0 1 
204 27 28443 1 1 0 1 1 1 1 1 0 1 1 0 1 0 0 1 1 0 0 1 1 1 1 1 0 1 0 
205 27 35985 1 0 0 1 1 1 1 1 1 1 1 1 1 1 1 1 1 1 1 0 1 1 0 1 0 1 1 
206 27 37656 1 1 0 1 1 0 0 1 1 0 1 1 1 1 1 1 1 1 1 1 1 1 1 1 1 1 1 
207 27 13256 1 0 0 1 1 1 0 0 0 0 0 0 1 0 1 0 0 0 0 1 0 0 0 0 0 0 1 
208 27 21196 0 1 1 1 1 1 0 0 0 0 0 1 0 0 1 1 0 0 0 1 1 1 0 1 0 0 1 
209 27 26214 1 1 1 1 0 0 0 1 1 1 0 1 1 0 0 1 1 1 0 1 1 1 0 0 1 1 0 
210 27 25774 1 0 0 1 0 1 0 1 1 0 1 1 1 1 0 1 1 0 1 0 1 1 1 0 0 0 1 
211 27 19879 0 1 1 0 0 0 1 1 0 1 0 1 0 0 0 1 1 1 1 1 1 0 1 0 0 1 1 
212 27 32021 1 1 1 1 1 0 1 1 1 1 1 1 1 1 0 1 1 0 1 1 0 1 0 1 0 0 1 
213 27 24658 1 1 1 1 1 1 1 1 1 1 1 1 1 1 1 1 1 0 1 1 1 1 1 1 1 1 1 
214 27 27312 1 1 1 1 1 1 0 1 0 1 1 0 0 0 0 1 1 1 1 0 0 1 0 1 1 1 1 
215 27 13930 0 0 1 0 0 1 1 1 0 0 0 0 0 1 1 0 0 0 0 1 0 0 0 1 0 0 0 
216 27 31468 1 0 1 0 1 1 0 1 0 1 0 1 1 0 1 1 1 1 1 1 1 1 1 1 0 1 0 
217 27 15024 1 0 1 1 0 0 0 0 1 0 0 1 0 1 0 0 0 0 0 1 0 0 0 0 0 0 1 
218 27 15051 1 0 1 1 1 0 0 0 1 0 1 1 0 0 1 0 0 0 1 0 0 0 0 0 1 0 1 
219 27 30551 0 1 1 1 1 1 1 1 1 1 1 1 1 1 1 1 0 1 0 1 1 1 1 1 1 1 1 
220 27 32256 1 1 1 0 1 1 0 0 1 1 1 0 1 0 1 1 1 1 1 1 1 1 1 1 1 1 0 
221 27 17345 0 1 0 0 0 1 0 0 0 0 1 1 0 0 0 0 1 0 0 0 1 1 0 1 0 1 0 
222 27 33335 0 1 1 0 1 1 0 0 1 0 1 0 1 1 1 1 1 1 1 1 1 0 1 1 1 0 0 
223 27 9982 0 1 0 0 0 0 0 0 1 0 1 0 1 0 0 0 0 0 1 0 0 0 1 0 0 0 1 
224 27 23510 0 0 1 1 0 1 1 1 1 1 0 1 1 1 0 0 0 1 1 1 0 0 1 0 0 1 0 
225 27 26062 1 1 1 0 1 1 1 1 1 1 0 0 0 0 0 1 1 1 0 1 1 1 1 0 1 0 1 
226 27 25334 0 0 1 0 0 1 0 1 0 1 1 1 1 0 0 1 1 1 1 0 0 0 0 0 1 1 1 
227 27 16179 0 0 1 0 0 0 1 0 0 1 0 0 0 1 1 0 0 0 1 1 0 0 1 0 1 0 1 
228 27 22592 1 1 1 0 0 0 1 0 1 1 1 0 1 0 0 0 0 0 0 1 0 1 0 1 1 1 0 
229 27 25972 0 1 1 0 0 1 0 1 1 1 0 1 1 1 1 1 0 0 1 1 1 1 1 0 1 1 1 
230 27 20417 0 1 0 0 0 1 0 1 0 0 1 0 0 0 0 0 1 1 1 1 0 1 1 0 0 1 0 
231 27 436 0 0 0 0 0 0 0 0 0 0 0 0 1 0 0 0 0 0 0 0 0 0 0 0 0 0 0 
232 27 19679 1 1 0 0 0 1 0 1 0 1 1 1 0 0 1 0 0 1 1 0 1 0 0 0 0 0 0 
233 27 8822 1 0 0 0 0 0 0 1 0 1 0 1 0 0 0 0 0 0 1 1 0 0 0 0 1 0 0 
234 27 2930 0 0 0 1 0 0 0 0 1 0 0 0 0 0 0 0 0 0 0 0 0 0 0 0 0 0 0 
235 27 4713 0 0 1 0 0 0 0 0 0 0 0 0 1 0 0 0 1 0 1 0 0 0 0 0 0 0 0 
236 27 32260 1 1 1 1 1 1 1 1 1 1 1 1 0 0 1 1 1 1 1 1 1 1 1 1 1 1 1 
237 27 37292 1 1 1 1 1 1 1 1 1 1 1 1 1 0 1 1 1 1 1 1 1 1 1 1 0 1 1 
238 27 15648 0 0 1 1 1 0 0 1 0 0 1 0 0 0 0 1 1 1 1 0 0 1 0 0 0 0 0 
239 27 28278 1 1 1 1 0 1 1 0 0 0 1 1 1 1 0 0 1 1 0 1 0 0 0 1 1 1 1 
240 27 14838 0 0 0 1 1 0 1 1 0 0 0 0 0 0 0 0 1 1 0 0 0 0 0 0 0 1 1 
241 27 23831 0 1 0 1 1 0 0 1 1 1 1 1 1 0 0 0 1 0 1 1 0 0 0 0 1 0 1 
242 27 20367 0 0 0 0 0 1 1 0 1 0 0 1 1 1 0 0 1 0 0 0 0 0 1 1 1 0 1 
243 27 28492 1 1 0 1 1 0 1 0 1 1 0 1 0 1 1 1 1 1 1 1 1 1 1 0 1 0 1 
244 27 25794 1 1 1 0 1 1 0 0 0 1 0 1 1 1 1 1 1 1 1 0 1 0 1 0 1 0 1 
245 27 8099 0 1 0 0 0 0 1 0 0 0 0 1 0 0 0 1 0 0 1 0 0 0 0 0 0 0 1 
246 27 27885 1 1 1 1 0 1 1 0 1 0 1 0 0 1 1 0 1 1 0 0 1 1 0 1 1 1 1 
247 27 31631 1 1 1 1 1 1 1 1 1 0 1 1 1 1 1 1 1 1 1 1 1 1 1 1 1 1 1 
248 27 20754 0 1 0 1 1 0 0 0 1 1 0 1 1 1 0 1 1 1 0 0 1 0 1 1 0 0 1 
249 27 21916 0 0 0 0 0 1 1 0 1 1 1 0 0 0 1 0 0 0 0 1 1 0 1 1 1 0 1 
250 27 30381 0 1 0 0 0 0 1 1 0 1 1 1 1 1 1 1 1 0 1 0 0 1 1 1 1 1 1 
251 27 29827 1 0 0 1 1 0 1 1 1 1 1 1 0 0 0 0 0 0 1 0 1 1 1 1 1 1 1 
252 27 12041 0 0 1 0 0 1 0 0 0 0 1 0 0 0 0 0 1 1 0 0 0 0 1 0 0 0 1 
253 27 33530 1 1 1 1 0 1 1 0 1 1 1 1 0 1 1 0 1 1 0 1 1 1 0 0 1 1 1 
254 27 36389 1 0 1 1 1 0 1 0 1 1 1 1 1 1 1 1 1 0 1 1 1 1 0 1 1 1 0 
255 27 26243 1 1 0 0 1 1 0 1 0 0 1 1 1 0 1 0 1 0 1 1 1 1 0 1 1 0 1 
256 27 9954 0 1 0 0 0 0 0 0 0 1 0 0 0 1 0 0 0 1 0 0 0 1 0 0 0 0 0 
257 27 29038 1 1 1 1 1 1 1 0 1 1 1 1 0 1 1 1 0 1 1 1 1 1 0 1 1 1 1 
258 27 27341 0 1 0 1 1 0 0 0 1 0 1 1 1 0 1 1 1 0 1 0 1 0 1 1 0 1 0 
259 27 13547 0 0 1 0 1 1 0 0 1 1 0 0 0 0 0 0 0 1 0 1 1 1 1 0 0 0 0 
260 27 21660 1 1 1 1 1 1 0 0 0 0 0 1 0 0 1 1 1 0 0 0 1 0 0 0 0 1 1 
261 27 11491 1 0 0 0 0 0 0 0 0 0 1 0 0 1 0 0 0 1 0 0 0 0 1 1 0 0 1 
262 27 2942 0 0 1 0 0 0 0 1 0 0 0 0 0 0 0 0 0 0 0 0 0 0 0 1 0 0 0 
263 27 30017 1 1 1 1 1 1 0 1 0 1 1 0 1 1 0 1 1 1 1 0 1 0 0 1 0 1 1 
264 27 15059 1 1 1 0 0 0 0 1 1 0 0 0 1 1 0 1 0 1 0 0 1 1 1 0 0 0 1 
265 27 33757 0 1 1 1 1 1 1 1 1 1 1 1 1 0 1 1 0 1 1 1 1 1 1 1 1 1 0 
266 27 33434 0 1 1 0 1 1 1 1 1 1 1 1 1 1 1 1 1 1 1 0 1 1 1 1 1 1 1 
267 27 27244 1 0 0 1 1 1 0 0 0 0 0 0 1 1 1 1 0 1 1 1 0 1 1 0 1 1 1 
268 27 19787 1 0 1 1 0 1 0 1 1 0 0 1 1 0 1 1 1 0 0 1 0 0 1 1 0 1 1 
269 27 18736 0 1 0 0 0 0 1 1 0 0 0 0 0 1 1 0 0 0 0 1 1 1 1 1 1 0 1 
270 27 28926 1 1 1 1 1 1 1 1 0 0 1 1 0 0 1 1 1 1 1 0 1 0 0 0 1 1 0 
271 27 27681 0 0 0 0 1 0 1 1 1 1 1 1 0 1 1 1 0 1 0 1 0 1 0 0 1 1 1 
272 27 29064 1 0 0 1 0 0 1 0 0 1 1 1 1 1 1 1 0 1 0 1 1 1 0 1 1 1 1 
273 27 25004 1 1 1 0 0 0 1 1 0 1 0 1 1 1 0 1 1 1 0 0 1 0 1 0 0 1 1 
274 27 29146 1 1 0 1 1 1 1 1 0 1 1 0 1 1 1 1 1 1 1 1 1 1 1 1 1 1 1 
275 27 33013 1 1 1 1 1 1 1 1 1 0 1 1 1 1 1 0 0 0 1 1 0 1 1 1 0 1 1 
276 27 4203 0 0 0 1 1 0 0 0 0 0 0 0 0 0 0 0 0 0 0 0 0 0 1 0 0 0 0 
277 27 19829 0 1 1 0 0 1 1 0 1 0 0 0 0 0 1 1 0 1 1 0 0 0 1 0 1 0 1 
278 27 30286 1 1 1 1 1 1 1 1 1 1 1 1 0 1 0 1 1 1 1 1 1 1 0 0 0 0 1 
279 27 30613 1 1 1 1 1 1 1 0 1 1 1 1 1 1 1 1 1 1 1 1 1 1 1 1 1 1 1 
280 27 15763 1 0 0 0 1 1 1 0 0 0 0 0 0 0 1 0 0 0 1 0 1 1 0 0 1 0 0 
281 27 21021 0 0 1 0 0 1 0 1 0 0 0 1 1 1 0 0 0 0 0 0 0 1 1 1 0 1 1 
282 27 0 0 0 0 0 0 0 0 0 0 0 0 0 0 0 0 0 0 0 0 0 0 0 0 0 0 0 0 
283 27 11526 0 0 0 0 1 1 0 0 1 1 1 0 0 0 0 0 0 1 0 0 1 0 0 0 1 0 0 
284 27 33741 1 1 1 1 1 1 1 1 1 1 1 1 1 1 1 1 1 1 1 1 1 1 1 1 0 1 1 
285 27 29882 1 1 1 0 1 1 1 0 1 1 1 1 1 1 1 1 1 1 0 0 1 1 1 0 1 1 1 
286 27 16773 0 1 1 0 0 0 1 1 1 0 1 1 1 0 1 0 0 0 0 1 1 1 0 0 0 1 1 
287 27 34688 1 1 1 1 1 1 1 1 1 0 1 1 1 0 0 1 1 1 1 1 1 1 1 1 1 1 1 
288 27 23239 1 1 0 1 0 1 1 1 1 0 0 0 0 1 0 1 1 0 1 0 1 1 1 1 0 0 0 
289 27 25951 0 1 1 0 1 1 0 1 0 1 1 0 1 1 0 1 0 1 0 0 1 0 1 1 0 1 0 
290 27 14135 0 1 0 0 1 1 0 0 0 0 0 1 1 0 0 0 0 0 0 1 1 0 0 0 0 0 0 
291 27 25948 1 1 1 1 0 1 1 0 0 0 0 0 1 1 1 1 1 0 0 1 1 0 0 1 0 0 0 
292 27 33846 0 1 1 0 0 1 1 0 1 1 1 1 0 1 1 1 0 0 0 1 1 0 1 1 1 1 1 
293 27 31325 1 1 0 0 1 1 0 1 0 0 1 1 1 0 0 0 1 1 1 1 0 0 1 1 1 1 1 
294 27 5865 1 0 0 1 0 0 0 0 0 0 0 0 0 0 0 1 0 1 0 0 0 0 0 0 0 0 0 
295 27 16966 1 1 0 0 1 0 1 1 1 0 0 0 0 0 0 0 0 0 1 1 0 1 1 0 0 0 1 
296 27 33589 1 0 1 1 1 1 1 1 1 1 1 1 1 1 1 0 0 1 1 1 1 1 1 1 1 1 1 
297 27 13309 1 0 0 1 0 1 1 0 0 0 0 0 0 0 0 0 0 1 0 0 0 1 0 1 1 0 0 
298 27 9127 0 0 0 0 1 0 1 1 0 0 0 0 1 1 0 0 0 0 0 0 0 0 0 0 0 1 0 
299 27 30803 1 1 0 1 1 1 1 1 1 1 0 1 1 0 1 1 1 0 0 1 1 1 0 1 1 0 1 
300 27 29715 0 1 0 1 1 1 1 1 1 1 1 1 1 1 1 1 1 0 1 1 1 0 1 1 1 0 1 
301 27 32726 1 1 1 1 1 1 0 1 1 1 1 1 1 1 1 1 1 1 1 1 1 1 1 1 1 1 0 
302 27 30624 1 1 1 1 1 1 1 1 0 1 1 1 0 1 1 1 1 0 1 1 1 1 0 1 1 0 1 
303 27 16836 0 1 0 0 1 0 0 1 1 0 0 0 0 0 0 0 1 0 0 0 0 0 0 1 1 0 1 
304 27 31204 0 1 1 1 1 1 1 1 0 1 1 1 1 1 0 1 0 1 1 1 1 1 1 1 0 0 1 
305 27 28243 1 1 1 1 1 0 1 0 0 1 0 1 0 1 1 1 1 0 0 0 1 1 1 0 1 1 1 
306 27 25024 1 1 0 1 1 1 0 1 0 0 1 0 1 1 0 1 1 1 1 0 0 1 1 1 0 0 0 
307 27 26631 0 0 0 1 1 0 1 1 1 1 1 0 1 1 0 1 1 1 0 1 0 0 0 0 0 0 0 
308 27 17981 0 0 0 0 1 0 1 1 1 1 0 0 0 0 0 0 0 0 0 0 1 0 1 0 1 0 1 
309 27 30115 1 1 0 1 1 1 0 0 0 1 0 1 1 1 1 1 1 1 1 0 1 1 0 0 0 1 1 
310 27 15982 1 1 0 0 0 0 0 1 1 1 1 0 0 1 1 0 0 1 0 0 1 0 0 0 0 0 1 
311 27 22032 1 0 0 1 1 0 1 0 1 0 1 1 1 1 0 1 1 1 0 0 1 1 1 0 0 0 0 
312 27 21570 1 0 0 1 0 0 0 0 0 1 0 1 1 0 1 1 1 1 0 1 1 0 1 1 1 0 0 
313 27 35888 1 1 0 1 0 1 1 1 1 1 1 1 1 1 1 1 1 1 1 1 0 1 1 1 1 1 1 
314 27 23488 1 1 1 0 1 1 0 0 1 1 1 1 1 1 0 1 1 1 1 1 1 1 1 0 1 1 1 
315 27 18612 0 0 1 0 0 0 0 1 0 0 0 1 0 1 0 0 1 1 0 1 0 1 1 1 1 0 1 
316 27 28623 0 1 1 1 0 1 1 1 0 1 1 1 1 0 1 0 1 1 1 1 0 0 0 0 0 0 1 
317 27 23503 1 1 1 0 1 1 1 1 1 0 1 0 1 1 0 1 1 0 0 1 0 0 1 1 1 1 0 
318 27 29736 1 0 1 0 1 1 1 1 1 0 1 1 1 1 0 1 1 1 0 1 1 1 1 1 0 1 1 
319 27 26098 1 0 1 0 0 1 1 1 1 0 1 1 1 0 1 1 0 1 0 0 1 1 1 0 1 1 1 
320 27 4213 0 0 0 0 1 0 0 0 0 0 0 0 0 1 0 0 0 0 0 0 0 0 0 0 0 0 0 
321 27 17080 0 0 0 1 1 0 0 0 0 0 1 0 0 1 0 1 1 0 0 1 0 1 0 1 1 0 0 
322 27 31669 1 0 1 1 1 1 1 0 1 1 1 1 1 1 1 0 1 1 1 1 0 1 1 1 0 1 1 
323 27 38754 1 1 1 1 1 1 1 1 1 1 1 1 1 1 1 1 1 1 1 1 1 1 1 0 1 1 1 
324 27 23226 0 1 0 0 1 1 1 1 1 0 0 0 1 1 1 0 0 1 0 0 1 0 0 1 0 0 1 
325 27 31087 0 0 1 1 1 0 1 1 1 1 1 1 1 1 1 1 0 0 1 1 1 0 1 0 1 0 1 
326 27 35648 1 1 1 1 1 1 1 1 0 0 0 1 1 0 1 1 0 1 1 1 1 1 1 0 1 1 1 
327 27 7296 0 1 0 0 1 0 0 0 0 0 0 0 0 0 1 0 0 0 0 1 0 0 0 0 1 0 0 
328 27 29647 1 1 1 0 1 1 1 1 1 1 1 1 1 1 0 1 0 0 0 0 0 1 1 0 1 1 1 
329 27 4929 0 0 0 0 0 0 0 0 0 0 0 0 1 0 1 0 0 1 0 0 0 0 0 0 0 0 0 
330 27 28202 1 1 1 1 1 0 1 1 1 1 1 1 0 1 1 1 0 0 0 1 0 1 1 1 1 1 1 
331 27 4701 0 0 0 0 0 0 0 1 0 0 0 0 0 0 0 0 0 0 0 0 0 1 0 0 1 0 1 
332 27 12534 0 1 1 1 1 0 0 0 1 0 1 0 0 0 0 0 0 0 0 0 1 1 0 1 0 0 1 
333 27 35564 1 0 0 1 1 1 1 1 1 1 1 0 1 0 0 1 1 1 1 0 1 1 1 1 1 1 1 
334 27 19824 0 0 0 0 1 0 1 0 1 0 1 1 0 0 0 0 0 1 0 1 0 0 1 1 1 1 0 
335 27 16576 1 1 0 0 0 1 1 0 1 1 0 0 0 0 0 1 0 0 0 0 1 1 0 1 0 1 0 
336 27 17840 0 0 1 0 0 0 0 1 0 1 1 1 0 1 1 0 0 0 0 1 1 1 0 0 0 1 0 
337 27 32734 1 0 1 1 1 1 1 0 1 1 1 1 1 1 1 1 1 0 1 1 1 1 1 1 1 1 1 
338 27 18490 1 0 0 1 1 0 1 0 0 1 1 0 0 0 1 0 0 0 0 1 0 0 1 0 0 1 0 
339 27 18250 0 0 1 1 0 0 0 1 1 0 0 0 1 0 1 1 1 0 0 0 1 0 1 0 0 1 1 
340 27 11644 0 1 0 0 0 0 0 0 1 0 0 0 1 1 1 0 0 1 1 1 0 0 0 0 1 0 0 
341 27 34898 1 1 1 1 1 1 1 1 1 1 1 1 1 1 1 1 1 0 1 1 0 1 1 1 1 0 0 
342 27 26505 1 1 1 0 1 0 1 0 1 1 0 1 1 0 1 1 0 1 1 0 1 0 0 1 0 0 1 
343 27 26732 1 1 0 1 1 1 1 1 1 1 1 1 1 0 1 1 1 1 1 1 1 1 0 1 1 0 1 
344 27 20645 1 1 1 1 1 0 0 0 0 1 0 1 0 1 1 0 0 1 1 0 0 0 0 0 0 1 0 
345 27 13288 0 1 1 0 1 0 0 0 0 0 0 1 0 0 1 1 0 0 1 0 0 0 0 0 0 1 1 
346 27 41140 1 1 0 1 1 1 1 1 1 1 1 1 0 1 1 1 1 1 1 1 1 1 1 1 1 1 1 
347 27 32283 1 1 1 0 1 1 1 1 1 1 1 1 1 1 1 1 1 1 1 0 1 1 1 1 0 1 1 
348 27 27411 0 1 0 1 1 1 0 1 0 0 1 1 1 0 1 1 1 0 0 1 1 0 0 1 1 1 1 
349 27 35992 1 1 1 1 0 1 1 1 1 0 1 1 1 1 1 1 1 1 1 1 1 0 1 1 1 1 1 
350 27 24562 1 1 1 1 1 1 0 1 1 1 1 0 0 1 1 0 1 1 1 0 1 0 0 1 1 1 1 
351 27 32287 1 0 1 1 1 1 1 1 0 0 1 1 1 1 1 1 0 1 1 1 1 1 0 1 1 0 1 
352 27 28375 1 1 0 1 0 0 0 0 0 1 1 0 1 1 1 0 1 1 1 1 1 0 0 1 1 1 1 
353 27 29606 1 0 1 1 1 1 0 0 1 1 1 1 1 1 0 1 1 1 1 1 1 1 1 0 1 1 1 
354 27 34545 1 1 1 1 1 1 1 0 1 1 1 1 1 1 1 1 1 1 0 1 1 0 0 1 1 1 1 
355 27 34806 1 0 1 1 1 1 1 1 1 1 1 1 0 1 1 1 1 1 1 1 1 1 1 1 0 0 1 
356 27 40520 1 1 1 0 1 1 1 1 1 1 1 1 1 1 1 0 1 1 1 1 1 1 1 1 1 1 1 
357 27 29533 1 1 1 1 1 0 0 0 1 0 1 1 1 1 1 1 1 1 0 1 1 0 1 1 1 0 0 
358 27 13623 0 1 1 0 0 0 1 0 1 0 0 1 0 0 0 0 0 0 0 0 1 0 0 1 0 0 0 
359 27 20697 1 0 1 0 1 0 1 0 0 0 0 1 0 1 1 0 1 0 0 0 1 1 1 0 1 1 0 
360 27 31076 1 1 0 1 1 0 1 1 1 1 1 0 1 0 1 1 1 1 0 0 1 0 1 1 1 1 1 
361 27 20193 0 1 0 1 1 1 0 1 0 0 1 0 0 1 0 1 0 0 1 0 0 1 0 0 1 0 0 
362 27 21895 0 0 0 1 0 1 0 0 0 0 1 0 0 1 1 1 0 0 0 1 0 0 1 1 1 1 1 
363 27 30946 1 1 0 1 1 1 1 1 0 0 1 1 1 0 1 1 1 1 0 1 1 1 1 1 1 1 1 
364 27 19004 0 0 0 0 1 1 0 1 1 0 1 0 0 0 1 0 1 1 1 0 0 0 0 1 1 1 0 
365 27 33745 1 1 1 1 1 0 1 1 0 1 1 1 1 1 1 1 1 1 1 0 0 1 1 1 1 1 0 
366 27 18168 1 0 0 0 0 1 1 1 1 0 0 0 1 0 1 0 0 1 0 1 1 0 1 0 0 0 1 
367 27 37840 1 1 1 1 1 1 1 1 1 1 1 1 1 1 1 0 1 1 1 1 1 1 0 0 1 1 1 
368 27 32593 1 0 1 0 0 1 1 0 0 1 1 0 1 1 0 1 1 1 0 1 0 1 1 1 1 0 1 
369 27 18306 1 1 0 1 1 0 0 1 0 0 1 1 0 0 1 0 0 0 1 0 1 1 0 0 1 1 0 
370 27 3540 0 0 0 0 0 0 0 0 0 0 0 0 0 0 1 0 0 0 0 0 1 0 0 0 0 0 0 
371 27 39137 1 1 1 1 0 0 1 1 1 1 1 1 0 1 0 1 1 1 1 1 1 1 0 1 1 1 1 
372 27 34927 1 1 1 1 1 1 1 1 1 0 1 1 1 1 1 1 1 1 1 1 1 1 1 0 0 1 1 
373 27 36080 1 0 0 1 1 1 1 1 1 1 1 0 0 1 1 1 1 1 1 1 1 1 1 0 1 1 1 
374 27 34714 1 1 1 1 1 1 1 1 1 1 1 1 1 1 0 1 1 1 1 1 1 1 0 1 1 0 1 
375 27 28515 1 1 1 0 0 1 1 1 0 1 1 1 1 1 1 1 1 1 0 1 1 1 1 1 1 1 0 
376 27 16344 0 1 0 1 0 0 0 0 0 1 1 0 0 0 0 0 1 0 0 1 0 1 1 0 0 1 0 
377 27 31710 1 1 1 0 1 1 1 0 1 1 1 1 1 1 1 1 1 1 0 0 1 1 0 1 1 1 1 
378 27 33862 1 1 1 0 1 1 1 0 1 0 1 1 0 1 0 1 0 1 1 1 1 0 1 1 0 1 1 
379 27 27682 1 1 0 1 1 1 1 1 1 1 0 1 1 1 1 1 1 1 1 1 1 1 1 1 0 1 0 
380 27 8328 0 0 0 0 0 0 0 0 0 1 0 1 1 0 0 0 1 0 0 0 1 0 0 0 0 0 0 
381 27 9361 1 0 0 0 0 0 0 0 0 0 0 0 0 0 0 0 0 0 0 0 0 1 1 1 0 0 1 
382 27 29684 1 1 1 1 0 0 1 1 1 1 1 1 1 1 1 1 1 1 1 1 1 1 1 1 1 1 1 
383 27 35012 1 1 1 1 1 1 1 1 1 0 1 1 1 1 1 1 1 1 1 1 1 1 0 1 1 1 1 
384 27 22452 0 1 0 0 1 0 1 0 1 1 1 0 1 1 1 1 0 1 1 1 1 1 1 0 1 0 1 
385 27 14761 0 0 0 1 1 0 0 0 0 0 0 0 0 0 0 0 1 0 0 1 1 1 1 0 0 0 1 
386 27 9054 0 0 0 0 0 0 1 0 1 0 0 0 0 1 0 0 0 0 0 0 1 0 0 0 0 1 0 
387 27 27707 1 1 1 0 1 0 0 1 1 0 0 0 1 1 0 1 0 1 1 1 1 1 1 1 1 1 1 
388 27 27329 1 1 1 1 0 0 0 1 0 1 1 1 1 1 1 1 1 1 1 1 1 1 1 1 0 1 1 
389 27 19126 0 0 1 1 1 1 0 0 1 1 0 0 0 1 0 1 1 0 0 0 0 1 1 0 1 0 0 
390 27 33674 1 1 0 0 1 1 1 1 1 1 1 1 1 1 1 1 1 1 1 1 1 1 1 1 1 1 1 
391 27 37762 1 1 1 1 1 1 1 1 1 1 0 1 1 1 1 1 1 1 1 1 1 1 1 1 1 1 1 
392 27 3206 0 0 0 0 0 0 1 0 0 0 0 1 0 0 0 0 0 0 1 0 0 0 0 0 0 0 1 
393 27 26330 1 1 1 1 1 1 1 0 0 1 1 1 1 0 1 1 0 1 1 1 1 1 1 0 1 0 0 
394 27 35417 1 1 1 1 1 0 1 1 1 1 1 1 1 1 0 1 1 1 1 1 1 1 1 1 1 1 1 
395 27 27302 1 1 0 1 1 1 1 1 1 1 1 1 1 1 1 0 1 1 1 1 1 0 1 1 0 1 0 
396 27 30570 1 0 1 1 1 1 1 1 1 1 1 1 0 1 1 0 0 1 1 1 1 0 1 0 1 0 0 
397 27 34843 1 1 1 0 1 0 1 0 0 0 1 1 1 1 1 1 1 1 1 1 0 1 1 1 1 1 0 
398 27 24193 1 0 0 1 1 1 0 0 0 1 1 0 0 0 0 1 1 0 1 1 0 0 0 1 1 1 1 
399 27 26342 1 1 0 1 1 1 1 0 0 0 1 0 0 0 0 0 1 1 1 1 1 0 1 1 0 1 1 
400 27 25760 1 1 1 1 1 1 1 1 1 1 1 0 1 1 0 0 0 1 0 1 1 1 0 1 1 0 0 
401 27 34874 1 1 1 1 0 0 0 1 1 1 1 1 1 1 1 1 1 1 1 1 1 1 1 1 1 1 1 
402 27 16355 0 0 0 0 1 0 0 0 0 1 1 0 0 1 0 0 0 0 0 0 0 0 1 0 1 1 1 
403 27 32256 0 1 1 1 1 1 1 1 1 1 1 0 1 1 0 1 1 1 1 1 1 1 1 0 1 1 1 
404 27 16328 1 1 0 1 1 0 0 0 0 1 0 0 1 0 0 0 0 0 1 0 1 1 0 0 0 1 1 
405 27 18477 1 0 0 0 0 0 0 1 0 0 1 1 1 0 0 0 1 0 1 1 0 1 0 1 0 0 1 
406 27 15385 0 1 1 1 0 1 0 0 0 0 0 0 0 0 0 0 1 0 1 1 0 0 0 0 1 0 1 
407 27 17162 0 1 0 0 0 0 1 0 1 0 1 1 1 1 0 0 1 1 0 0 0 1 1 0 1 1 0 
408 27 10089 0 1 0 1 0 0 0 0 0 1 0 0 1 0 0 0 0 0 0 1 0 0 0 1 0 0 0 
409 27 14468 0 0 0 0 0 1 0 1 0 1 1 0 0 1 0 0 0 0 1 0 1 0 0 1 1 0 1 
410 27 28658 0 0 0 0 1 0 1 1 1 1 1 1 1 0 1 1 1 1 1 1 0 0 1 1 0 0 1 
411 27 2840 0 0 1 0 0 0 0 0 0 0 0 0 0 0 0 0 1 0 0 0 0 0 0 0 0 0 0 
412 27 39445 0 1 1 1 0 0 1 0 0 1 1 1 1 1 1 1 1 1 1 1 1 1 0 1 1 1 1 
413 27 18455 1 0 0 1 0 1 1 0 1 0 0 0 0 0 0 1 0 0 0 1 1 0 1 0 1 0 0 
414 27 31683 1 1 1 1 1 1 0 0 0 1 0 1 1 0 0 0 1 1 1 1 0 1 1 0 1 1 0 
415 27 35461 1 1 1 1 1 1 1 1 1 1 1 1 1 1 1 1 1 0 1 1 1 1 1 1 1 1 1 
416 27 17964 0 0 1 0 1 0 0 0 1 0 0 0 0 0 1 1 1 1 1 1 1 0 1 0 1 0 0 
417 27 28467 1 0 0 0 0 1 1 0 1 0 1 0 1 1 1 1 1 1 0 1 0 1 1 1 0 1 1 
418 27 23912 0 1 0 1 0 0 0 0 0 1 1 1 0 0 1 1 0 1 1 0 1 1 1 1 0 1 1 
419 27 2800 0 0 0 0 0 0 0 0 0 0 1 0 0 0 0 1 0 0 1 0 0 0 0 0 0 0 0 
420 27 25591 0 1 1 0 1 0 0 0 1 0 0 1 1 0 1 1 1 0 1 1 0 0 1 0 1 1 1 
421 27 24224 0 1 1 1 0 0 1 0 1 0 1 1 1 0 1 0 1 0 1 0 1 1 0 1 0 0 1 
422 27 20764 0 1 1 0 1 0 0 1 0 1 1 1 0 0 0 1 1 0 0 1 1 0 1 1 0 0 1 
423 27 20770 1 0 1 0 0 1 1 0 0 1 0 0 1 0 0 1 1 1 1 1 1 0 1 0 1 0 0 
424 27 26446 1 1 1 0 1 0 1 1 0 0 0 1 1 1 0 0 1 1 1 1 0 1 0 1 0 0 0 
425 27 14751 0 1 0 1 0 1 0 0 0 0 0 0 0 0 1 0 1 0 0 0 0 1 0 0 0 1 1 
426 27 12621 0 0 0 0 0 1 0 1 0 0 0 1 0 0 0 1 0 1 0 0 0 0 0 0 1 1 0 
427 27 28568 1 1 1 1 0 1 0 1 1 0 1 1 1 1 1 0 1 1 0 0 0 0 1 1 1 1 1 
428 27 4534 1 0 0 0 0 1 0 0 0 0 0 0 0 0 0 0 0 0 0 0 0 1 0 0 0 0 0 
429 27 37304 1 1 0 0 1 1 1 1 1 1 1 1 1 1 1 1 1 1 1 1 1 1 1 1 1 1 1 
430 27 27377 1 1 0 1 1 0 1 1 1 1 1 0 1 1 1 1 1 1 0 1 1 0 1 1 1 1 1 
431 27 25070 1 1 1 0 0 1 1 0 0 1 0 1 1 0 1 1 0 1 1 1 0 1 1 0 0 1 1 
432 27 30508 1 0 1 1 1 0 0 1 0 1 1 0 1 1 1 0 1 1 0 1 0 1 1 1 1 1 1 
433 27 13563 1 0 0 0 0 1 1 0 0 0 1 0 0 0 1 0 0 0 0 1 0 0 0 0 0 0 0 
434 27 16299 0 0 0 1 0 1 0 1 1 1 0 1 0 1 0 1 0 0 0 0 0 0 0 1 0 0 0 
435 27 27872 1 1 1 1 1 1 1 1 1 1 1 1 0 1 1 1 0 0 1 1 1 1 1 1 1 1 1 
436 27 22813 1 1 0 0 0 1 1 1 0 1 1 0 0 0 1 1 0 0 0 1 1 1 0 0 0 0 1 
437 27 33653 1 1 1 1 1 1 1 0 1 1 1 1 1 1 1 1 1 1 1 1 1 1 1 0 1 1 1 
438 27 2055 0 0 0 0 0 1 0 0 0 0 0 0 0 0 1 0 0 0 0 0 0 0 0 1 0 0 0 
439 27 25081 1 1 1 1 0 1 1 1 1 1 1 0 1 0 1 0 1 0 1 0 0 0 0 1 1 1 1 
440 27 29727 1 0 0 0 1 1 1 1 1 1 1 1 1 1 1 1 1 1 1 1 0 1 1 0 1 0 1 
441 27 17488 1 1 1 1 0 0 0 0 1 0 1 1 1 1 0 1 0 0 0 0 0 0 0 0 0 1 1 
442 27 31790 0 1 1 1 1 1 0 1 1 1 1 0 0 1 1 1 1 1 1 1 1 1 1 1 1 1 1 
443 27 18085 1 0 0 1 0 1 1 0 0 1 1 0 0 0 0 0 1 0 1 1 0 1 0 0 1 0 1 
444 27 23000 1 0 1 0 1 0 1 0 1 0 0 0 1 1 0 0 0 1 1 0 1 1 0 1 0 1 0 
445 27 33307 0 0 0 0 1 1 1 1 1 1 0 1 1 1 1 1 1 1 1 1 0 1 1 1 1 1 1 
446 27 16647 0 1 0 0 0 1 0 1 0 0 0 0 0 0 0 1 0 1 0 1 0 1 1 0 0 0 1 
447 27 18287 0 0 0 1 0 1 0 0 1 0 1 0 1 1 0 0 0 1 1 1 0 0 1 0 0 1 0 
448 27 34176 1 0 1 1 1 1 0 1 1 1 1 1 1 1 1 1 1 1 1 1 1 1 1 1 1 1 1 
449 27 21033 1 0 1 1 1 0 0 0 1 1 1 0 0 1 0 1 1 1 0 0 0 1 0 0 1 0 0 
450 27 12044 0 0 0 0 0 0 0 1 1 0 0 0 0 0 1 0 0 1 0 1 1 0 0 0 0 1 0 
451 27 30063 1 1 1 1 1 1 1 1 1 1 0 1 1 1 1 1 1 0 1 1 1 1 1 1 1 0 1 
452 27 22937 0 1 1 1 1 0 0 0 0 0 1 0 1 0 1 0 0 0 0 1 1 0 1 0 0 1 1 
453 27 27109 0 1 1 1 1 0 1 1 1 1 1 0 1 1 1 0 0 0 0 1 1 0 0 1 1 1 1 
454 27 9848 1 0 0 0 0 0 0 0 0 0 0 1 0 0 0 0 0 0 1 0 0 0 1 0 1 0 1 
455 27 27421 1 1 1 0 1 1 0 1 1 1 1 1 1 1 1 1 1 0 1 0 0 1 1 1 1 1 1 
456 27 12844 0 0 0 0 0 0 0 0 1 0 1 1 0 1 0 1 0 0 1 1 1 0 0 1 0 0 0 
457 27 28789 0 0 1 0 1 1 0 0 1 1 1 0 0 1 1 0 1 1 1 0 1 1 0 1 1 0 1 
458 27 23862 1 1 1 1 1 1 0 1 1 1 1 1 1 0 1 1 1 1 1 0 1 0 1 1 1 0 1 
459 27 10888 0 0 0 0 0 0 1 1 0 0 0 1 0 0 1 0 0 0 0 0 0 0 1 1 1 0 0 
460 27 15788 0 0 1 0 1 0 1 1 0 0 0 1 1 0 1 0 0 0 0 0 1 0 0 0 0 0 0 
461 27 17353 0 0 0 1 1 1 0 1 0 1 0 1 0 0 0 1 1 0 0 0 0 0 0 1 0 0 1 
462 27 38298 1 1 1 1 1 1 1 1 1 1 1 1 1 1 0 0 1 1 1 1 1 1 1 1 1 1 0 
463 27 15233 0 1 0 0 1 0 1 1 0 0 0 0 1 0 0 1 0 0 1 0 1 0 0 1 0 1 0 
464 27 14524 0 0 0 0 0 0 1 0 1 1 1 0 1 0 0 0 1 0 1 1 0 0 1 1 0 0 0 
465 27 29907 1 0 1 1 1 0 0 1 1 1 1 0 1 1 0 1 1 1 1 1 1 1 1 1 1 1 1 
466 27 29729 0 1 1 0 0 0 0 1 1 1 1 1 1 1 1 1 0 0 1 0 1 1 1 0 1 0 1 
467 27 30871 1 1 1 1 1 1 1 1 1 1 1 1 1 1 1 1 1 0 1 1 1 1 1 1 1 1 1 
468 27 33616 1 1 0 1 1 1 1 0 1 1 1 1 1 1 1 1 1 1 1 1 1 1 1 1 1 1 1 
469 27 8850 0 0 0 0 0 0 0 1 0 0 0 1 0 0 1 0 0 0 0 1 1 0 0 0 0 0 0 
470 27 25742 1 0 1 1 1 1 0 1 1 0 1 1 1 0 1 1 0 1 1 0 0 1 1 1 0 0 0 
471 27 11963 1 0 1 1 0 0 0 0 0 0 0 1 1 1 0 0 1 0 0 0 0 0 1 0 0 1 0 
472 27 13575 0 0 0 1 1 0 1 1 0 0 0 0 0 1 0 0 1 0 0 1 0 0 0 1 0 0 0 
473 27 27064 1 1 1 1 1 1 1 1 1 1 1 1 1 1 0 1 1 1 1 1 1 1 1 1 1 1 1 
474 27 28479 1 1 1 1 1 1 1 1 1 0 0 1 1 1 1 1 1 1 1 1 0 1 0 1 1 1 1 
475 27 26378 0 0 0 0 1 1 1 1 1 0 1 1 0 0 1 0 0 0 1 1 0 1 1 1 1 1 1 
476 27 20732 1 0 1 1 0 0 0 0 1 1 1 0 0 0 1 1 0 1 0 0 0 1 0 1 0 0 1 
477 27 32069 1 1 1 0 1 1 1 1 1 1 1 1 1 1 1 1 1 1 1 1 1 1 1 1 0 0 1 
478 27 26352 0 1 1 1 0 1 1 1 0 0 0 1 1 1 1 1 1 1 1 1 1 1 1 0 1 1 1 
479 27 8132 0 0 1 0 0 0 0 1 0 0 0 0 1 0 1 1 0 0 0 0 0 0 0 0 0 0 0 
480 27 34664 0 1 1 1 1 0 1 1 1 1 1 1 1 1 1 1 1 1 1 1 1 0 1 1 1 1 1 
481 27 21184 0 1 1 1 0 1 1 1 1 0 0 1 0 0 0 1 0 1 1 0 1 0 1 0 0 0 1 
482 27 32554 1 1 1 1 1 1 1 1 1 1 1 1 1 1 1 1 1 1 1 0 1 1 1 1 1 1 1 
483 27 24603 1 1 1 1 1 1 1 1 1 0 1 0 0 0 1 0 1 1 1 1 0 0 1 1 1 0 1 
484 27 31544 1 1 0 1 0 1 1 1 1 1 1 1 0 0 1 0 1 1 1 1 1 1 1 1 1 1 1 
485 27 34470 1 0 1 1 1 1 1 1 1 1 1 1 1 1 1 1 1 1 1 1 1 1 1 1 0 1 1 
486 27 23851 1 1 0 0 0 1 0 1 1 1 1 0 1 1 1 0 1 1 1 0 0 0 0 0 0 1 1 
487 27 22866 0 1 0 0 0 1 1 1 0 1 0 0 0 1 0 1 1 0 0 1 1 1 1 0 0 1 1 
488 27 18569 0 0 0 0 0 0 1 0 0 0 1 0 0 1 1 1 1 1 0 0 1 0 0 1 0 1 1 
489 27 13246 0 0 0 1 1 1 0 0 0 1 0 1 1 1 0 1 0 0 0 0 0 0 0 0 1 0 0 
490 27 15869 0 1 0 1 1 0 1 0 1 0 0 0 0 0 0 1 1 0 1 0 0 0 1 0 0 0 0 
491 27 37018 1 1 1 1 1 1 1 1 1 1 1 1 1 1 1 0 1 1 1 1 1 1 1 1 1 1 1 
492 27 16128 1 0 1 1 0 0 0 0 0 0 0 1 0 0 0 0 1 1 0 1 1 0 0 0 0 1 0 
493 27 31090 1 1 1 1 1 0 0 1 1 0 0 1 1 1 1 1 1 1 1 1 1 1 1 1 1 1 1 
494 27 34652 1 1 1 1 0 1 1 1 1 1 1 1 1 1 1 1 1 0 1 1 0 1 1 1 0 1 1 
495 27 29885 0 1 0 1 0 1 0 1 0 1 1 1 1 0 1 0 1 1 1 1 0 1 0 1 0 1 1 
496 27 16737 1 1 0 0 0 1 1 0 1 0 0 0 0 0 1 0 0 1 1 0 0 0 0 0 1 0 0 
497 27 32390 1 1 1 1 1 1 0 1 1 1 1 1 1 1 1 1 1 1 1 1 1 1 1 1 1 1 1 
498 27 22669 1 1 1 1 1 0 0 0 0 0 0 0 0 1 0 1 1 1 0 1 1 0 1 1 1 1 1 
499 27 15839 0 1 0 1 0 0 0 0 0 0 0 1 0 0 1 0 1 1 1 0 0 0 0 1 1 0 0 
500 27 14466 0 0 1 1 0 0 1 0 1 0 0 0 1 1 0 0 0 1 0 1 1 1 0 0 0 1 0 
